Frame Number, Queue Density, Dynamic Density
1, 0.00811728, 0.000208333
2, 0.0169961, 0.00345486
3, 0.0263873, 0.00871412
4, 0.0365147, 0.0161717
5, 0.046527, 0.0239201
6, 0.0568912, 0.03213
7, 0.0674853, 0.0410251
8, 0.0784514, 0.0502431
9, 0.0894977, 0.0596211
10, 0.100925, 0.069738
11, 0.104343, 0.079816
12, 0.107586, 0.0874005
13, 0.110816, 0.0933171
14, 0.113577, 0.096767
15, 0.11671, 0.0999707
16, 0.119775, 0.102335
17, 0.122733, 0.103435
18, 0.12539, 0.103825
19, 0.128332, 0.104197
20, 0.130904, 0.103985
21, 0.133369, 0.10366
22, 0.135383, 0.102969
23, 0.136744, 0.102006
24, 0.137361, 0.10058
25, 0.138489, 0.0994645
26, 0.139785, 0.0982793
27, 0.141392, 0.0976265
28, 0.143353, 0.0973796
29, 0.145523, 0.0968457
30, 0.147823, 0.096233
31, 0.150164, 0.0949661
32, 0.152113, 0.0929506
33, 0.154326, 0.0905494
34, 0.156909, 0.0888503
35, 0.158838, 0.0869923
36, 0.160557, 0.0858086
37, 0.162248, 0.0850602
38, 0.163562, 0.0845154
39, 0.164662, 0.0835231
40, 0.166066, 0.0821111
41, 0.167474, 0.0809985
42, 0.170035, 0.0806481
43, 0.173573, 0.081213
44, 0.17792, 0.0824522
45, 0.182914, 0.0843626
46, 0.188347, 0.0869028
47, 0.193515, 0.0891281
48, 0.198605, 0.0922268
49, 0.203784, 0.0960077
50, 0.208397, 0.100375
51, 0.212543, 0.105512
52, 0.215535, 0.110802
53, 0.217398, 0.115415
54, 0.218762, 0.119881
55, 0.220241, 0.123282
56, 0.221523, 0.125373
57, 0.223069, 0.127285
58, 0.225343, 0.128739
59, 0.227488, 0.129844
60, 0.22954, 0.13198
61, 0.231978, 0.133318
62, 0.234963, 0.135039
63, 0.238108, 0.137157
64, 0.24127, 0.139273
65, 0.243975, 0.141887
66, 0.246512, 0.145262
67, 0.248793, 0.149034
68, 0.250594, 0.151319
69, 0.252287, 0.153656
70, 0.254228, 0.154738
71, 0.25608, 0.155775
72, 0.257926, 0.155304
73, 0.259208, 0.154875
74, 0.260403, 0.153625
75, 0.260927, 0.151517
76, 0.261009, 0.148881
77, 0.260917, 0.145677
78, 0.260488, 0.142512
79, 0.259332, 0.13933
80, 0.257927, 0.135323
81, 0.256596, 0.129711
82, 0.254921, 0.124727
83, 0.253616, 0.118673
84, 0.252025, 0.112546
85, 0.250687, 0.107485
86, 0.249231, 0.10273
87, 0.247765, 0.0981003
88, 0.246392, 0.0941296
89, 0.245309, 0.0899259
90, 0.244335, 0.0862191
91, 0.24336, 0.0840324
92, 0.242295, 0.0815679
93, 0.241198, 0.0785957
94, 0.240242, 0.0757137
95, 0.239174, 0.0721188
96, 0.238432, 0.0680725
97, 0.23771, 0.0638565
98, 0.23744, 0.0607284
99, 0.237491, 0.0576806
100, 0.237423, 0.054821
101, 0.237289, 0.0523194
102, 0.237424, 0.04975
103, 0.237608, 0.0482716
104, 0.237738, 0.0467415
105, 0.238036, 0.0451219
106, 0.238205, 0.0422778
107, 0.238232, 0.0394684
108, 0.237989, 0.0355571
109, 0.23765, 0.0319198
110, 0.237424, 0.0296327
111, 0.237278, 0.0272855
112, 0.237114, 0.0254753
113, 0.237096, 0.023625
114, 0.237048, 0.0221065
115, 0.237123, 0.0209367
116, 0.237358, 0.0211111
117, 0.237725, 0.0214884
118, 0.237992, 0.021571
119, 0.238141, 0.0216242
120, 0.238252, 0.0203889
121, 0.238161, 0.0193472
122, 0.238029, 0.0180949
123, 0.236944, 0.0175772
124, 0.236098, 0.0171736
125, 0.235202, 0.0169614
126, 0.234149, 0.0168742
127, 0.232952, 0.016716
128, 0.231723, 0.016615
129, 0.230717, 0.0164282
130, 0.229867, 0.0161319
131, 0.229226, 0.0154082
132, 0.22848, 0.0146142
133, 0.22858, 0.0131204
134, 0.228677, 0.0115787
135, 0.228478, 0.0109336
136, 0.228295, 0.0103765
137, 0.228498, 0.00989198
138, 0.228995, 0.00990586
139, 0.229958, 0.0107068
140, 0.231248, 0.01175
141, 0.233016, 0.0135208
142, 0.235347, 0.01625
143, 0.237852, 0.0188102
144, 0.240137, 0.0212832
145, 0.242222, 0.0224583
146, 0.244265, 0.0237917
147, 0.245855, 0.0254043
148, 0.24623, 0.0283086
149, 0.246358, 0.0307052
150, 0.24604, 0.0333565
151, 0.245215, 0.0354691
152, 0.243784, 0.0366867
153, 0.24211, 0.0379306
154, 0.240402, 0.0393094
155, 0.238912, 0.0407855
156, 0.237487, 0.0409437
157, 0.236256, 0.0407238
158, 0.235998, 0.0388549
159, 0.235204, 0.0366142
160, 0.2354, 0.0355278
161, 0.235602, 0.0343981
162, 0.235761, 0.0333256
163, 0.235966, 0.0326019
164, 0.236323, 0.0315988
165, 0.236974, 0.0306435
166, 0.237624, 0.0306011
167, 0.238315, 0.0304367
168, 0.238873, 0.0294259
169, 0.23964, 0.0286227
170, 0.239767, 0.0261929
171, 0.240253, 0.024338
172, 0.241157, 0.0227994
173, 0.24129, 0.0224738
174, 0.241661, 0.0224707
175, 0.24173, 0.0223534
176, 0.241756, 0.0224491
177, 0.241883, 0.0226636
178, 0.242179, 0.023983
179, 0.242558, 0.0256659
180, 0.24264, 0.0277238
181, 0.242475, 0.0288511
182, 0.242039, 0.0296991
183, 0.242434, 0.0291343
184, 0.242569, 0.0282994
185, 0.242231, 0.0282284
186, 0.242012, 0.0281327
187, 0.241802, 0.0283596
188, 0.241438, 0.0285802
189, 0.241022, 0.028608
190, 0.240605, 0.0283009
191, 0.240265, 0.0289267
192, 0.240227, 0.0298364
193, 0.240537, 0.0304336
194, 0.241143, 0.0313727
195, 0.242597, 0.031912
196, 0.244076, 0.0327022
197, 0.245744, 0.0337546
198, 0.247329, 0.0352948
199, 0.249161, 0.037034
200, 0.250883, 0.0391343
201, 0.25275, 0.0412747
202, 0.25514, 0.0438488
203, 0.25796, 0.0475339
204, 0.261271, 0.0519545
205, 0.265767, 0.0573256
206, 0.27113, 0.0628418
207, 0.277241, 0.0687114
208, 0.284475, 0.0748796
209, 0.292062, 0.0814892
210, 0.300943, 0.0911435
211, 0.310625, 0.100844
212, 0.320443, 0.110194
213, 0.330491, 0.119596
214, 0.340878, 0.128992
215, 0.350821, 0.137938
216, 0.360507, 0.146933
217, 0.370219, 0.155437
218, 0.37906, 0.161809
219, 0.387842, 0.167444
220, 0.395755, 0.170194
221, 0.402934, 0.172441
222, 0.409182, 0.174389
223, 0.413807, 0.17685
224, 0.417873, 0.178364
225, 0.4214, 0.178948
226, 0.42439, 0.179252
227, 0.427046, 0.179093
228, 0.429784, 0.179846
229, 0.432292, 0.18036
230, 0.434773, 0.180441
231, 0.437079, 0.179687
232, 0.439442, 0.179147
233, 0.442329, 0.177177
234, 0.444429, 0.174519
235, 0.446573, 0.173306
236, 0.448949, 0.171813
237, 0.450665, 0.169924
238, 0.45223, 0.168526
239, 0.453375, 0.167105
240, 0.454605, 0.164917
241, 0.455739, 0.163503
242, 0.456967, 0.161593
243, 0.458241, 0.15758
244, 0.459544, 0.15438
245, 0.460384, 0.149761
246, 0.460948, 0.144451
247, 0.46171, 0.139488
248, 0.462168, 0.136412
249, 0.462867, 0.133241
250, 0.464252, 0.131261
251, 0.466042, 0.130143
252, 0.468258, 0.129353
253, 0.471651, 0.131447
254, 0.475828, 0.133661
255, 0.480553, 0.135785
256, 0.485776, 0.134158
257, 0.490871, 0.132345
258, 0.496309, 0.127668
259, 0.50205, 0.122579
260, 0.507465, 0.12112
261, 0.512937, 0.118022
262, 0.51792, 0.115269
263, 0.521761, 0.112179
264, 0.52504, 0.108383
265, 0.528008, 0.104142
266, 0.530805, 0.105007
267, 0.533285, 0.106647
268, 0.535438, 0.108166
269, 0.537446, 0.110634
270, 0.538932, 0.108506
271, 0.540065, 0.107239
272, 0.541353, 0.105446
273, 0.540289, 0.106451
274, 0.539125, 0.107903
275, 0.537627, 0.110366
276, 0.535742, 0.112052
277, 0.534137, 0.113144
278, 0.532598, 0.115447
279, 0.530927, 0.11736
280, 0.528566, 0.12006
281, 0.526246, 0.120203
282, 0.523361, 0.121602
283, 0.522843, 0.122225
284, 0.522253, 0.123593
285, 0.52217, 0.129079
286, 0.522529, 0.135647
287, 0.523127, 0.142485
288, 0.52427, 0.149082
289, 0.525262, 0.155802
290, 0.527699, 0.161765
291, 0.530052, 0.169265
292, 0.53289, 0.175048
293, 0.535963, 0.171821
294, 0.539587, 0.165962
295, 0.54281, 0.154884
296, 0.545211, 0.142176
297, 0.547715, 0.129154
298, 0.548444, 0.119645
299, 0.549249, 0.110256
300, 0.549668, 0.100664
301, 0.549897, 0.0923673
302, 0.550117, 0.0847778
303, 0.550245, 0.0835772
304, 0.551118, 0.0846829
305, 0.552182, 0.0858904
306, 0.554424, 0.0862662
307, 0.556904, 0.0871836
308, 0.561029, 0.084696
309, 0.565583, 0.0820988
310, 0.570287, 0.0826188
311, 0.575366, 0.0828858
312, 0.580367, 0.0831883
313, 0.585429, 0.0841034
314, 0.589269, 0.0846898
315, 0.593174, 0.0861991
316, 0.596683, 0.089456
317, 0.599512, 0.0923395
318, 0.602221, 0.0932855
319, 0.604297, 0.0943449
320, 0.60556, 0.092679
321, 0.606673, 0.0906975
322, 0.607673, 0.0887515
323, 0.609253, 0.0891698
324, 0.611173, 0.088767
325, 0.612988, 0.0880941
326, 0.614272, 0.0870108
327, 0.61563, 0.0856296
328, 0.617136, 0.085841
329, 0.619027, 0.0859437
330, 0.620994, 0.0859105
331, 0.622791, 0.0854869
332, 0.624582, 0.0851744
333, 0.625693, 0.0819028
334, 0.626633, 0.0795679
335, 0.626361, 0.0792778
336, 0.626427, 0.079196
337, 0.626676, 0.0797701
338, 0.626983, 0.080517
339, 0.627384, 0.0812932
340, 0.627997, 0.0825324
341, 0.62891, 0.0844159
342, 0.630284, 0.0859954
343, 0.631405, 0.0866119
344, 0.632509, 0.0867161
345, 0.634681, 0.0844059
346, 0.636702, 0.0822901
347, 0.638583, 0.0797068
348, 0.638949, 0.0796713
349, 0.639292, 0.0794306
350, 0.639469, 0.0786852
351, 0.63948, 0.0781096
352, 0.639073, 0.0774491
353, 0.639069, 0.0778943
354, 0.638863, 0.0781374
355, 0.638749, 0.0787662
356, 0.638684, 0.0779892
357, 0.638478, 0.0771821
358, 0.639657, 0.0742639
359, 0.640579, 0.071787
360, 0.640397, 0.0731265
361, 0.640179, 0.0741374
362, 0.64009, 0.0745849
363, 0.639928, 0.0746065
364, 0.639758, 0.0742778
365, 0.639819, 0.0734143
366, 0.639901, 0.0733179
367, 0.640345, 0.0734394
368, 0.640581, 0.0709117
369, 0.640964, 0.0676269
370, 0.642634, 0.060762
371, 0.644184, 0.0538962
372, 0.645397, 0.0470976
373, 0.644826, 0.0431439
374, 0.64491, 0.0400073
375, 0.644129, 0.0365108
376, 0.642348, 0.0332785
377, 0.640582, 0.029485
378, 0.63866, 0.0278576
379, 0.636414, 0.0267689
380, 0.634266, 0.0260968
381, 0.632074, 0.024765
382, 0.629741, 0.0243727
383, 0.628751, 0.0217994
384, 0.627594, 0.0188958
385, 0.628688, 0.0194344
386, 0.630417, 0.0199028
387, 0.631585, 0.0207485
388, 0.633183, 0.0214201
389, 0.63535, 0.0219136
390, 0.637363, 0.0216285
391, 0.639668, 0.0224356
392, 0.642418, 0.0227855
393, 0.645074, 0.0221875
394, 0.64727, 0.0222388
395, 0.647869, 0.0199163
396, 0.649467, 0.018375
397, 0.65191, 0.0172211
398, 0.650906, 0.017429
399, 0.650231, 0.018032
400, 0.649892, 0.0198951
401, 0.649559, 0.0218684
402, 0.649052, 0.0240995
403, 0.649578, 0.0277118
404, 0.650569, 0.031169
405, 0.651478, 0.0341995
406, 0.65147, 0.0361373
407, 0.651232, 0.0381161
408, 0.654182, 0.0388484
409, 0.656623, 0.0394606
410, 0.658595, 0.0415694
411, 0.66024, 0.0433495
412, 0.662234, 0.0448476
413, 0.663454, 0.0456481
414, 0.664644, 0.045963
415, 0.66595, 0.0461883
416, 0.667638, 0.0468036
417, 0.668986, 0.0467473
418, 0.670411, 0.0452874
419, 0.671564, 0.0436829
420, 0.672961, 0.039831
421, 0.674904, 0.0358715
422, 0.676711, 0.0316894
423, 0.677911, 0.0288067
424, 0.6788, 0.0264194
425, 0.679769, 0.0241856
426, 0.680448, 0.0222948
427, 0.680982, 0.0207762
428, 0.681669, 0.0206443
429, 0.682469, 0.0203094
430, 0.683113, 0.0202315
431, 0.683416, 0.0200903
432, 0.683959, 0.0203009
433, 0.684945, 0.019466
434, 0.68585, 0.0187238
435, 0.685309, 0.0187801
436, 0.684856, 0.018929
437, 0.684474, 0.0190278
438, 0.683844, 0.0193287
439, 0.683212, 0.0201682
440, 0.680957, 0.0212423
441, 0.678573, 0.0222878
442, 0.675769, 0.023233
443, 0.673665, 0.0240586
444, 0.671218, 0.0248133
445, 0.670463, 0.0245301
446, 0.669674, 0.0240972
447, 0.669032, 0.0238364
448, 0.668335, 0.0230185
449, 0.667567, 0.0220934
450, 0.668452, 0.0208904
451, 0.669858, 0.020088
452, 0.671232, 0.0193102
453, 0.674058, 0.0190548
454, 0.677345, 0.0185147
455, 0.680044, 0.0184113
456, 0.682716, 0.0182569
457, 0.685164, 0.0179174
458, 0.687423, 0.0182693
459, 0.689765, 0.0184429
460, 0.691749, 0.0184282
461, 0.693405, 0.0181343
462, 0.695331, 0.0180193
463, 0.695645, 0.0175316
464, 0.695766, 0.017169
465, 0.692641, 0.017206
466, 0.689815, 0.0169498
467, 0.687518, 0.0166103
468, 0.685422, 0.0157415
469, 0.683569, 0.0153387
470, 0.682327, 0.0150687
471, 0.681293, 0.0148542
472, 0.679889, 0.0145972
473, 0.678374, 0.0141505
474, 0.676988, 0.0137114
475, 0.679051, 0.0128588
476, 0.680742, 0.0125378
477, 0.681698, 0.0127986
478, 0.683233, 0.0142176
479, 0.684024, 0.0151389
480, 0.684836, 0.0161343
481, 0.685654, 0.0169545
482, 0.686377, 0.0177461
483, 0.687093, 0.0185683
484, 0.687825, 0.019363
485, 0.688394, 0.0203692
486, 0.689144, 0.0210359
487, 0.690419, 0.021615
488, 0.691385, 0.0210293
489, 0.69281, 0.0205648
490, 0.692812, 0.0206782
491, 0.692845, 0.020787
492, 0.693096, 0.0208704
493, 0.69326, 0.02112
494, 0.692982, 0.02138
495, 0.693199, 0.0215201
496, 0.693153, 0.0217539
497, 0.693409, 0.0218322
498, 0.693825, 0.0221408
499, 0.694066, 0.0224167
500, 0.695266, 0.0218171
501, 0.694237, 0.0214907
502, 0.69315, 0.0211119
503, 0.692021, 0.0209213
504, 0.691316, 0.0205856
505, 0.690703, 0.0201555
506, 0.68823, 0.0208607
507, 0.685574, 0.0216177
508, 0.68242, 0.0225336
509, 0.679211, 0.0233634
510, 0.676187, 0.0241682
511, 0.675229, 0.0249329
512, 0.674564, 0.0258341
513, 0.673877, 0.0263873
514, 0.673287, 0.0260023
515, 0.672343, 0.0258349
516, 0.673862, 0.024588
517, 0.674857, 0.0231836
518, 0.676131, 0.0226836
519, 0.677759, 0.0220679
520, 0.6795, 0.0214907
521, 0.681114, 0.020966
522, 0.682633, 0.0204136
523, 0.684354, 0.0201404
524, 0.686032, 0.0211968
525, 0.687645, 0.0222068
526, 0.688917, 0.0230517
527, 0.69041, 0.0237932
528, 0.691616, 0.0238009
529, 0.692422, 0.0236836
530, 0.693125, 0.0236435
531, 0.692695, 0.0243025
532, 0.691957, 0.0249244
533, 0.691344, 0.0252037
534, 0.690524, 0.0248349
535, 0.689402, 0.0242793
536, 0.688502, 0.0238171
537, 0.687454, 0.0233287
538, 0.68675, 0.0226404
539, 0.686041, 0.0221366
540, 0.68585, 0.0216312
541, 0.686995, 0.0204136
542, 0.688257, 0.0192191
543, 0.688067, 0.0186944
544, 0.688394, 0.0186775
545, 0.688615, 0.0188997
546, 0.688343, 0.0190386
547, 0.688252, 0.0191883
548, 0.687925, 0.0194815
549, 0.688035, 0.0199066
550, 0.687243, 0.0204661
551, 0.686326, 0.0210108
552, 0.685491, 0.0216721
553, 0.685619, 0.0218009
554, 0.685362, 0.021875
555, 0.685386, 0.0217608
556, 0.684949, 0.022196
557, 0.68462, 0.022679
558, 0.68441, 0.0230586
559, 0.684047, 0.0234321
560, 0.684142, 0.0236775
561, 0.683968, 0.0239583
562, 0.683971, 0.0239113
563, 0.684333, 0.0238086
564, 0.684406, 0.023939
565, 0.684939, 0.0238272
566, 0.685881, 0.023963
567, 0.686612, 0.0240941
568, 0.685493, 0.0242022
569, 0.684326, 0.024409
570, 0.683327, 0.0247716
571, 0.682472, 0.0249707
572, 0.68137, 0.0252377
573, 0.680272, 0.0256435
574, 0.679777, 0.0261582
575, 0.678441, 0.0270509
576, 0.677711, 0.0264869
577, 0.677019, 0.0255741
578, 0.677714, 0.0247593
579, 0.678311, 0.0238565
580, 0.678834, 0.0231821
581, 0.6797, 0.0233102
582, 0.680669, 0.0240231
583, 0.681321, 0.024517
584, 0.681602, 0.0242068
585, 0.682547, 0.0235725
586, 0.683231, 0.0238248
587, 0.683648, 0.0242747
588, 0.684657, 0.0249877
589, 0.685704, 0.0254483
590, 0.686981, 0.0257793
591, 0.68768, 0.025162
592, 0.688618, 0.0241698
593, 0.688259, 0.0244892
594, 0.688252, 0.0252562
595, 0.687958, 0.0259213
596, 0.687365, 0.0263472
597, 0.68739, 0.0267832
598, 0.686941, 0.0266227
599, 0.686733, 0.0265255
600, 0.686276, 0.0262932
601, 0.685907, 0.0260112
602, 0.685234, 0.0254904
603, 0.685657, 0.0234718
604, 0.685774, 0.0214672
605, 0.686134, 0.0196647
606, 0.686384, 0.0185907
607, 0.686174, 0.0176752
608, 0.68616, 0.0169306
609, 0.685948, 0.0161821
610, 0.685733, 0.0152778
611, 0.685699, 0.0146412
612, 0.685814, 0.0139815
613, 0.686145, 0.0136512
614, 0.686771, 0.0133048
615, 0.687392, 0.0130818
616, 0.688124, 0.0125066
617, 0.688624, 0.0122311
618, 0.690778, 0.0131084
619, 0.692569, 0.0141478
620, 0.694498, 0.0156863
621, 0.696322, 0.0170941
622, 0.698487, 0.0186227
623, 0.700078, 0.0201825
624, 0.701618, 0.0217072
625, 0.702914, 0.0232581
626, 0.703236, 0.0239637
627, 0.703821, 0.0243785
628, 0.703051, 0.0236809
629, 0.703158, 0.0230517
630, 0.703207, 0.0222103
631, 0.702089, 0.0225606
632, 0.700546, 0.0226362
633, 0.699444, 0.0226084
634, 0.69794, 0.0224826
635, 0.697168, 0.0222284
636, 0.697756, 0.0227265
637, 0.698511, 0.0229664
638, 0.698628, 0.0232627
639, 0.697684, 0.0231636
640, 0.696209, 0.0229248
641, 0.695451, 0.0218121
642, 0.694517, 0.0210502
643, 0.693055, 0.0209456
644, 0.691913, 0.0209626
645, 0.690197, 0.020875
646, 0.688429, 0.0206092
647, 0.686638, 0.0208468
648, 0.685299, 0.0210185
649, 0.684394, 0.0213642
650, 0.683635, 0.0218025
651, 0.683402, 0.0217041
652, 0.683248, 0.0216971
653, 0.683584, 0.0209942
654, 0.684178, 0.0204965
655, 0.684664, 0.0203256
656, 0.684697, 0.0209375
657, 0.684879, 0.0212562
658, 0.685068, 0.0214819
659, 0.685667, 0.021615
660, 0.686494, 0.0217025
661, 0.687698, 0.0221204
662, 0.688899, 0.0220899
663, 0.690556, 0.0222882
664, 0.691868, 0.0216431
665, 0.692944, 0.0205833
666, 0.694121, 0.0188839
667, 0.69516, 0.0170775
668, 0.693583, 0.0168391
669, 0.691877, 0.0172114
670, 0.689751, 0.0176015
671, 0.687494, 0.0181231
672, 0.685216, 0.0188877
673, 0.682444, 0.0194834
674, 0.679691, 0.0210112
675, 0.677491, 0.0229109
676, 0.675637, 0.0244336
677, 0.673627, 0.0264151
678, 0.674235, 0.0274853
679, 0.674691, 0.028554
680, 0.675363, 0.0296759
681, 0.674642, 0.031814
682, 0.674364, 0.0338426
683, 0.674485, 0.0360965
684, 0.674524, 0.0380779
685, 0.674478, 0.0399637
686, 0.673802, 0.0419321
687, 0.67316, 0.0435301
688, 0.672628, 0.0448434
689, 0.67215, 0.0453372
690, 0.671628, 0.0453858
691, 0.672373, 0.0442122
692, 0.672402, 0.043179
693, 0.673375, 0.0428777
694, 0.674841, 0.0424556
695, 0.676029, 0.0420112
696, 0.678121, 0.0414572
697, 0.680149, 0.0410328
698, 0.682321, 0.0405899
699, 0.684349, 0.0408418
700, 0.686781, 0.0414105
701, 0.688953, 0.0412134
702, 0.691588, 0.041086
703, 0.693347, 0.0396397
704, 0.694918, 0.0385139
705, 0.696345, 0.0373341
706, 0.695074, 0.0383515
707, 0.694185, 0.0393839
708, 0.692821, 0.0399144
709, 0.691727, 0.0404062
710, 0.690372, 0.0411632
711, 0.689118, 0.0429761
712, 0.688063, 0.0450702
713, 0.687228, 0.0483642
714, 0.68628, 0.0515926
715, 0.685982, 0.055402
716, 0.688669, 0.0586555
717, 0.691505, 0.0624387
718, 0.694605, 0.0695478
719, 0.697914, 0.0775795
720, 0.701445, 0.0862917
721, 0.705703, 0.0964514
722, 0.710611, 0.107947
723, 0.715373, 0.120044
724, 0.719913, 0.132742
725, 0.724149, 0.146701
726, 0.728147, 0.158321
727, 0.732252, 0.170326
728, 0.736946, 0.180654
729, 0.741639, 0.191643
730, 0.746128, 0.202135
731, 0.747392, 0.213828
732, 0.747211, 0.224552
733, 0.746752, 0.236336
734, 0.746811, 0.251037
735, 0.746875, 0.266813
736, 0.747463, 0.285673
737, 0.74817, 0.30625
738, 0.747722, 0.327542
739, 0.747525, 0.345294
740, 0.747517, 0.363776
741, 0.749717, 0.379695
742, 0.752904, 0.396627
743, 0.756529, 0.413804
744, 0.758951, 0.428032
745, 0.761477, 0.438644
746, 0.762563, 0.448589
747, 0.763286, 0.456226
748, 0.763382, 0.462778
749, 0.763223, 0.472289
750, 0.760679, 0.481779
751, 0.754838, 0.4886
752, 0.74859, 0.495047
753, 0.742444, 0.499264
754, 0.737025, 0.502623
755, 0.731091, 0.506951
756, 0.726129, 0.510582
757, 0.720385, 0.513392
758, 0.714653, 0.516233
759, 0.707483, 0.516595
760, 0.701842, 0.514759
761, 0.69631, 0.515656
762, 0.689262, 0.514721
763, 0.681223, 0.512951
764, 0.673187, 0.510847
765, 0.665661, 0.508841
766, 0.656912, 0.506415
767, 0.648418, 0.504978
768, 0.64168, 0.504145
769, 0.637065, 0.503719
770, 0.632723, 0.504877
771, 0.631798, 0.506295
772, 0.632257, 0.506645
773, 0.632345, 0.508721
774, 0.632107, 0.51314
775, 0.63024, 0.51758
776, 0.62873, 0.522248
777, 0.62687, 0.526921
778, 0.623854, 0.529209
779, 0.619096, 0.533166
780, 0.614609, 0.536907
781, 0.608681, 0.538779
782, 0.60258, 0.542853
783, 0.597431, 0.545234
784, 0.592155, 0.544571
785, 0.587358, 0.545065
786, 0.583649, 0.545022
787, 0.581238, 0.544782
788, 0.57963, 0.546726
789, 0.579743, 0.547313
790, 0.580706, 0.547623
791, 0.582948, 0.551095
792, 0.585029, 0.554639
793, 0.581939, 0.559892
794, 0.579594, 0.568142
795, 0.578738, 0.576626
796, 0.577572, 0.577572
797, 0.576149, 0.576149
798, 0.575493, 0.575493
799, 0.574253, 0.574253
800, 0.572957, 0.572957
801, 0.570968, 0.570968
802, 0.570702, 0.570702
803, 0.576929, 0.576929
804, 0.583143, 0.583143
805, 0.589333, 0.589333
806, 0.593514, 0.593514
807, 0.597965, 0.597965
808, 0.601424, 0.601424
809, 0.602818, 0.602818
810, 0.604179, 0.604179
811, 0.606621, 0.606621
812, 0.607527, 0.607527
813, 0.606613, 0.606613
814, 0.605606, 0.605606
815, 0.604235, 0.604235
816, 0.605818, 0.605818
817, 0.607552, 0.607552
818, 0.609122, 0.609122
819, 0.61219, 0.61219
820, 0.61502, 0.61502
821, 0.617591, 0.617591
822, 0.618759, 0.618759
823, 0.620803, 0.620803
824, 0.62166, 0.62166
825, 0.621787, 0.621787
826, 0.620828, 0.620828
827, 0.618748, 0.618748
828, 0.615893, 0.615893
829, 0.613552, 0.613552
830, 0.610999, 0.610999
831, 0.606968, 0.606968
832, 0.606222, 0.606222
833, 0.605532, 0.605532
834, 0.606855, 0.6046
835, 0.609083, 0.602266
836, 0.611114, 0.601347
837, 0.613299, 0.60097
838, 0.616508, 0.601443
839, 0.618666, 0.602909
840, 0.621084, 0.604777
841, 0.626153, 0.606164
842, 0.629747, 0.606801
843, 0.629198, 0.606972
844, 0.628329, 0.604879
845, 0.627728, 0.603348
846, 0.627308, 0.599938
847, 0.626975, 0.595603
848, 0.627115, 0.591615
849, 0.627691, 0.586747
850, 0.629098, 0.579034
851, 0.630313, 0.569711
852, 0.631811, 0.560087
853, 0.636815, 0.550489
854, 0.641524, 0.543664
855, 0.645673, 0.5361
856, 0.65347, 0.527348
857, 0.661147, 0.520082
858, 0.666994, 0.511828
859, 0.671995, 0.503615
860, 0.673699, 0.498401
861, 0.673755, 0.49606
862, 0.672119, 0.49315
863, 0.670228, 0.49188
864, 0.667171, 0.490606
865, 0.663025, 0.489086
866, 0.652343, 0.491191
867, 0.640298, 0.492737
868, 0.625399, 0.492424
869, 0.611132, 0.492768
870, 0.598043, 0.491674
871, 0.584243, 0.48853
872, 0.570301, 0.487117
873, 0.55597, 0.482831
874, 0.540788, 0.475945
875, 0.524572, 0.469875
876, 0.510556, 0.460615
877, 0.497232, 0.451769
878, 0.487558, 0.446411
879, 0.478137, 0.441826
880, 0.469921, 0.438264
881, 0.463622, 0.439059
882, 0.458541, 0.438086
883, 0.454256, 0.438242
884, 0.45197, 0.439395
885, 0.451981, 0.439867
886, 0.452428, 0.44247
887, 0.453128, 0.44689
888, 0.453965, 0.45015
889, 0.454272, 0.451257
890, 0.453588, 0.451952
891, 0.452626, 0.449795
892, 0.450924, 0.448241
893, 0.446237, 0.445324
894, 0.441213, 0.441213
895, 0.435342, 0.435342
896, 0.429205, 0.429205
897, 0.423409, 0.423409
898, 0.416978, 0.416978
899, 0.411605, 0.411605
900, 0.407027, 0.407027
901, 0.402255, 0.402255
902, 0.397369, 0.397369
903, 0.394787, 0.394787
904, 0.390636, 0.390636
905, 0.385601, 0.385601
906, 0.378772, 0.378772
907, 0.371316, 0.371316
908, 0.363612, 0.363612
909, 0.354931, 0.354931
910, 0.345658, 0.345658
911, 0.334284, 0.334284
912, 0.324216, 0.324216
913, 0.315046, 0.315046
914, 0.307281, 0.307281
915, 0.300837, 0.300837
916, 0.295949, 0.295949
917, 0.290613, 0.290613
918, 0.282546, 0.282546
919, 0.274671, 0.274671
920, 0.265923, 0.265923
921, 0.25829, 0.25829
922, 0.250036, 0.250036
923, 0.239861, 0.239861
924, 0.229619, 0.229619
925, 0.21865, 0.21865
926, 0.207316, 0.207316
927, 0.197038, 0.197038
928, 0.190315, 0.190315
929, 0.183825, 0.183825
930, 0.177772, 0.177772
931, 0.171372, 0.171372
932, 0.164643, 0.164643
933, 0.159832, 0.159832
934, 0.155371, 0.155371
935, 0.152773, 0.152773
936, 0.151477, 0.151477
937, 0.150318, 0.150318
938, 0.151065, 0.151065
939, 0.154488, 0.154488
940, 0.160965, 0.160965
941, 0.171889, 0.171889
942, 0.185096, 0.185096
943, 0.197583, 0.197583
944, 0.213384, 0.213384
945, 0.230681, 0.230681
946, 0.249589, 0.249589
947, 0.271054, 0.271054
948, 0.291753, 0.291753
949, 0.31196, 0.31196
950, 0.3328, 0.3328
951, 0.352007, 0.352007
952, 0.369218, 0.369218
953, 0.388028, 0.388028
954, 0.403847, 0.403847
955, 0.417806, 0.417806
956, 0.429829, 0.429829
957, 0.438809, 0.438809
958, 0.445298, 0.445298
959, 0.448177, 0.448177
960, 0.446802, 0.446802
961, 0.44261, 0.44261
962, 0.43747, 0.43747
963, 0.429395, 0.429395
964, 0.420759, 0.420759
965, 0.409881, 0.409881
966, 0.397731, 0.397731
967, 0.38493, 0.38493
968, 0.36888, 0.36888
969, 0.353431, 0.353431
970, 0.338559, 0.338559
971, 0.323755, 0.323755
972, 0.309591, 0.309591
973, 0.297268, 0.297268
974, 0.285416, 0.285416
975, 0.273502, 0.273502
976, 0.261008, 0.261008
977, 0.24821, 0.24821
978, 0.239071, 0.239071
979, 0.22896, 0.22896
980, 0.217124, 0.217124
981, 0.203774, 0.203774
982, 0.189427, 0.189427
983, 0.173978, 0.173978
984, 0.15703, 0.15703
985, 0.140959, 0.140959
986, 0.12566, 0.12566
987, 0.110274, 0.110274
988, 0.0953198, 0.0953198
989, 0.0810054, 0.0810054
990, 0.0687319, 0.0687319
991, 0.0585, 0.0585
992, 0.0498283, 0.0498283
993, 0.0423156, 0.0423156
994, 0.0360532, 0.0360532
995, 0.0304051, 0.0304051
996, 0.0258356, 0.0258356
997, 0.0228329, 0.0228329
998, 0.0205868, 0.0205868
999, 0.0195459, 0.0195459
1000, 0.0194572, 0.0194572
1001, 0.0221856, 0.0221856
1002, 0.0272342, 0.0272342
1003, 0.0348538, 0.0348538
1004, 0.0448885, 0.0448885
1005, 0.0573218, 0.0551624
1006, 0.0725887, 0.0672203
1007, 0.0921451, 0.0840124
1008, 0.114699, 0.10427
1009, 0.140021, 0.125801
1010, 0.168111, 0.150535
1011, 0.196709, 0.175155
1012, 0.224638, 0.198175
1013, 0.251416, 0.222464
1014, 0.276448, 0.24573
1015, 0.300323, 0.268389
1016, 0.321851, 0.293206
1017, 0.339436, 0.316782
1018, 0.353845, 0.338188
1019, 0.363943, 0.35835
1020, 0.369421, 0.369421
1021, 0.371317, 0.371317
1022, 0.369048, 0.369048
1023, 0.363807, 0.363807
1024, 0.356801, 0.356801
1025, 0.347847, 0.347847
1026, 0.337075, 0.337075
1027, 0.324406, 0.324406
1028, 0.308718, 0.308718
1029, 0.293911, 0.293911
1030, 0.27885, 0.27885
1031, 0.263084, 0.263084
1032, 0.248909, 0.248909
1033, 0.234042, 0.234042
1034, 0.217981, 0.217981
1035, 0.201636, 0.201636
1036, 0.18438, 0.18438
1037, 0.166378, 0.166378
1038, 0.150511, 0.150511
1039, 0.134271, 0.134271
1040, 0.118529, 0.118529
1041, 0.103715, 0.103715
1042, 0.0892107, 0.0892107
1043, 0.0758758, 0.0758758
1044, 0.064735, 0.064735
1045, 0.0545154, 0.0545154
1046, 0.0463221, 0.0463221
1047, 0.0404834, 0.0404834
1048, 0.0357824, 0.0357824
1049, 0.0328742, 0.0328742
1050, 0.0318302, 0.0318302
1051, 0.0326211, 0.0326211
1052, 0.0357716, 0.0357716
1053, 0.0412184, 0.0412184
1054, 0.0478958, 0.0478958
1055, 0.0565941, 0.0565941
1056, 0.0662172, 0.0659109
1057, 0.0773846, 0.0735417
1058, 0.0904398, 0.0832056
1059, 0.104177, 0.0935679
1060, 0.118988, 0.104094
1061, 0.134807, 0.115611
1062, 0.149992, 0.12649
1063, 0.164985, 0.136711
1064, 0.180293, 0.148676
1065, 0.193385, 0.159426
1066, 0.205775, 0.170572
1067, 0.215939, 0.181438
1068, 0.225277, 0.192599
1069, 0.232609, 0.203383
1070, 0.23916, 0.215156
1071, 0.243643, 0.226821
1072, 0.247316, 0.236241
1073, 0.24941, 0.245679
1074, 0.24944, 0.24944
1075, 0.249988, 0.249988
1076, 0.248754, 0.248754
1077, 0.247374, 0.247374
1078, 0.245373, 0.245373
1079, 0.243591, 0.243591
1080, 0.239925, 0.239925
1081, 0.235277, 0.235277
1082, 0.231573, 0.231573
1083, 0.228637, 0.228637
1084, 0.224973, 0.224973
1085, 0.221404, 0.221404
1086, 0.219167, 0.219167
1087, 0.216557, 0.216557
1088, 0.212456, 0.212456
1089, 0.207454, 0.207454
1090, 0.202969, 0.202969
1091, 0.198474, 0.198474
1092, 0.191193, 0.191193
1093, 0.182078, 0.182078
1094, 0.172748, 0.172748
1095, 0.16247, 0.16247
1096, 0.151392, 0.151392
1097, 0.140001, 0.140001
1098, 0.128805, 0.128805
1099, 0.118199, 0.118199
1100, 0.106762, 0.106762
1101, 0.0957245, 0.0957245
1102, 0.0857207, 0.0857207
1103, 0.0761794, 0.0761794
1104, 0.0677458, 0.0677458
1105, 0.0596779, 0.0596779
1106, 0.0525513, 0.0525513
1107, 0.046235, 0.046235
1108, 0.0404938, 0.0404938
1109, 0.0347569, 0.0347569
1110, 0.0299213, 0.0299213
1111, 0.0260231, 0.0260231
1112, 0.0223619, 0.0223619
1113, 0.0197404, 0.0197404
1114, 0.0176254, 0.0176254
1115, 0.0159633, 0.0159633
1116, 0.0142843, 0.0142843
1117, 0.0131408, 0.0131408
1118, 0.0125355, 0.0125355
1119, 0.0127384, 0.0127384
1120, 0.0133225, 0.0133225
1121, 0.0133627, 0.0133627
1122, 0.0138395, 0.0138395
1123, 0.0144182, 0.0144182
1124, 0.0148881, 0.0143758
1125, 0.0154714, 0.0140351
1126, 0.0161906, 0.0135451
1127, 0.0170995, 0.0145536
1128, 0.018142, 0.0156586
1129, 0.0186281, 0.0163465
1130, 0.0192446, 0.0173233
1131, 0.0202774, 0.0186748
1132, 0.0211574, 0.0199954
1133, 0.0227978, 0.0221034
1134, 0.0254483, 0.0249973
1135, 0.0298819, 0.0297982
1136, 0.0354695, 0.0354695
1137, 0.0415864, 0.0409969
1138, 0.0474772, 0.047
1139, 0.0544981, 0.0530976
1140, 0.0608669, 0.0587662
1141, 0.0673241, 0.0649618
1142, 0.0745922, 0.0725058
1143, 0.0816092, 0.081451
1144, 0.087407, 0.087407
1145, 0.0915289, 0.0915289
1146, 0.0946844, 0.0946844
1147, 0.0971485, 0.0971485
1148, 0.099338, 0.099338
1149, 0.101195, 0.101195
1150, 0.104165, 0.104165
1151, 0.107364, 0.107364
1152, 0.109951, 0.109951
1153, 0.112517, 0.112517
1154, 0.114606, 0.114606
1155, 0.116997, 0.116997
1156, 0.118533, 0.118533
1157, 0.120687, 0.120687
1158, 0.122151, 0.122151
1159, 0.122149, 0.122149
1160, 0.12078, 0.12078
1161, 0.118587, 0.118587
1162, 0.115682, 0.115682
1163, 0.111468, 0.111468
1164, 0.10735, 0.10735
1165, 0.102469, 0.102469
1166, 0.0971651, 0.0971651
1167, 0.0911296, 0.0911296
1168, 0.085978, 0.085978
1169, 0.0809008, 0.0809008
1170, 0.075728, 0.075728
1171, 0.0706308, 0.0706308
1172, 0.065684, 0.065684
1173, 0.0615235, 0.0615235
1174, 0.0576146, 0.0576146
1175, 0.0537018, 0.0537018
1176, 0.0505386, 0.0505386
1177, 0.0472319, 0.0472319
1178, 0.0434282, 0.0434282
1179, 0.0403781, 0.0403781
1180, 0.0374529, 0.0374529
1181, 0.0343318, 0.0343318
1182, 0.0315926, 0.0315926
1183, 0.0290826, 0.0290826
1184, 0.0263927, 0.0263927
1185, 0.0239861, 0.0239861
1186, 0.0219649, 0.0219649
1187, 0.0201551, 0.0201551
1188, 0.0182647, 0.0182647
1189, 0.0173148, 0.0173148
1190, 0.017108, 0.017108
1191, 0.0172307, 0.0172307
1192, 0.0187029, 0.0187029
1193, 0.0212963, 0.0212963
1194, 0.0256929, 0.0256929
1195, 0.0294946, 0.0294946
1196, 0.0328711, 0.0328711
1197, 0.0360235, 0.0360235
1198, 0.0393422, 0.0393422
1199, 0.0407427, 0.0407427
1200, 0.0420127, 0.0420127
1201, 0.043235, 0.043235
1202, 0.0435305, 0.0435305
1203, 0.0425529, 0.0425529
1204, 0.0418661, 0.0418661
1205, 0.041299, 0.041299
1206, 0.0413592, 0.0413592
1207, 0.040963, 0.040963
1208, 0.041088, 0.041088
1209, 0.0423503, 0.0423503
1210, 0.0433094, 0.0433094
1211, 0.0437272, 0.0437272
1212, 0.0423831, 0.0423831
1213, 0.0405004, 0.0405004
1214, 0.0369587, 0.0369587
1215, 0.0336547, 0.0336547
1216, 0.0302697, 0.0302697
1217, 0.0291208, 0.0291208
1218, 0.0289055, 0.0289055
1219, 0.0293268, 0.0293268
1220, 0.0304518, 0.0304518
1221, 0.0324769, 0.0324769
1222, 0.0360633, 0.0360633
1223, 0.0402608, 0.0402608
1224, 0.0444691, 0.0444691
1225, 0.0490355, 0.0490355
1226, 0.0538966, 0.0538966
1227, 0.0573287, 0.0573287
1228, 0.0596775, 0.0596775
1229, 0.0620401, 0.0620401
1230, 0.0643009, 0.0643009
1231, 0.0666204, 0.0666204
1232, 0.0690324, 0.0690324
1233, 0.0707944, 0.0707944
1234, 0.0716146, 0.0716146
1235, 0.0714167, 0.0714167
1236, 0.0699861, 0.0699861
1237, 0.0680062, 0.0680062
1238, 0.0655529, 0.0655529
1239, 0.0626038, 0.0626038
1240, 0.0589032, 0.0589032
1241, 0.0543052, 0.0543052
1242, 0.0490212, 0.0490212
1243, 0.0441574, 0.0441574
1244, 0.0401767, 0.0401767
1245, 0.0371972, 0.0371972
1246, 0.0350251, 0.0350251
1247, 0.0336802, 0.0336802
1248, 0.0328881, 0.0328881
1249, 0.0321304, 0.0321304
1250, 0.031956, 0.031956
1251, 0.0324313, 0.0324313
1252, 0.0335872, 0.0335872
1253, 0.0348171, 0.0348171
1254, 0.0367114, 0.0367114
1255, 0.0394529, 0.0394529
1256, 0.0436674, 0.0436674
1257, 0.0484252, 0.0484252
1258, 0.0531663, 0.0531663
1259, 0.0573592, 0.0569834
1260, 0.0613522, 0.0611671
1261, 0.0653353, 0.0649263
1262, 0.0691076, 0.068924
1263, 0.0728484, 0.0728484
1264, 0.0754603, 0.0754603
1265, 0.0770583, 0.0770583
1266, 0.0777303, 0.0777303
1267, 0.0769332, 0.0769332
1268, 0.0765833, 0.0765833
1269, 0.0764545, 0.0764545
1270, 0.0766813, 0.0766813
1271, 0.0769807, 0.0769807
1272, 0.0775147, 0.0775147
1273, 0.0785093, 0.0785093
1274, 0.0798742, 0.0798742
1275, 0.0804954, 0.0804954
1276, 0.0806165, 0.0806165
1277, 0.0809113, 0.0809113
1278, 0.080245, 0.080245
1279, 0.0793854, 0.0793854
1280, 0.0786362, 0.0786362
1281, 0.0759942, 0.0759942
1282, 0.0715382, 0.0715382
1283, 0.0658113, 0.0658113
1284, 0.0598414, 0.0598414
1285, 0.0541242, 0.0541242
1286, 0.0478657, 0.0478657
1287, 0.0418951, 0.0418951
1288, 0.0361208, 0.0361208
1289, 0.0307095, 0.0307095
1290, 0.0249101, 0.0249101
1291, 0.0208916, 0.0208916
1292, 0.0183399, 0.0183399
1293, 0.0166146, 0.0166146
1294, 0.0152002, 0.0152002
1295, 0.0142739, 0.0142739
1296, 0.0138187, 0.0138187
1297, 0.0136011, 0.0136011
1298, 0.0135324, 0.0121775
1299, 0.0135671, 0.00841358
1300, 0.0135833, 0.00572145
1301, 0.0136003, 0.00410224
1302, 0.0136258, 0.00314429
1303, 0.0136127, 0.00227855
1304, 0.0137346, 0.00177701
1305, 0.0137917, 0.00144136
1306, 0.0139352, 0.00138426
1307, 0.0140463, 0.00141512
1308, 0.0141713, 0.00136265
1309, 0.0143472, 0.00129167
1310, 0.0145448, 0.00129321
1311, 0.0146975, 0.00146605
1312, 0.0151705, 0.00176312
1313, 0.0170077, 0.00335185
1314, 0.0197384, 0.00579398
1315, 0.0233657, 0.00889661
1316, 0.0273056, 0.0123071
1317, 0.0314475, 0.0158333
1318, 0.0357824, 0.0198364
1319, 0.0412932, 0.0246512
1320, 0.0475401, 0.0304444
1321, 0.0550293, 0.0382407
1322, 0.0637454, 0.047358
1323, 0.0713364, 0.0561975
1324, 0.0788449, 0.0654421
1325, 0.0866651, 0.074341
1326, 0.0945602, 0.0834954
1327, 0.102629, 0.0937245
1328, 0.111321, 0.104559
1329, 0.119525, 0.115799
1330, 0.127477, 0.127477
1331, 0.13438, 0.13438
1332, 0.139958, 0.139958
1333, 0.145623, 0.145623
1334, 0.150876, 0.150876
1335, 0.155467, 0.155467
1336, 0.159511, 0.159511
1337, 0.16314, 0.16314
1338, 0.166422, 0.166422
1339, 0.168644, 0.168644
1340, 0.170352, 0.170352
1341, 0.169878, 0.169878
1342, 0.168398, 0.168398
1343, 0.163648, 0.163648
1344, 0.15833, 0.15833
1345, 0.15258, 0.15258
1346, 0.146399, 0.146399
1347, 0.140151, 0.140151
1348, 0.132219, 0.132219
1349, 0.122987, 0.122987
1350, 0.112324, 0.112324
1351, 0.103482, 0.103482
1352, 0.0950332, 0.0950332
1353, 0.0899279, 0.0899279
1354, 0.0852728, 0.0852728
1355, 0.0796447, 0.0796447
1356, 0.0741624, 0.0741624
1357, 0.0683966, 0.0683966
1358, 0.0639699, 0.0639699
1359, 0.061208, 0.061208
1360, 0.0599348, 0.0599348
1361, 0.0588746, 0.0588746
1362, 0.0582913, 0.0582913
1363, 0.0575424, 0.0575424
1364, 0.0572268, 0.0572268
1365, 0.058848, 0.058848
1366, 0.0615417, 0.0615417
1367, 0.0652878, 0.0652878
1368, 0.0693171, 0.0693171
1369, 0.0736775, 0.0736775
1370, 0.0780749, 0.0780749
1371, 0.0826605, 0.0826605
1372, 0.0874286, 0.0874286
1373, 0.092022, 0.092022
1374, 0.0963931, 0.0963931
1375, 0.1, 0.1
1376, 0.102791, 0.102791
1377, 0.10551, 0.10551
1378, 0.107836, 0.107836
1379, 0.110173, 0.110173
1380, 0.112692, 0.112692
1381, 0.114623, 0.114623
1382, 0.116356, 0.116356
1383, 0.118405, 0.118405
1384, 0.120494, 0.120494
1385, 0.122454, 0.122454
1386, 0.124708, 0.124708
1387, 0.126733, 0.126733
1388, 0.129121, 0.129121
1389, 0.131613, 0.131613
1390, 0.133988, 0.133988
1391, 0.136737, 0.136737
1392, 0.139479, 0.139479
1393, 0.141615, 0.141615
1394, 0.143329, 0.141191
1395, 0.144676, 0.139256
1396, 0.145748, 0.137052
1397, 0.146509, 0.134958
1398, 0.14687, 0.132421
1399, 0.146681, 0.130076
1400, 0.146647, 0.127914
1401, 0.14686, 0.125817
1402, 0.147268, 0.123726
1403, 0.148082, 0.120894
1404, 0.148688, 0.117511
1405, 0.149576, 0.113396
1406, 0.149827, 0.109557
1407, 0.150414, 0.105454
1408, 0.150912, 0.100906
1409, 0.151585, 0.096287
1410, 0.15214, 0.091287
1411, 0.15246, 0.0858827
1412, 0.152382, 0.0803557
1413, 0.152168, 0.0750764
1414, 0.152282, 0.069348
1415, 0.15216, 0.0642577
1416, 0.152647, 0.0585417
1417, 0.152872, 0.0525802
1418, 0.152444, 0.0482839
1419, 0.151843, 0.0441142
1420, 0.151013, 0.0405208
1421, 0.150238, 0.0376952
1422, 0.149626, 0.0356489
1423, 0.149238, 0.0339869
1424, 0.148583, 0.032946
1425, 0.148467, 0.0320594
1426, 0.149098, 0.0318719
1427, 0.150236, 0.0327917
1428, 0.151713, 0.0323519
1429, 0.152853, 0.0315818
1430, 0.153679, 0.0305409
1431, 0.154495, 0.0309776
1432, 0.155049, 0.0312369
1433, 0.155603, 0.0314468
1434, 0.156066, 0.0325471
1435, 0.156253, 0.034152
1436, 0.15583, 0.0355741
1437, 0.154738, 0.0362762
1438, 0.154144, 0.0366806
1439, 0.154177, 0.0374884
1440, 0.154897, 0.0387963
1441, 0.155914, 0.0389367
1442, 0.157386, 0.0387392
1443, 0.158659, 0.0389136
1444, 0.159894, 0.0380463
1445, 0.161238, 0.0370741
1446, 0.163034, 0.0370664
1447, 0.16486, 0.0376127
1448, 0.16636, 0.0388657
1449, 0.167845, 0.0406582
1450, 0.169227, 0.042017
1451, 0.170357, 0.0426551
1452, 0.171298, 0.0437886
1453, 0.171815, 0.0440077
1454, 0.172498, 0.0449414
1455, 0.173071, 0.0457593
1456, 0.172, 0.0462022
1457, 0.170904, 0.0461389
1458, 0.170127, 0.0461065
1459, 0.169054, 0.0457562
1460, 0.1679, 0.0455015
1461, 0.166911, 0.0459606
1462, 0.165975, 0.0465278
1463, 0.16552, 0.0474167
1464, 0.165024, 0.0476674
1465, 0.16441, 0.0478596
1466, 0.165015, 0.0470309
1467, 0.165748, 0.0462963
1468, 0.166579, 0.0470818
1469, 0.16773, 0.0478441
1470, 0.168753, 0.0491142
1471, 0.17056, 0.0505463
1472, 0.173011, 0.0525725
1473, 0.176239, 0.0552037
1474, 0.180124, 0.0589483
1475, 0.1851, 0.0628117
1476, 0.191089, 0.0674715
1477, 0.197554, 0.072679
1478, 0.204446, 0.0769136
1479, 0.212083, 0.0819645
1480, 0.220715, 0.0870602
1481, 0.229384, 0.0949506
1482, 0.238233, 0.102549
1483, 0.246978, 0.109829
1484, 0.255968, 0.116869
1485, 0.264661, 0.123596
1486, 0.273063, 0.129458
1487, 0.281745, 0.135389
1488, 0.290321, 0.14067
1489, 0.298579, 0.142941
1490, 0.306026, 0.145545
1491, 0.31271, 0.145252
1492, 0.31883, 0.144529
1493, 0.325022, 0.145758
1494, 0.330762, 0.146855
1495, 0.336332, 0.148688
1496, 0.342, 0.152375
1497, 0.34765, 0.156601
1498, 0.353529, 0.161605
1499, 0.359613, 0.169597
1500, 0.366335, 0.177463
1501, 0.372411, 0.183399
1502, 0.379114, 0.191216
1503, 0.385647, 0.197317
1504, 0.39235, 0.2039
1505, 0.399274, 0.210843
1506, 0.406657, 0.216812
1507, 0.413417, 0.221911
1508, 0.421039, 0.227767
1509, 0.429393, 0.233216
1510, 0.436995, 0.238235
1511, 0.445875, 0.245474
1512, 0.45429, 0.25075
1513, 0.462191, 0.254003
1514, 0.470202, 0.255563
1515, 0.477403, 0.256199
1516, 0.483529, 0.256233
1517, 0.489066, 0.256187
1518, 0.492307, 0.255461
1519, 0.493711, 0.254552
1520, 0.495656, 0.254151
1521, 0.496509, 0.253248
1522, 0.497471, 0.25162
1523, 0.498208, 0.251256
1524, 0.498432, 0.251026
1525, 0.498826, 0.250032
1526, 0.49919, 0.246539
1527, 0.500463, 0.242515
1528, 0.502063, 0.236116
1529, 0.503755, 0.228781
1530, 0.505222, 0.219429
1531, 0.506222, 0.21025
1532, 0.50719, 0.201123
1533, 0.509349, 0.192395
1534, 0.512312, 0.183679
1535, 0.51571, 0.175679
1536, 0.518585, 0.170446
1537, 0.520679, 0.165019
1538, 0.522498, 0.161526
1539, 0.524105, 0.157986
1540, 0.526069, 0.155756
1541, 0.530452, 0.154551
1542, 0.534818, 0.155136
1543, 0.539553, 0.157065
1544, 0.543309, 0.159321
1545, 0.546938, 0.161012
1546, 0.5509, 0.161897
1547, 0.555001, 0.163412
1548, 0.559964, 0.164298
1549, 0.565355, 0.164775
1550, 0.569933, 0.165335
1551, 0.573184, 0.161727
1552, 0.57649, 0.157312
1553, 0.578055, 0.151912
1554, 0.579654, 0.1471
1555, 0.580718, 0.141878
1556, 0.577302, 0.138907
1557, 0.574849, 0.135799
1558, 0.571674, 0.133102
1559, 0.568659, 0.130852
1560, 0.566117, 0.127898
1561, 0.563256, 0.126966
1562, 0.559813, 0.125255
1563, 0.557201, 0.122887
1564, 0.554949, 0.118103
1565, 0.552966, 0.11359
1566, 0.555483, 0.106799
1567, 0.557481, 0.0998889
1568, 0.558291, 0.0962469
1569, 0.559251, 0.0929059
1570, 0.560154, 0.0897978
1571, 0.561284, 0.0877222
1572, 0.562309, 0.0859367
1573, 0.563138, 0.083696
1574, 0.564177, 0.083196
1575, 0.565237, 0.0820679
1576, 0.566495, 0.0798812
1577, 0.568157, 0.0783333
1578, 0.571181, 0.0734753
1579, 0.573818, 0.0684012
1580, 0.57623, 0.0638935
1581, 0.576148, 0.0608194
1582, 0.575485, 0.0577608
1583, 0.574571, 0.0547207
1584, 0.57344, 0.0519614
1585, 0.572383, 0.0504645
1586, 0.571084, 0.0508688
1587, 0.568906, 0.0510571
1588, 0.567473, 0.0512145
1589, 0.566688, 0.0512423
1590, 0.56587, 0.0508673
1591, 0.568193, 0.0492037
1592, 0.571494, 0.0480232
1593, 0.576271, 0.0498642
1594, 0.580924, 0.0517546
1595, 0.585948, 0.0539938
1596, 0.591295, 0.0563889
1597, 0.596934, 0.0584784
1598, 0.602892, 0.0605232
1599, 0.608052, 0.0631806
1600, 0.613114, 0.0659059
1601, 0.61741, 0.0673657
1602, 0.621487, 0.068358
1603, 0.62386, 0.0666806
1604, 0.625994, 0.0652253
1605, 0.62765, 0.0637731
1606, 0.625053, 0.063338
1607, 0.623056, 0.0625833
1608, 0.620046, 0.0612114
1609, 0.617458, 0.0598534
1610, 0.615452, 0.0583333
1611, 0.613262, 0.0576991
1612, 0.61148, 0.0565031
1613, 0.610049, 0.0551451
1614, 0.609058, 0.052554
1615, 0.608375, 0.0496497
1616, 0.611709, 0.0453812
1617, 0.614534, 0.0414321
1618, 0.615175, 0.0394768
1619, 0.61575, 0.0370509
1620, 0.615708, 0.0349444
1621, 0.615674, 0.032912
1622, 0.615573, 0.0318657
1623, 0.615335, 0.0310941
1624, 0.614497, 0.0311975
1625, 0.613139, 0.0312022
1626, 0.609991, 0.0304182
1627, 0.606463, 0.0298117
1628, 0.605471, 0.0278765
1629, 0.604455, 0.0263858
1630, 0.603665, 0.0248349
1631, 0.602502, 0.0249444
1632, 0.601449, 0.0245463
1633, 0.600551, 0.0244105
1634, 0.599769, 0.0241914
1635, 0.599185, 0.0237253
1636, 0.600196, 0.0240216
1637, 0.601827, 0.0240633
1638, 0.603741, 0.0239352
1639, 0.605488, 0.0231975
1640, 0.607306, 0.0227685
1641, 0.609461, 0.0208179
1642, 0.61096, 0.0190648
1643, 0.613158, 0.018341
1644, 0.615406, 0.0179089
1645, 0.617851, 0.0176821
1646, 0.620673, 0.0176019
1647, 0.623166, 0.017304
1648, 0.625418, 0.0173272
1649, 0.627559, 0.0181096
1650, 0.629322, 0.018446
1651, 0.630782, 0.0181759
1652, 0.632528, 0.0179954
1653, 0.633347, 0.0167824
1654, 0.634188, 0.0154028
1655, 0.634938, 0.0141836
1656, 0.629544, 0.0142438
1657, 0.624526, 0.0142562
1658, 0.619728, 0.0142793
1659, 0.615488, 0.0141142
1660, 0.611154, 0.0145139
1661, 0.606989, 0.0156219
1662, 0.602718, 0.0168318
1663, 0.599026, 0.0179815
1664, 0.594934, 0.0191358
1665, 0.590566, 0.0203719
1666, 0.592218, 0.020304
1667, 0.593866, 0.0210062
1668, 0.595469, 0.0226759
1669, 0.596523, 0.0242485
1670, 0.597776, 0.0259136
1671, 0.599145, 0.0274707
1672, 0.60088, 0.028784
1673, 0.601742, 0.0299367
1674, 0.603461, 0.0313025
1675, 0.605432, 0.032642
1676, 0.607662, 0.0338827
1677, 0.60934, 0.0346528
1678, 0.610648, 0.0342361
1679, 0.612137, 0.0343364
1680, 0.613931, 0.0341188
1681, 0.616773, 0.0343287
1682, 0.619182, 0.0346188
1683, 0.622057, 0.0347855
1684, 0.624505, 0.0349738
1685, 0.626736, 0.0349861
1686, 0.628767, 0.0350293
1687, 0.630767, 0.0348395
1688, 0.633245, 0.0346836
1689, 0.635298, 0.0340864
1690, 0.6369, 0.0332824
1691, 0.637349, 0.0320216
1692, 0.637969, 0.0304352
1693, 0.634177, 0.0295679
1694, 0.630148, 0.028196
1695, 0.626564, 0.0267253
1696, 0.623188, 0.0252654
1697, 0.620073, 0.0239614
1698, 0.616745, 0.0227269
1699, 0.613854, 0.0218179
1700, 0.611102, 0.0211836
1701, 0.608243, 0.0201281
1702, 0.605452, 0.0195756
1703, 0.60698, 0.0187824
1704, 0.608767, 0.0183611
1705, 0.60999, 0.018162
1706, 0.610413, 0.0186836
1707, 0.611066, 0.0191667
1708, 0.6114, 0.0194213
1709, 0.611712, 0.0195694
1710, 0.612005, 0.0195231
1711, 0.612914, 0.0197037
1712, 0.613336, 0.0198364
1713, 0.613846, 0.0196327
1714, 0.614246, 0.0192485
1715, 0.614819, 0.0186451
1716, 0.615934, 0.0173904
1717, 0.61689, 0.0160216
1718, 0.616687, 0.0159475
1719, 0.61664, 0.0157037
1720, 0.616718, 0.015588
1721, 0.616468, 0.0156852
1722, 0.616473, 0.0155432
1723, 0.616034, 0.0154877
1724, 0.615658, 0.0156944
1725, 0.615284, 0.0159074
1726, 0.615043, 0.015429
1727, 0.614722, 0.0151651
1728, 0.615533, 0.0138225
1729, 0.616093, 0.0127593
1730, 0.616441, 0.0116806
1731, 0.614759, 0.0116327
1732, 0.613262, 0.0116281
1733, 0.611989, 0.011875
1734, 0.610982, 0.011963
1735, 0.609915, 0.0122191
1736, 0.608542, 0.0132392
1737, 0.606849, 0.0143981
1738, 0.605353, 0.0153873
1739, 0.604119, 0.0160679
1740, 0.603357, 0.016858
1741, 0.604786, 0.0166157
1742, 0.606366, 0.0162593
1743, 0.60735, 0.0164846
1744, 0.607932, 0.0163735
1745, 0.608843, 0.0158395
1746, 0.61024, 0.0150154
1747, 0.612614, 0.0139985
1748, 0.614873, 0.013071
1749, 0.617257, 0.0125108
1750, 0.619177, 0.0117222
1751, 0.619383, 0.0105664
1752, 0.619613, 0.00987191
1753, 0.620457, 0.00828549
1754, 0.621454, 0.00699383
1755, 0.622172, 0.00617747
1756, 0.618109, 0.00621142
1757, 0.613359, 0.00619907
1758, 0.608876, 0.00620216
1759, 0.604569, 0.00591204
1760, 0.600389, 0.00560185
1761, 0.597713, 0.00564969
1762, 0.595153, 0.005375
1763, 0.592688, 0.00515586
1764, 0.591343, 0.00521296
1765, 0.590161, 0.00512654
1766, 0.593107, 0.00423457
1767, 0.595999, 0.00350617
1768, 0.598819, 0.00328549
1769, 0.601223, 0.00315432
1770, 0.603829, 0.0029429
1771, 0.6066, 0.00287191
1772, 0.609164, 0.0029892
1773, 0.612094, 0.00318364
1774, 0.613759, 0.00345525
1775, 0.615519, 0.00387963
1776, 0.617424, 0.00455556
1777, 0.619582, 0.0055463
1778, 0.621776, 0.00609722
1779, 0.623636, 0.00672994
1780, 0.625248, 0.00747377
1781, 0.625918, 0.00894136
1782, 0.626054, 0.010375
1783, 0.625696, 0.0114954
1784, 0.625725, 0.0124522
1785, 0.625224, 0.0136404
1786, 0.62498, 0.0146265
1787, 0.624378, 0.0151775
1788, 0.624435, 0.0155139
1789, 0.624673, 0.0158333
1790, 0.62489, 0.0159722
1791, 0.626164, 0.0150093
1792, 0.627566, 0.0142855
1793, 0.62911, 0.0138333
1794, 0.630269, 0.0134568
1795, 0.631731, 0.0126466
1796, 0.632553, 0.0117593
1797, 0.633579, 0.0108503
1798, 0.63227, 0.0105015
1799, 0.631542, 0.0102361
1800, 0.630757, 0.0104475
1801, 0.62938, 0.0108441
1802, 0.627919, 0.0110123
1803, 0.626477, 0.0112809
1804, 0.625118, 0.0114059
1805, 0.623998, 0.0116003
1806, 0.623828, 0.0122978
1807, 0.62339, 0.0130972
1808, 0.624085, 0.0131852
1809, 0.624373, 0.0132145
1810, 0.621731, 0.0139661
1811, 0.620125, 0.0152716
1812, 0.619093, 0.0165679
1813, 0.618167, 0.0175694
1814, 0.617085, 0.0185583
1815, 0.615821, 0.0194533
1816, 0.614669, 0.0202998
1817, 0.613723, 0.0210783
1818, 0.614197, 0.0222843
1819, 0.615083, 0.023885
1820, 0.619589, 0.024571
1821, 0.622726, 0.0247377
1822, 0.625843, 0.0245177
1823, 0.628812, 0.0255652
1824, 0.631883, 0.0264105
1825, 0.634796, 0.0273056
1826, 0.637483, 0.0279475
1827, 0.639546, 0.0286512
1828, 0.640678, 0.0292083
1829, 0.641194, 0.0289217
1830, 0.640779, 0.0283538
1831, 0.641498, 0.0274703
1832, 0.641853, 0.0268993
1833, 0.64203, 0.0249753
1834, 0.642143, 0.0231466
1835, 0.640058, 0.0226763
1836, 0.638131, 0.0219981
1837, 0.636327, 0.0211655
1838, 0.634395, 0.0205691
1839, 0.632212, 0.0205826
1840, 0.630122, 0.0208075
1841, 0.628253, 0.0212913
1842, 0.626678, 0.0219587
1843, 0.625296, 0.0221454
1844, 0.623654, 0.0226223
1845, 0.624837, 0.0217049
1846, 0.625061, 0.0207573
1847, 0.625844, 0.0200745
1848, 0.626443, 0.0196786
1849, 0.627463, 0.0195332
1850, 0.628403, 0.0198337
1851, 0.628368, 0.0206208
1852, 0.628132, 0.0214402
1853, 0.627913, 0.0232859
1854, 0.62804, 0.0250027
1855, 0.628129, 0.0272608
1856, 0.628695, 0.0296829
1857, 0.629721, 0.0321728
1858, 0.630918, 0.0339483
1859, 0.632134, 0.0355532
1860, 0.631463, 0.0371563
1861, 0.631148, 0.0383245
1862, 0.631202, 0.0392427
1863, 0.631131, 0.0398499
1864, 0.631012, 0.0403993
1865, 0.630042, 0.0404564
1866, 0.62877, 0.0406269
1867, 0.626934, 0.0408808
1868, 0.625554, 0.0407604
1869, 0.624316, 0.040603
1870, 0.625137, 0.0401019
1871, 0.625613, 0.0395077
1872, 0.625783, 0.0392716
1873, 0.625387, 0.0396304
1874, 0.625042, 0.0399452
1875, 0.624528, 0.0403727
1876, 0.623295, 0.0406057
1877, 0.621885, 0.0403935
1878, 0.620184, 0.0407627
1879, 0.618648, 0.0407666
1880, 0.617358, 0.0405513
1881, 0.616333, 0.0396593
1882, 0.615022, 0.0384603
1883, 0.614565, 0.0364433
1884, 0.613868, 0.0338245
1885, 0.608929, 0.0322643
1886, 0.605593, 0.0306593
1887, 0.602579, 0.0286701
1888, 0.599715, 0.0274537
1889, 0.596562, 0.0261057
1890, 0.593209, 0.0249367
1891, 0.590255, 0.0240293
1892, 0.587459, 0.023625
1893, 0.584622, 0.0236698
1894, 0.582018, 0.0245972
1895, 0.584312, 0.024267
1896, 0.58618, 0.0246929
1897, 0.58813, 0.0254352
1898, 0.589515, 0.0265278
1899, 0.591298, 0.0280247
1900, 0.593099, 0.0297546
1901, 0.594691, 0.0322145
1902, 0.596816, 0.0345417
1903, 0.598633, 0.0366836
1904, 0.600335, 0.0388179
1905, 0.601958, 0.0413966
1906, 0.603361, 0.0432238
1907, 0.604694, 0.0454923
1908, 0.6066, 0.0468102
1909, 0.607998, 0.047875
1910, 0.610217, 0.0496481
1911, 0.612329, 0.0512269
1912, 0.614218, 0.0522562
1913, 0.616613, 0.0528781
1914, 0.618832, 0.0531836
1915, 0.621284, 0.0528102
1916, 0.624122, 0.0522346
1917, 0.626844, 0.051179
1918, 0.629778, 0.0485494
1919, 0.633125, 0.0455417
1920, 0.63615, 0.0416096
1921, 0.639218, 0.0377238
1922, 0.642445, 0.0339877
1923, 0.645432, 0.0308472
1924, 0.648924, 0.0276975
1925, 0.651785, 0.0249182
1926, 0.654586, 0.0226574
1927, 0.657421, 0.0206127
1928, 0.659442, 0.0202855
1929, 0.66091, 0.0206728
1930, 0.661835, 0.021071
1931, 0.663359, 0.0213565
1932, 0.664296, 0.021733
1933, 0.664917, 0.0221127
1934, 0.664694, 0.0225772
1935, 0.661042, 0.0238735
1936, 0.657126, 0.0250478
1937, 0.6533, 0.0261852
1938, 0.65034, 0.0268688
1939, 0.647551, 0.0273719
1940, 0.645063, 0.0280741
1941, 0.642634, 0.0292654
1942, 0.639894, 0.0300664
1943, 0.637399, 0.0304877
1944, 0.63549, 0.0306173
1945, 0.637436, 0.0299568
1946, 0.639626, 0.0293719
1947, 0.641756, 0.0295617
1948, 0.643269, 0.0305478
1949, 0.644796, 0.0315571
1950, 0.646571, 0.0322546
1951, 0.647142, 0.0324491
1952, 0.648361, 0.032608
1953, 0.6502, 0.0327608
1954, 0.651959, 0.0332284
1955, 0.653418, 0.033858
1956, 0.654943, 0.0342716
1957, 0.656429, 0.0339136
1958, 0.658128, 0.0335062
1959, 0.659378, 0.032588
1960, 0.658581, 0.0316049
1961, 0.658443, 0.0305602
1962, 0.658302, 0.029696
1963, 0.657326, 0.028821
1964, 0.656755, 0.0278133
1965, 0.656053, 0.0268596
1966, 0.655109, 0.0262207
1967, 0.653967, 0.0252299
1968, 0.652769, 0.023375
1969, 0.651839, 0.0219861
1970, 0.653018, 0.0208549
1971, 0.653758, 0.0199691
1972, 0.65459, 0.0190062
1973, 0.651958, 0.0183889
1974, 0.649021, 0.0178148
1975, 0.646386, 0.0168889
1976, 0.643455, 0.0157068
1977, 0.640967, 0.0149645
1978, 0.63871, 0.0148287
1979, 0.636916, 0.0150417
1980, 0.634828, 0.014946
1981, 0.632334, 0.0144614
1982, 0.630536, 0.0138056
1983, 0.631429, 0.0132932
1984, 0.63295, 0.0128812
1985, 0.636372, 0.0129552
1986, 0.639976, 0.0131343
1987, 0.643414, 0.0135972
1988, 0.64682, 0.0139552
1989, 0.649763, 0.0139398
1990, 0.653216, 0.0140895
1991, 0.657336, 0.0150278
1992, 0.660422, 0.0165833
1993, 0.663871, 0.0170478
1994, 0.666429, 0.0173673
1995, 0.667302, 0.017071
1996, 0.668906, 0.016591
1997, 0.670064, 0.0159846
1998, 0.667573, 0.0159506
1999, 0.665073, 0.015909
2000, 0.661212, 0.0158503
2001, 0.655513, 0.0150787
2002, 0.649951, 0.0142099
2003, 0.645781, 0.0138287
2004, 0.641864, 0.0132114
2005, 0.63811, 0.0128056
2006, 0.633711, 0.0126821
2007, 0.629716, 0.0123704
2008, 0.628971, 0.0112037
2009, 0.628566, 0.0101512
2010, 0.628106, 0.0103395
2011, 0.628974, 0.0108951
2012, 0.629846, 0.0117238
2013, 0.630034, 0.0132917
2014, 0.630184, 0.0149985
2015, 0.630246, 0.0168441
2016, 0.630646, 0.0183102
2017, 0.632015, 0.0198673
2018, 0.633284, 0.020983
2019, 0.635694, 0.0220108
2020, 0.639726, 0.0220926
2021, 0.643794, 0.0218827
2022, 0.64748, 0.0211528
2023, 0.648896, 0.0211435
2024, 0.650324, 0.0206991
2025, 0.651192, 0.0201389
2026, 0.652636, 0.0198843
2027, 0.652375, 0.0193812
2028, 0.653027, 0.0196574
2029, 0.65151, 0.0194676
2030, 0.648975, 0.0190787
2031, 0.647163, 0.0186281
2032, 0.645143, 0.0180386
2033, 0.645216, 0.0160571
2034, 0.644743, 0.0149151
2035, 0.647091, 0.0156713
2036, 0.648706, 0.016142
2037, 0.651528, 0.0172994
2038, 0.654754, 0.0182006
2039, 0.658704, 0.0193534
2040, 0.662574, 0.0205231
2041, 0.666046, 0.0214907
2042, 0.670023, 0.0228148
2043, 0.674626, 0.0238457
2044, 0.68012, 0.0246235
2045, 0.683499, 0.0230586
2046, 0.688036, 0.0217778
2047, 0.691799, 0.0202438
2048, 0.690979, 0.0198719
2049, 0.690405, 0.0191806
2050, 0.690295, 0.0187793
2051, 0.69001, 0.0187762
2052, 0.689915, 0.0185309
2053, 0.68953, 0.019108
2054, 0.688263, 0.0198981
2055, 0.686656, 0.0208225
2056, 0.682991, 0.0220556
2057, 0.679366, 0.0230139
2058, 0.678984, 0.0224105
2059, 0.678383, 0.0224954
2060, 0.676649, 0.0238225
2061, 0.675265, 0.0247045
2062, 0.673195, 0.0253573
2063, 0.671055, 0.0254946
2064, 0.668876, 0.0251057
2065, 0.666196, 0.0263341
2066, 0.66504, 0.0287739
2067, 0.664603, 0.0322384
2068, 0.664563, 0.0354051
2069, 0.664488, 0.0390208
2070, 0.664846, 0.0414653
2071, 0.665139, 0.0453133
2072, 0.665579, 0.0504892
2073, 0.663144, 0.0586127
2074, 0.661661, 0.0683086
2075, 0.66035, 0.0769769
2076, 0.658294, 0.0846404
2077, 0.656126, 0.0920972
2078, 0.654415, 0.10071
2079, 0.653201, 0.108659
2080, 0.653282, 0.116679
2081, 0.65398, 0.122427
2082, 0.655279, 0.127861
2083, 0.659087, 0.130556
2084, 0.66264, 0.133407
2085, 0.663359, 0.138394
2086, 0.664696, 0.14452
2087, 0.66577, 0.151275
2088, 0.667352, 0.158983
2089, 0.668368, 0.168113
2090, 0.669142, 0.177857
2091, 0.670061, 0.189363
2092, 0.67105, 0.200637
2093, 0.672003, 0.210546
2094, 0.672828, 0.218866
2095, 0.677266, 0.22348
2096, 0.681279, 0.22815
2097, 0.684624, 0.232197
2098, 0.683135, 0.236772
2099, 0.682546, 0.240588
2100, 0.681613, 0.245329
2101, 0.681633, 0.254042
2102, 0.681912, 0.262773
2103, 0.68319, 0.274289
2104, 0.684474, 0.288211
2105, 0.684825, 0.304826
2106, 0.685322, 0.318706
2107, 0.6861, 0.332991
2108, 0.690982, 0.34601
2109, 0.694556, 0.359122
2110, 0.696947, 0.372892
2111, 0.69674, 0.383322
2112, 0.69648, 0.393228
2113, 0.694361, 0.404157
2114, 0.692573, 0.414257
2115, 0.691704, 0.423384
2116, 0.689179, 0.435049
2117, 0.687642, 0.445648
2118, 0.68631, 0.45123
2119, 0.68533, 0.458173
2120, 0.682482, 0.4649
2121, 0.679598, 0.470024
2122, 0.674372, 0.476322
2123, 0.671332, 0.479949
2124, 0.666745, 0.482098
2125, 0.662136, 0.485088
2126, 0.655373, 0.486868
2127, 0.64775, 0.48792
2128, 0.637362, 0.492695
2129, 0.627023, 0.495111
2130, 0.619588, 0.495247
2131, 0.612707, 0.498179
2132, 0.606692, 0.500236
2133, 0.59949, 0.503198
2134, 0.594343, 0.507022
2135, 0.589166, 0.510818
2136, 0.588603, 0.514177
2137, 0.589223, 0.518602
2138, 0.5926, 0.524174
2139, 0.596299, 0.530571
2140, 0.599975, 0.537225
2141, 0.604547, 0.540823
2142, 0.610016, 0.54419
2143, 0.615672, 0.547674
2144, 0.622209, 0.550712
2145, 0.629216, 0.553922
2146, 0.6363, 0.558349
2147, 0.641813, 0.562306
2148, 0.646311, 0.565235
2149, 0.652092, 0.568126
2150, 0.658774, 0.570403
2151, 0.664001, 0.572612
2152, 0.669075, 0.575476
2153, 0.67368, 0.578382
2154, 0.676791, 0.582106
2155, 0.679085, 0.585494
2156, 0.680878, 0.58716
2157, 0.683335, 0.589135
2158, 0.686481, 0.592262
2159, 0.687085, 0.594379
2160, 0.68263, 0.596286
2161, 0.67998, 0.598944
2162, 0.676422, 0.601505
2163, 0.672287, 0.602448
2164, 0.667449, 0.602496
2165, 0.661601, 0.602149
2166, 0.654797, 0.602388
2167, 0.647586, 0.602448
2168, 0.640178, 0.600449
2169, 0.632931, 0.598299
2170, 0.629998, 0.596923
2171, 0.627031, 0.595684
2172, 0.626016, 0.594303
2173, 0.624248, 0.59589
2174, 0.624734, 0.597776
2175, 0.626418, 0.598707
2176, 0.628405, 0.60025
2177, 0.629745, 0.601791
2178, 0.630753, 0.604719
2179, 0.632506, 0.608039
2180, 0.633416, 0.612191
2181, 0.633817, 0.616796
2182, 0.633623, 0.62195
2183, 0.634377, 0.624804
2184, 0.633414, 0.626723
2185, 0.63313, 0.629343
2186, 0.6328, 0.631596
2187, 0.633207, 0.63303
2188, 0.633907, 0.633907
2189, 0.634465, 0.634465
2190, 0.635189, 0.635189
2191, 0.635431, 0.635431
2192, 0.635661, 0.635661
2193, 0.636629, 0.636629
2194, 0.637523, 0.637523
2195, 0.636696, 0.636696
2196, 0.635586, 0.635586
2197, 0.632976, 0.632976
2198, 0.629005, 0.629005
2199, 0.624296, 0.624296
2200, 0.617818, 0.617818
2201, 0.610792, 0.610792
2202, 0.6021, 0.6021
2203, 0.592662, 0.592662
2204, 0.583062, 0.583062
2205, 0.573748, 0.573748
2206, 0.56396, 0.56396
2207, 0.555913, 0.555913
2208, 0.549347, 0.549347
2209, 0.542706, 0.542706
2210, 0.536979, 0.536979
2211, 0.531859, 0.531859
2212, 0.528708, 0.528708
2213, 0.526701, 0.526701
2214, 0.524883, 0.524883
2215, 0.524681, 0.524681
2216, 0.526062, 0.526062
2217, 0.527734, 0.527734
2218, 0.529341, 0.529341
2219, 0.531665, 0.531665
2220, 0.535697, 0.535697
2221, 0.540433, 0.540433
2222, 0.544633, 0.544633
2223, 0.550171, 0.550171
2224, 0.555913, 0.555913
2225, 0.560595, 0.560595
2226, 0.565469, 0.565469
2227, 0.57079, 0.57079
2228, 0.576398, 0.576398
2229, 0.583901, 0.583901
2230, 0.591892, 0.578275
2231, 0.599833, 0.571206
2232, 0.607738, 0.563945
2233, 0.613528, 0.557958
2234, 0.618548, 0.552298
2235, 0.620703, 0.545391
2236, 0.621372, 0.540436
2237, 0.621303, 0.536373
2238, 0.620138, 0.532565
2239, 0.616965, 0.531579
2240, 0.612651, 0.530305
2241, 0.606704, 0.528046
2242, 0.600067, 0.52766
2243, 0.59236, 0.526715
2244, 0.583172, 0.526258
2245, 0.575098, 0.526756
2246, 0.565911, 0.526204
2247, 0.555059, 0.524917
2248, 0.544772, 0.521219
2249, 0.535754, 0.51603
2250, 0.526432, 0.510168
2251, 0.517466, 0.505409
2252, 0.510194, 0.500689
2253, 0.504441, 0.496772
2254, 0.501136, 0.49341
2255, 0.499921, 0.492231
2256, 0.499632, 0.489098
2257, 0.500547, 0.488414
2258, 0.501383, 0.491479
2259, 0.500987, 0.495416
2260, 0.49826, 0.49826
2261, 0.497332, 0.497332
2262, 0.495088, 0.495088
2263, 0.493704, 0.493704
2264, 0.493166, 0.493166
2265, 0.493952, 0.493952
2266, 0.495261, 0.495261
2267, 0.495655, 0.495655
2268, 0.495895, 0.495895
2269, 0.49467, 0.49467
2270, 0.496921, 0.489709
2271, 0.498898, 0.485097
2272, 0.500706, 0.483571
2273, 0.498324, 0.481394
2274, 0.495263, 0.477929
2275, 0.490524, 0.475078
2276, 0.484873, 0.472894
2277, 0.48125, 0.471048
2278, 0.478498, 0.474797
2279, 0.475571, 0.475571
2280, 0.471972, 0.471972
2281, 0.467958, 0.467958
2282, 0.464008, 0.464008
2283, 0.461899, 0.461899
2284, 0.460681, 0.460681
2285, 0.457874, 0.457874
2286, 0.455668, 0.455668
2287, 0.454583, 0.454583
2288, 0.454595, 0.454595
2289, 0.455864, 0.455864
2290, 0.456406, 0.456406
2291, 0.456716, 0.456716
2292, 0.458095, 0.458095
2293, 0.459711, 0.459711
2294, 0.45916, 0.45916
2295, 0.461035, 0.461035
2296, 0.46436, 0.46436
2297, 0.466275, 0.466275
2298, 0.464905, 0.464905
2299, 0.464559, 0.464559
2300, 0.465011, 0.465011
2301, 0.465139, 0.465139
2302, 0.463258, 0.463258
2303, 0.462277, 0.462277
2304, 0.461301, 0.461301
2305, 0.460067, 0.460067
2306, 0.456764, 0.456764
2307, 0.451233, 0.451233
2308, 0.446813, 0.446813
2309, 0.442441, 0.442441
2310, 0.435593, 0.435593
2311, 0.428882, 0.428882
2312, 0.422033, 0.422033
2313, 0.413807, 0.413807
2314, 0.405312, 0.405312
2315, 0.396218, 0.396218
2316, 0.388355, 0.388355
2317, 0.381783, 0.381783
2318, 0.37541, 0.37541
2319, 0.369031, 0.369031
2320, 0.366973, 0.366973
2321, 0.365411, 0.365411
2322, 0.36537, 0.36537
2323, 0.365261, 0.365261
2324, 0.366539, 0.366539
2325, 0.368356, 0.368356
2326, 0.371656, 0.371656
2327, 0.375941, 0.375941
2328, 0.381973, 0.381973
2329, 0.388621, 0.388621
2330, 0.391621, 0.391621
2331, 0.394593, 0.394593
2332, 0.397132, 0.397132
2333, 0.401022, 0.401022
2334, 0.404751, 0.404751
2335, 0.405562, 0.405562
2336, 0.403462, 0.403462
2337, 0.400161, 0.400161
2338, 0.394214, 0.394214
2339, 0.386713, 0.386713
2340, 0.380167, 0.380167
2341, 0.371724, 0.371724
2342, 0.36324, 0.36324
2343, 0.354654, 0.354654
2344, 0.346256, 0.346256
2345, 0.340226, 0.340226
2346, 0.334696, 0.334696
2347, 0.329175, 0.329175
2348, 0.323974, 0.323974
2349, 0.319151, 0.319151
2350, 0.316309, 0.316309
2351, 0.315156, 0.315156
2352, 0.313987, 0.313987
2353, 0.314224, 0.314224
2354, 0.31486, 0.31486
2355, 0.316603, 0.316603
2356, 0.31974, 0.31974
2357, 0.324868, 0.324868
2358, 0.332286, 0.332286
2359, 0.3411, 0.3411
2360, 0.348199, 0.348199
2361, 0.353002, 0.353002
2362, 0.358743, 0.358743
2363, 0.362949, 0.362949
2364, 0.367203, 0.367203
2365, 0.369462, 0.369462
2366, 0.371251, 0.371251
2367, 0.371237, 0.371237
2368, 0.369557, 0.369557
2369, 0.366471, 0.366471
2370, 0.363733, 0.363733
2371, 0.362471, 0.362471
2372, 0.359984, 0.359984
2373, 0.356627, 0.356627
2374, 0.351505, 0.351505
2375, 0.3463, 0.3463
2376, 0.338233, 0.338233
2377, 0.330554, 0.330554
2378, 0.321642, 0.321642
2379, 0.311234, 0.311234
2380, 0.298973, 0.298973
2381, 0.286396, 0.286396
2382, 0.272969, 0.272969
2383, 0.259012, 0.259012
2384, 0.245324, 0.245324
2385, 0.231042, 0.231042
2386, 0.218559, 0.218559
2387, 0.205785, 0.205785
2388, 0.193069, 0.193069
2389, 0.179561, 0.179561
2390, 0.167765, 0.167765
2391, 0.156155, 0.156155
2392, 0.144335, 0.144335
2393, 0.133314, 0.133314
2394, 0.12186, 0.12186
2395, 0.110437, 0.110437
2396, 0.098723, 0.098723
2397, 0.0862099, 0.0862099
2398, 0.0745108, 0.0745108
2399, 0.0650922, 0.0650922
2400, 0.055581, 0.055581
2401, 0.0458773, 0.0458773
2402, 0.0374637, 0.0374637
2403, 0.0300324, 0.0300324
2404, 0.023716, 0.023716
2405, 0.01875, 0.01875
2406, 0.0147623, 0.0147623
2407, 0.011909, 0.011909
2408, 0.00979707, 0.00979707
2409, 0.0080679, 0.0080679
2410, 0.00677469, 0.00677469
2411, 0.00628704, 0.00628704
2412, 0.00638117, 0.00638117
2413, 0.00662191, 0.00662191
2414, 0.00678549, 0.00678549
2415, 0.00696451, 0.00696451
2416, 0.00711574, 0.00711574
2417, 0.00743364, 0.0071875
2418, 0.00771605, 0.00741281
2419, 0.00800772, 0.00800772
2420, 0.00830093, 0.00830093
2421, 0.00860185, 0.00860185
2422, 0.00892747, 0.00892747
2423, 0.00931482, 0.00931482
2424, 0.00966049, 0.00966049
2425, 0.0100478, 0.0100478
2426, 0.0105262, 0.0105262
2427, 0.0107762, 0.0107762
2428, 0.0110494, 0.0110494
2429, 0.0112886, 0.0112886
2430, 0.0116543, 0.0116543
2431, 0.011966, 0.011966
2432, 0.0121929, 0.0121929
2433, 0.0121836, 0.0121836
2434, 0.0121728, 0.0120679
2435, 0.012142, 0.012142
2436, 0.012088, 0.012088
2437, 0.012034, 0.012034
2438, 0.011875, 0.011875
2439, 0.0117685, 0.0117685
2440, 0.0115941, 0.0115941
2441, 0.0115818, 0.0115818
2442, 0.0116528, 0.011588
2443, 0.0117438, 0.0112438
2444, 0.0119398, 0.0108951
2445, 0.0121744, 0.0105401
2446, 0.0123025, 0.0101975
2447, 0.0124244, 0.00980401
2448, 0.0127361, 0.0101929
2449, 0.013213, 0.0106975
2450, 0.0138735, 0.0112392
2451, 0.0145664, 0.0117222
2452, 0.0152083, 0.0121698
2453, 0.0158657, 0.0125802
2454, 0.0162747, 0.0129074
2455, 0.0164012, 0.0132315
2456, 0.0160849, 0.013375
2457, 0.0155448, 0.013554
2458, 0.0150988, 0.013983
2459, 0.0157515, 0.0157515
2460, 0.017341, 0.017341
2461, 0.019162, 0.019162
2462, 0.0213611, 0.0213611
2463, 0.0247562, 0.0247562
2464, 0.0298549, 0.0298549
2465, 0.0371682, 0.0371682
2466, 0.0457238, 0.0457238
2467, 0.0545772, 0.0545772
2468, 0.0636235, 0.0636235
2469, 0.0718488, 0.0718488
2470, 0.0787963, 0.0787963
2471, 0.0857238, 0.0857238
2472, 0.0926975, 0.0926975
2473, 0.0987932, 0.0987932
2474, 0.10369, 0.10369
2475, 0.10637, 0.10637
2476, 0.108014, 0.108014
2477, 0.109133, 0.109133
2478, 0.10942, 0.10942
2479, 0.108975, 0.108975
2480, 0.10744, 0.10744
2481, 0.105512, 0.105512
2482, 0.102463, 0.102463
2483, 0.0981863, 0.0981863
2484, 0.0931146, 0.0931146
2485, 0.0880636, 0.0880636
2486, 0.0825513, 0.0825513
2487, 0.0775698, 0.0775698
2488, 0.0737558, 0.0737558
2489, 0.0696825, 0.0696825
2490, 0.0661524, 0.0661524
2491, 0.0631671, 0.0631671
2492, 0.0603769, 0.0603769
2493, 0.0583333, 0.0583333
2494, 0.0567338, 0.0567338
2495, 0.0557176, 0.0557176
2496, 0.0553418, 0.0553418
2497, 0.0551103, 0.0551103
2498, 0.0547423, 0.0547423
2499, 0.0550911, 0.0550911
2500, 0.0567083, 0.0567083
2501, 0.0577176, 0.0577176
2502, 0.0595085, 0.0595085
2503, 0.062, 0.062
2504, 0.0657369, 0.0657369
2505, 0.0676867, 0.0676867
2506, 0.069353, 0.069353
2507, 0.0696196, 0.0696196
2508, 0.0683194, 0.0683194
2509, 0.066686, 0.066686
2510, 0.0650421, 0.0650421
2511, 0.0633904, 0.0633904
2512, 0.060784, 0.060784
2513, 0.0568989, 0.0568989
2514, 0.051284, 0.051284
2515, 0.0465486, 0.0465486
2516, 0.04162, 0.04162
2517, 0.0375856, 0.0375856
2518, 0.0345911, 0.0345911
2519, 0.0317677, 0.0317677
2520, 0.0282542, 0.0282542
2521, 0.0248349, 0.0248349
2522, 0.0226636, 0.0226636
2523, 0.0220116, 0.0220116
2524, 0.0229174, 0.0229174
2525, 0.0263403, 0.0263403
2526, 0.0325502, 0.0325502
2527, 0.0410232, 0.0410232
2528, 0.0520447, 0.0520447
2529, 0.064706, 0.064706
2530, 0.0784082, 0.0784082
2531, 0.0945046, 0.0945046
2532, 0.111732, 0.111732
2533, 0.130019, 0.129497
2534, 0.149687, 0.145786
2535, 0.168785, 0.161644
2536, 0.187235, 0.176932
2537, 0.204877, 0.192292
2538, 0.220678, 0.205752
2539, 0.23548, 0.218367
2540, 0.250084, 0.232735
2541, 0.26101, 0.246634
2542, 0.271657, 0.259301
2543, 0.280005, 0.271334
2544, 0.28515, 0.281519
2545, 0.287451, 0.287451
2546, 0.28719, 0.28719
2547, 0.285481, 0.285481
2548, 0.282358, 0.282358
2549, 0.27809, 0.27809
2550, 0.272635, 0.272635
2551, 0.267195, 0.267195
2552, 0.258758, 0.258758
2553, 0.249449, 0.249449
2554, 0.239122, 0.239122
2555, 0.228484, 0.228484
2556, 0.217131, 0.217131
2557, 0.204288, 0.204288
2558, 0.189756, 0.189756
2559, 0.174196, 0.174196
2560, 0.157742, 0.157742
2561, 0.140194, 0.140194
2562, 0.122889, 0.122889
2563, 0.105751, 0.105751
2564, 0.0893117, 0.0893117
2565, 0.0739499, 0.0739499
2566, 0.0594961, 0.0594961
2567, 0.0464896, 0.0464896
2568, 0.0357388, 0.0357388
2569, 0.0264958, 0.0264958
2570, 0.0185961, 0.0185961
2571, 0.0130683, 0.0130683
2572, 0.00882137, 0.00882137
2573, 0.00581327, 0.00581327
2574, 0.00388889, 0.00388889
2575, 0.0026358, 0.0026358
2576, 0.0022037, 0.0022037
2577, 0.00208333, 0.00208333
2578, 0.00208333, 0.00208333
2579, 0.00208333, 0.00208333
2580, 0.00218056, 0.00218056
2581, 0.00227778, 0.00227778
2582, 0.00236574, 0.00236574
2583, 0.00242593, 0.00242593
2584, 0.00248611, 0.00221142
2585, 0.00253241, 0.00213272
2586, 0.00262037, 0.00213272
2587, 0.00270833, 0.00213272
2588, 0.0027963, 0.00213272
2589, 0.00284259, 0.00213272
2590, 0.00279167, 0.00211728
2591, 0.00274074, 0.00209877
2592, 0.00268364, 0.00208333
2593, 0.00265432, 0.00208333
2594, 0.00262191, 0.00208333
2595, 0.0026034, 0.00208333
2596, 0.00251543, 0.00208333
2597, 0.00242747, 0.00208333
2598, 0.00233951, 0.00209877
2599, 0.00229321, 0.0021142
2600, 0.00224691, 0.0021142
2601, 0.00220062, 0.0021142
2602, 0.00216975, 0.00212963
2603, 0.00213889, 0.00213889
2604, 0.00211111, 0.00211111
2605, 0.00208333, 0.00208333
2606, 0.00208333, 0.00208333
2607, 0.00208333, 0.00208333
2608, 0.00208333, 0.00208333
2609, 0.00208333, 0.00208333
2610, 0.00213889, 0.00212963
2611, 0.00218056, 0.00212963
2612, 0.00222222, 0.0021142
2613, 0.00226389, 0.00209877
2614, 0.00230556, 0.00209877
2615, 0.00234722, 0.00209877
2616, 0.00234722, 0.00209877
2617, 0.00234722, 0.00209877
2618, 0.00234722, 0.00209877
2619, 0.00234722, 0.00212037
2620, 0.00229167, 0.00212191
2621, 0.00225, 0.00213889
2622, 0.00220833, 0.00213889
2623, 0.00219444, 0.00215432
2624, 0.00218056, 0.00215432
2625, 0.00216667, 0.00215432
2626, 0.00223611, 0.00221296
2627, 0.00227778, 0.00225
2628, 0.00227778, 0.00227778
2629, 0.00354167, 0.00340895
2630, 0.0060108, 0.00568056
2631, 0.0094537, 0.00904475
2632, 0.0137886, 0.0132593
2633, 0.0185664, 0.0177222
2634, 0.0237793, 0.0224707
2635, 0.0293025, 0.027571
2636, 0.0348411, 0.0325849
2637, 0.0406358, 0.0389861
2638, 0.0466312, 0.0466312
2639, 0.0512685, 0.0512685
2640, 0.0546312, 0.0546312
2641, 0.0570247, 0.0570247
2642, 0.0584784, 0.0584784
2643, 0.0600062, 0.0600062
2644, 0.0617639, 0.0617639
2645, 0.064267, 0.064267
2646, 0.0678626, 0.0678626
2647, 0.0723503, 0.0723503
2648, 0.0777485, 0.0777485
2649, 0.0839321, 0.0839321
2650, 0.0907176, 0.0907176
2651, 0.0979938, 0.0979938
2652, 0.105681, 0.105681
2653, 0.112838, 0.112838
2654, 0.11881, 0.11881
2655, 0.124184, 0.123892
2656, 0.128415, 0.127537
2657, 0.131745, 0.130552
2658, 0.134262, 0.133116
2659, 0.135875, 0.135838
2660, 0.1366, 0.1366
2661, 0.136045, 0.136045
2662, 0.135, 0.135
2663, 0.133718, 0.133718
2664, 0.133502, 0.133502
2665, 0.13234, 0.13234
2666, 0.131204, 0.131204
2667, 0.130272, 0.130272
2668, 0.129338, 0.129338
2669, 0.129406, 0.129406
2670, 0.130177, 0.130177
2671, 0.13194, 0.13194
2672, 0.133731, 0.133731
2673, 0.136265, 0.135762
2674, 0.13879, 0.1334
2675, 0.142071, 0.131608
2676, 0.146264, 0.131023
2677, 0.150869, 0.130637
2678, 0.155673, 0.132662
2679, 0.160077, 0.135421
2680, 0.165081, 0.139005
2681, 0.170415, 0.141434
2682, 0.175779, 0.144052
2683, 0.180953, 0.146042
2684, 0.185602, 0.147593
2685, 0.189022, 0.14827
2686, 0.191476, 0.148046
2687, 0.193893, 0.147421
2688, 0.196572, 0.145866
2689, 0.199215, 0.144543
2690, 0.200279, 0.142946
2691, 0.201149, 0.142991
2692, 0.202707, 0.143779
2693, 0.204703, 0.14419
2694, 0.207575, 0.145838
2695, 0.212255, 0.1479
2696, 0.217562, 0.150123
2697, 0.221988, 0.15248
2698, 0.226536, 0.155438
2699, 0.230348, 0.157687
2700, 0.23399, 0.159179
2701, 0.236335, 0.161265
2702, 0.238009, 0.162407
2703, 0.239086, 0.164531
2704, 0.23931, 0.165858
2705, 0.238543, 0.16637
2706, 0.237244, 0.163883
2707, 0.235525, 0.160769
2708, 0.233434, 0.157644
2709, 0.232481, 0.154239
2710, 0.229792, 0.153708
2711, 0.228372, 0.152769
2712, 0.228063, 0.152093
2713, 0.22779, 0.150559
2714, 0.227989, 0.148397
2715, 0.229159, 0.146795
2716, 0.232403, 0.149017
2717, 0.237434, 0.152358
2718, 0.243003, 0.154975
2719, 0.248714, 0.159361
2720, 0.258184, 0.163023
2721, 0.268144, 0.16734
2722, 0.278685, 0.172731
2723, 0.291958, 0.180437
2724, 0.305475, 0.188429
2725, 0.318758, 0.196386
2726, 0.329679, 0.203809
2727, 0.339475, 0.210804
2728, 0.348361, 0.218983
2729, 0.356389, 0.225837
2730, 0.363134, 0.230457
2731, 0.368603, 0.232118
2732, 0.372293, 0.231624
2733, 0.372909, 0.22763
2734, 0.372722, 0.222358
2735, 0.370775, 0.218267
2736, 0.369076, 0.212157
2737, 0.367157, 0.205356
2738, 0.364823, 0.19719
2739, 0.362758, 0.18844
2740, 0.361507, 0.181783
2741, 0.361981, 0.178199
2742, 0.3639, 0.175825
2743, 0.367154, 0.173297
2744, 0.370826, 0.171882
2745, 0.376745, 0.168874
2746, 0.383566, 0.167487
2747, 0.390662, 0.166051
2748, 0.399748, 0.166918
2749, 0.40869, 0.167349
2750, 0.417296, 0.165988
2751, 0.424622, 0.163128
2752, 0.43113, 0.160222
2753, 0.436959, 0.158503
2754, 0.442512, 0.156425
2755, 0.447612, 0.154645
2756, 0.451847, 0.150561
2757, 0.455937, 0.146375
2758, 0.458387, 0.140087
2759, 0.4606, 0.134569
2760, 0.464231, 0.132069
2761, 0.46837, 0.130894
2762, 0.472305, 0.130177
2763, 0.47652, 0.129715
2764, 0.481409, 0.129707
2765, 0.486626, 0.129732
2766, 0.492316, 0.132237
2767, 0.498603, 0.135235
2768, 0.505764, 0.137654
2769, 0.513647, 0.140521
2770, 0.519938, 0.141062
2771, 0.526378, 0.141022
2772, 0.532464, 0.139417
2773, 0.536615, 0.141144
2774, 0.540448, 0.142348
2775, 0.543022, 0.141363
2776, 0.545317, 0.139729
2777, 0.547233, 0.138106
2778, 0.548894, 0.13713
2779, 0.5502, 0.135465
2780, 0.551244, 0.132931
2781, 0.55199, 0.127141
2782, 0.553764, 0.123157
2783, 0.557394, 0.11654
2784, 0.561035, 0.110713
2785, 0.565011, 0.109472
2786, 0.569447, 0.10877
2787, 0.573812, 0.10859
2788, 0.57783, 0.108708
2789, 0.582037, 0.109745
2790, 0.586789, 0.112405
2791, 0.591653, 0.118663
2792, 0.595851, 0.124475
2793, 0.599985, 0.128999
2794, 0.60365, 0.133373
2795, 0.607367, 0.135169
2796, 0.610446, 0.136609
2797, 0.613477, 0.137419
2798, 0.614612, 0.140541
2799, 0.61536, 0.142337
2800, 0.615527, 0.143833
2801, 0.615645, 0.144421
2802, 0.615125, 0.144293
2803, 0.614403, 0.145044
2804, 0.614138, 0.145087
2805, 0.613721, 0.144447
2806, 0.61313, 0.141806
2807, 0.612315, 0.139075
2808, 0.613336, 0.133637
2809, 0.614428, 0.129512
2810, 0.617071, 0.127191
2811, 0.619626, 0.124903
2812, 0.621846, 0.123249
2813, 0.624278, 0.121225
2814, 0.62615, 0.119308
2815, 0.628397, 0.11747
2816, 0.630598, 0.117458
2817, 0.633179, 0.117648
2818, 0.635387, 0.116309
2819, 0.637526, 0.114454
2820, 0.638246, 0.109672
2821, 0.638642, 0.105346
2822, 0.640124, 0.100085
2823, 0.64296, 0.0970255
2824, 0.646025, 0.0942346
2825, 0.649029, 0.0912072
2826, 0.652024, 0.0878924
2827, 0.654626, 0.0844819
2828, 0.657646, 0.0822867
2829, 0.660743, 0.0802851
2830, 0.663543, 0.0787589
2831, 0.66647, 0.0757415
2832, 0.669019, 0.0731474
2833, 0.669885, 0.0687211
2834, 0.670631, 0.0643978
2835, 0.671708, 0.0629869
2836, 0.672982, 0.0619213
2837, 0.674668, 0.0608696
2838, 0.675856, 0.0599483
2839, 0.676794, 0.05876
2840, 0.678341, 0.0574811
2841, 0.679978, 0.057863
2842, 0.681454, 0.0583684
2843, 0.682661, 0.057566
2844, 0.683573, 0.0565351
2845, 0.684606, 0.053728
2846, 0.685202, 0.0507488
2847, 0.686236, 0.0482002
2848, 0.685036, 0.0473819
2849, 0.683517, 0.0466458
2850, 0.681692, 0.0459448
2851, 0.680609, 0.0456524
2852, 0.679907, 0.0453924
2853, 0.679196, 0.0467334
2854, 0.678674, 0.0478476
2855, 0.678127, 0.0485683
2856, 0.679637, 0.0481547
2857, 0.680992, 0.0473106
2858, 0.684922, 0.0449545
2859, 0.689723, 0.0423611
2860, 0.697738, 0.0414336
2861, 0.704667, 0.039909
2862, 0.710971, 0.0382917
2863, 0.717776, 0.0359707
2864, 0.724672, 0.0337083
2865, 0.730587, 0.0309028
2866, 0.735255, 0.0295108
2867, 0.739559, 0.0283164
2868, 0.743583, 0.0264228
