Frame Number, Queue Density, Dynamic Density
1, 0.00861883, 0.000208333
2, 0.01801, 0.00493519
3, 0.0279792, 0.0124884
4, 0.0383434, 0.0207014
5, 0.0490764, 0.0298002
6, 0.0601227, 0.0393191
7, 0.0715039, 0.0494286
8, 0.0836258, 0.0601045
9, 0.0963881, 0.0714965
10, 0.109533, 0.0833291
11, 0.114388, 0.0952859
12, 0.11862, 0.102162
13, 0.122633, 0.10618
14, 0.126269, 0.108924
15, 0.129443, 0.11116
16, 0.131903, 0.112891
17, 0.134873, 0.114533
18, 0.137911, 0.116075
19, 0.140946, 0.116728
20, 0.1441, 0.116599
21, 0.14689, 0.115455
22, 0.149461, 0.113457
23, 0.151571, 0.110779
24, 0.154015, 0.108323
25, 0.157003, 0.105801
26, 0.160755, 0.103741
27, 0.16415, 0.101412
28, 0.167637, 0.0993904
29, 0.171653, 0.0980448
30, 0.176549, 0.0975586
31, 0.182366, 0.0975108
32, 0.188159, 0.0994198
33, 0.194519, 0.102074
34, 0.199969, 0.105216
35, 0.204606, 0.107841
36, 0.20915, 0.110901
37, 0.214153, 0.114659
38, 0.219071, 0.119201
39, 0.223633, 0.123674
40, 0.226806, 0.12817
41, 0.229108, 0.13311
42, 0.23186, 0.13741
43, 0.23459, 0.141782
44, 0.238392, 0.146279
45, 0.242901, 0.151519
46, 0.247375, 0.156898
47, 0.25096, 0.161878
48, 0.253864, 0.164756
49, 0.255699, 0.166731
50, 0.257235, 0.167806
51, 0.258556, 0.168071
52, 0.259449, 0.167812
53, 0.259301, 0.166523
54, 0.258457, 0.164522
55, 0.25714, 0.161068
56, 0.255432, 0.155778
57, 0.253529, 0.149
58, 0.251347, 0.141853
59, 0.249321, 0.134457
60, 0.247349, 0.12739
61, 0.245427, 0.120427
62, 0.243414, 0.114026
63, 0.241952, 0.107631
64, 0.240681, 0.100909
65, 0.239715, 0.0944198
66, 0.239235, 0.0886343
67, 0.23866, 0.0833951
68, 0.238239, 0.0789352
69, 0.237867, 0.0747593
70, 0.237731, 0.0702238
71, 0.237543, 0.0655046
72, 0.23767, 0.0604676
73, 0.23786, 0.0544583
74, 0.237875, 0.0499275
75, 0.237818, 0.0458441
76, 0.237424, 0.041912
77, 0.237449, 0.0383997
78, 0.237542, 0.034841
79, 0.237738, 0.0317824
80, 0.23769, 0.0290571
81, 0.237696, 0.0268858
82, 0.23665, 0.0248364
83, 0.235792, 0.0247284
84, 0.235127, 0.0237485
85, 0.234222, 0.0228194
86, 0.233418, 0.0220617
87, 0.23235, 0.0211775
88, 0.231216, 0.020304
89, 0.230015, 0.0191759
90, 0.229043, 0.0182145
91, 0.228176, 0.0173503
92, 0.228758, 0.0170864
93, 0.229742, 0.017179
94, 0.231443, 0.0179352
95, 0.233858, 0.0196543
96, 0.236198, 0.0212994
97, 0.238179, 0.0228164
98, 0.239909, 0.0234398
99, 0.24077, 0.0251435
100, 0.241864, 0.0268627
101, 0.242957, 0.0286744
102, 0.243306, 0.0304059
103, 0.242784, 0.0326775
104, 0.241519, 0.034483
105, 0.239744, 0.0355015
106, 0.237701, 0.036162
107, 0.236883, 0.0370864
108, 0.236211, 0.0385463
109, 0.236356, 0.0388889
110, 0.236509, 0.0391065
111, 0.236691, 0.0392006
112, 0.237019, 0.0388457
113, 0.237627, 0.0374892
114, 0.238755, 0.0361204
115, 0.239236, 0.0350278
116, 0.240298, 0.0342932
117, 0.240534, 0.0335062
118, 0.240792, 0.0327793
119, 0.241262, 0.0321281
120, 0.241515, 0.0315293
121, 0.241835, 0.0311065
122, 0.242241, 0.0312176
123, 0.242631, 0.0310463
124, 0.24196, 0.0315478
125, 0.241998, 0.0317917
126, 0.241665, 0.0318117
127, 0.241221, 0.031659
128, 0.241394, 0.0327068
129, 0.241926, 0.0341204
130, 0.24286, 0.036037
131, 0.243756, 0.0380123
132, 0.244867, 0.0394676
133, 0.246255, 0.0413102
134, 0.248287, 0.0425586
135, 0.251346, 0.0446744
136, 0.255731, 0.0483858
137, 0.261989, 0.0536698
138, 0.269386, 0.0595108
139, 0.277627, 0.0663302
140, 0.28688, 0.0744969
141, 0.297423, 0.083537
142, 0.309489, 0.0938241
143, 0.322789, 0.105583
144, 0.337284, 0.118435
145, 0.351718, 0.132062
146, 0.365532, 0.144645
147, 0.377887, 0.155988
148, 0.388948, 0.165039
149, 0.398667, 0.173265
150, 0.407378, 0.179921
151, 0.415222, 0.186162
152, 0.421969, 0.191179
153, 0.427497, 0.194981
154, 0.432168, 0.197323
155, 0.435911, 0.197363
156, 0.43865, 0.196373
157, 0.441841, 0.196262
158, 0.444864, 0.196682
159, 0.447784, 0.196849
160, 0.450696, 0.195765
161, 0.453316, 0.192915
162, 0.455355, 0.189127
163, 0.45694, 0.184762
164, 0.458199, 0.180278
165, 0.459309, 0.175918
166, 0.460921, 0.172196
167, 0.462688, 0.168611
168, 0.465472, 0.166056
169, 0.469674, 0.163642
170, 0.474472, 0.162386
171, 0.47985, 0.161992
172, 0.485273, 0.162068
173, 0.491423, 0.157886
174, 0.498562, 0.156329
175, 0.505986, 0.154461
176, 0.513134, 0.151665
177, 0.519806, 0.147177
178, 0.525361, 0.143373
179, 0.529602, 0.139278
180, 0.53309, 0.135387
181, 0.536133, 0.132897
182, 0.53688, 0.131926
183, 0.536886, 0.135222
184, 0.535883, 0.135631
185, 0.534705, 0.136267
186, 0.533637, 0.137589
187, 0.532034, 0.139707
188, 0.529864, 0.143682
189, 0.527849, 0.149733
190, 0.525747, 0.156137
191, 0.523853, 0.162556
192, 0.524863, 0.169162
193, 0.526639, 0.175755
194, 0.528807, 0.182448
195, 0.531119, 0.189457
196, 0.534057, 0.195517
197, 0.53709, 0.200841
198, 0.540755, 0.196046
199, 0.542779, 0.191836
200, 0.545377, 0.183733
201, 0.547519, 0.17384
202, 0.549191, 0.162333
203, 0.551519, 0.150639
204, 0.554352, 0.139952
205, 0.55788, 0.129829
206, 0.561292, 0.120406
207, 0.565565, 0.112532
208, 0.569961, 0.110941
209, 0.575992, 0.106451
210, 0.581588, 0.105191
211, 0.587676, 0.104526
212, 0.593566, 0.104535
213, 0.598159, 0.105273
214, 0.601745, 0.105566
215, 0.604846, 0.105326
216, 0.608066, 0.105556
217, 0.610623, 0.104335
218, 0.612895, 0.104177
219, 0.615461, 0.103681
220, 0.617799, 0.102895
221, 0.619576, 0.102269
222, 0.621438, 0.101619
223, 0.623866, 0.0992608
224, 0.625139, 0.0986806
225, 0.626414, 0.0989352
226, 0.627562, 0.098821
227, 0.628846, 0.0991065
228, 0.630739, 0.0989182
229, 0.632054, 0.0992917
230, 0.633431, 0.0998056
231, 0.635133, 0.100051
232, 0.635449, 0.100989
233, 0.635653, 0.10265
234, 0.6371, 0.102248
235, 0.638227, 0.101221
236, 0.638917, 0.100008
237, 0.639471, 0.0985941
238, 0.639502, 0.0978256
239, 0.639906, 0.097463
240, 0.639137, 0.0984336
241, 0.638213, 0.098983
242, 0.638852, 0.0982299
243, 0.638992, 0.0979336
244, 0.639583, 0.0969954
245, 0.640412, 0.0951667
246, 0.641368, 0.0930656
247, 0.642379, 0.0904267
248, 0.643062, 0.0852863
249, 0.642084, 0.0812955
250, 0.642018, 0.0755594
251, 0.641132, 0.0698218
252, 0.639985, 0.0640779
253, 0.63887, 0.0578542
254, 0.637419, 0.0519591
255, 0.635172, 0.0469614
256, 0.632972, 0.0430752
257, 0.632157, 0.0409985
258, 0.631319, 0.04025
259, 0.63258, 0.0379996
260, 0.634182, 0.0357404
261, 0.636801, 0.0335984
262, 0.639043, 0.0315965
263, 0.641304, 0.0303044
264, 0.644299, 0.0301968
265, 0.645021, 0.0306451
266, 0.646466, 0.0310019
267, 0.646975, 0.0307515
268, 0.647723, 0.0311852
269, 0.648511, 0.0322998
270, 0.649511, 0.034015
271, 0.650199, 0.0363353
272, 0.651501, 0.0390432
273, 0.653425, 0.0413738
274, 0.654045, 0.0443823
275, 0.657584, 0.0469147
276, 0.660516, 0.0490027
277, 0.663219, 0.0504255
278, 0.666024, 0.0517033
279, 0.668263, 0.0519668
280, 0.670293, 0.0516948
281, 0.672942, 0.0504217
282, 0.674587, 0.0487377
283, 0.675603, 0.0471435
284, 0.677341, 0.0438646
285, 0.678661, 0.0405698
286, 0.680124, 0.0373916
287, 0.681333, 0.0343252
288, 0.682873, 0.0313299
289, 0.684022, 0.0287731
290, 0.683727, 0.0269579
291, 0.682711, 0.0260683
292, 0.682547, 0.025429
293, 0.682447, 0.0251366
294, 0.68057, 0.0255656
295, 0.679094, 0.0260949
296, 0.676978, 0.0265262
297, 0.674975, 0.0267531
298, 0.672946, 0.0273565
299, 0.671444, 0.0274159
300, 0.671014, 0.0270421
301, 0.671242, 0.0264877
302, 0.673113, 0.0260386
303, 0.675027, 0.0255193
304, 0.678332, 0.0249043
305, 0.681364, 0.0240293
306, 0.684422, 0.0230903
307, 0.686926, 0.0222878
308, 0.689453, 0.0213341
309, 0.691906, 0.0207762
310, 0.691156, 0.0206377
311, 0.690376, 0.0205718
312, 0.687971, 0.0205656
313, 0.685967, 0.0209946
314, 0.684689, 0.0207253
315, 0.683536, 0.0202647
316, 0.682501, 0.0200031
317, 0.681716, 0.0196482
318, 0.680296, 0.0191574
319, 0.67922, 0.0191528
320, 0.681524, 0.0191142
321, 0.683696, 0.0195741
322, 0.685616, 0.0200648
323, 0.686947, 0.0200031
324, 0.687841, 0.0207191
325, 0.688999, 0.0218426
326, 0.690395, 0.0231003
327, 0.690799, 0.0245517
328, 0.691789, 0.0257878
329, 0.692069, 0.0264086
330, 0.692612, 0.0262257
331, 0.692914, 0.0255536
332, 0.693912, 0.0250937
333, 0.69499, 0.0250135
334, 0.693917, 0.0249614
335, 0.692634, 0.0250224
336, 0.690988, 0.0249174
337, 0.689197, 0.0254151
338, 0.687084, 0.0258009
339, 0.685082, 0.0261107
340, 0.682717, 0.0267689
341, 0.680599, 0.0274533
342, 0.677949, 0.0279595
343, 0.675654, 0.0285397
344, 0.675727, 0.0286829
345, 0.675457, 0.0278125
346, 0.675764, 0.0278086
347, 0.677528, 0.027054
348, 0.67941, 0.0265386
349, 0.681575, 0.0263858
350, 0.683996, 0.0264784
351, 0.686098, 0.0265694
352, 0.688075, 0.0266744
353, 0.689762, 0.0263935
354, 0.689915, 0.0269907
355, 0.689997, 0.028287
356, 0.689958, 0.0284398
357, 0.689782, 0.0285123
358, 0.68934, 0.0283843
359, 0.688833, 0.027821
360, 0.688664, 0.0271404
361, 0.68873, 0.0263673
362, 0.68767, 0.0259367
363, 0.686741, 0.0254815
364, 0.686688, 0.0243627
365, 0.687034, 0.0232747
366, 0.687279, 0.0226713
367, 0.686937, 0.0224321
368, 0.687068, 0.0224954
369, 0.686982, 0.0227747
370, 0.686274, 0.023162
371, 0.684737, 0.0239614
372, 0.684556, 0.0243272
373, 0.684361, 0.0247654
374, 0.684467, 0.025179
375, 0.684595, 0.0253997
376, 0.684491, 0.0256296
377, 0.68475, 0.0262562
378, 0.68493, 0.0269707
379, 0.683383, 0.0273318
380, 0.682395, 0.0278056
381, 0.681709, 0.0278102
382, 0.681284, 0.0278889
383, 0.681042, 0.028034
384, 0.680709, 0.0280648
385, 0.679936, 0.0286636
386, 0.679107, 0.0289907
387, 0.679172, 0.0291682
388, 0.678863, 0.0291451
389, 0.680678, 0.0292377
390, 0.681806, 0.0286466
391, 0.683014, 0.028537
392, 0.684024, 0.0283457
393, 0.685113, 0.0279475
394, 0.686155, 0.0274707
395, 0.687718, 0.0267006
396, 0.688328, 0.0272191
397, 0.688016, 0.0272022
398, 0.688076, 0.0271674
399, 0.687702, 0.0274136
400, 0.687917, 0.0278673
401, 0.68822, 0.0276451
402, 0.687924, 0.0269444
403, 0.687279, 0.0265278
404, 0.686578, 0.0262948
405, 0.685904, 0.0259792
406, 0.685922, 0.0243912
407, 0.686388, 0.0230386
408, 0.68671, 0.0215444
409, 0.68725, 0.0199417
410, 0.687722, 0.0186377
411, 0.687778, 0.0179117
412, 0.689766, 0.0186416
413, 0.691787, 0.0191956
414, 0.693908, 0.0198623
415, 0.696184, 0.0208646
416, 0.698449, 0.0218491
417, 0.69912, 0.0229734
418, 0.699673, 0.0239244
419, 0.700829, 0.0251759
420, 0.702119, 0.0258765
421, 0.702679, 0.0273654
422, 0.70151, 0.0274684
423, 0.700775, 0.0275451
424, 0.700295, 0.0273368
425, 0.699154, 0.0268515
426, 0.697842, 0.0263947
427, 0.697492, 0.0257951
428, 0.696627, 0.0254958
429, 0.69439, 0.0252103
430, 0.691907, 0.0253499
431, 0.690779, 0.0245941
432, 0.689956, 0.0243075
433, 0.688122, 0.0238056
434, 0.686491, 0.0236323
435, 0.68492, 0.0229688
436, 0.68418, 0.0223808
437, 0.683457, 0.0227079
438, 0.683468, 0.0230837
439, 0.684324, 0.0236123
440, 0.685399, 0.0241528
441, 0.686792, 0.0243511
442, 0.688147, 0.024216
443, 0.689963, 0.0240285
444, 0.691035, 0.0233831
445, 0.692358, 0.0229255
446, 0.691085, 0.0235181
447, 0.690051, 0.0234657
448, 0.688809, 0.0235779
449, 0.687314, 0.0236119
450, 0.685601, 0.0241161
451, 0.683621, 0.0249757
452, 0.681487, 0.026635
453, 0.679449, 0.0286304
454, 0.676603, 0.031517
455, 0.674101, 0.0348318
456, 0.673972, 0.0372577
457, 0.673981, 0.0395069
458, 0.673609, 0.041515
459, 0.673407, 0.0433461
460, 0.673145, 0.0446709
461, 0.672532, 0.0459101
462, 0.672986, 0.0468484
463, 0.674003, 0.04763
464, 0.676411, 0.0475174
465, 0.678745, 0.0475343
466, 0.68088, 0.047576
467, 0.683174, 0.0473677
468, 0.685934, 0.0474904
469, 0.688772, 0.0474981
470, 0.691604, 0.0468399
471, 0.69246, 0.0480378
472, 0.692281, 0.048733
473, 0.691639, 0.0500301
474, 0.690893, 0.0516404
475, 0.690376, 0.0534221
476, 0.690329, 0.0569661
477, 0.691124, 0.0623194
478, 0.69234, 0.068814
479, 0.693439, 0.0776798
480, 0.695214, 0.0889174
481, 0.700528, 0.100577
482, 0.706393, 0.114839
483, 0.711918, 0.130633
484, 0.718078, 0.148037
485, 0.724929, 0.166944
486, 0.731883, 0.186262
487, 0.734766, 0.205249
488, 0.737222, 0.224003
489, 0.739849, 0.245122
490, 0.742076, 0.269611
491, 0.74454, 0.295148
492, 0.746021, 0.321461
493, 0.74864, 0.346877
494, 0.750204, 0.373098
495, 0.751287, 0.397486
496, 0.751352, 0.42195
497, 0.754397, 0.44534
498, 0.757475, 0.46894
499, 0.759525, 0.488349
500, 0.759235, 0.503699
501, 0.753577, 0.515138
502, 0.749115, 0.524344
503, 0.743488, 0.533886
504, 0.738637, 0.541269
505, 0.733149, 0.548325
506, 0.725559, 0.554189
507, 0.715885, 0.559478
508, 0.702698, 0.56305
509, 0.689886, 0.564934
510, 0.679243, 0.566779
511, 0.671955, 0.569214
512, 0.664044, 0.572175
513, 0.656951, 0.572823
514, 0.649506, 0.574144
515, 0.641483, 0.574957
516, 0.635382, 0.576115
517, 0.629684, 0.577479
518, 0.626775, 0.57953
519, 0.623648, 0.583424
520, 0.619819, 0.586147
521, 0.614622, 0.590061
522, 0.609434, 0.593185
523, 0.602456, 0.597223
524, 0.595933, 0.595933
525, 0.590996, 0.590996
526, 0.587838, 0.587838
527, 0.587194, 0.587194
528, 0.586542, 0.586542
529, 0.581569, 0.581569
530, 0.577878, 0.577878
531, 0.576804, 0.576804
532, 0.576713, 0.576713
533, 0.578379, 0.578379
534, 0.579226, 0.579226
535, 0.581061, 0.581061
536, 0.582813, 0.582813
537, 0.584139, 0.584139
538, 0.585408, 0.585408
539, 0.59122, 0.59122
540, 0.595939, 0.595939
541, 0.600288, 0.600288
542, 0.602604, 0.602604
543, 0.604682, 0.604682
544, 0.608433, 0.608433
545, 0.610272, 0.610272
546, 0.611743, 0.611743
547, 0.613428, 0.613428
548, 0.613967, 0.613967
549, 0.614258, 0.614258
550, 0.614484, 0.614484
551, 0.614333, 0.614333
552, 0.614189, 0.614189
553, 0.614179, 0.614179
554, 0.61141, 0.61141
555, 0.610299, 0.610299
556, 0.610001, 0.610001
557, 0.609752, 0.609752
558, 0.611053, 0.611053
559, 0.612638, 0.612638
560, 0.615106, 0.615106
561, 0.618694, 0.618694
562, 0.619642, 0.619642
563, 0.620754, 0.620754
564, 0.624174, 0.624174
565, 0.625797, 0.625797
566, 0.626488, 0.626488
567, 0.62801, 0.62801
568, 0.631054, 0.629492
569, 0.635596, 0.625778
570, 0.638903, 0.619264
571, 0.644586, 0.612728
572, 0.652834, 0.607272
573, 0.659052, 0.600378
574, 0.661971, 0.59245
575, 0.664069, 0.585256
576, 0.66416, 0.57856
577, 0.660113, 0.572971
578, 0.652369, 0.569552
579, 0.640097, 0.567059
580, 0.626812, 0.567346
581, 0.608073, 0.567101
582, 0.588608, 0.563813
583, 0.5682, 0.559709
584, 0.54838, 0.54838
585, 0.528243, 0.528243
586, 0.509465, 0.509465
587, 0.493354, 0.493354
588, 0.480439, 0.480439
589, 0.471483, 0.471483
590, 0.464417, 0.464417
591, 0.458936, 0.458936
592, 0.454664, 0.454664
593, 0.451797, 0.451797
594, 0.450556, 0.450556
595, 0.449088, 0.449088
596, 0.445374, 0.445374
597, 0.440781, 0.440781
598, 0.435277, 0.435277
599, 0.428887, 0.428887
600, 0.422476, 0.422476
601, 0.414986, 0.414986
602, 0.407704, 0.407704
603, 0.399551, 0.399551
604, 0.388274, 0.388274
605, 0.37698, 0.37698
606, 0.366948, 0.366948
607, 0.356548, 0.356548
608, 0.345397, 0.345397
609, 0.335049, 0.335049
610, 0.32411, 0.32411
611, 0.313903, 0.313903
612, 0.298983, 0.298983
613, 0.284778, 0.284778
614, 0.272277, 0.272277
615, 0.259688, 0.259688
616, 0.247563, 0.247563
617, 0.235148, 0.235148
618, 0.223227, 0.223227
619, 0.210336, 0.210336
620, 0.197202, 0.197202
621, 0.183603, 0.183603
622, 0.174367, 0.174367
623, 0.1669, 0.1669
624, 0.161883, 0.161883
625, 0.15896, 0.15896
626, 0.160143, 0.160143
627, 0.166572, 0.166572
628, 0.176718, 0.176718
629, 0.188527, 0.188527
630, 0.205391, 0.205391
631, 0.226741, 0.226741
632, 0.250702, 0.250702
633, 0.277968, 0.277968
634, 0.306714, 0.306714
635, 0.334815, 0.334815
636, 0.360792, 0.360792
637, 0.385269, 0.385269
638, 0.404408, 0.404408
639, 0.419849, 0.419849
640, 0.428927, 0.428927
641, 0.431684, 0.431684
642, 0.430944, 0.430944
643, 0.42519, 0.42519
644, 0.415225, 0.415225
645, 0.403237, 0.403237
646, 0.384897, 0.384897
647, 0.363295, 0.363295
648, 0.342063, 0.342063
649, 0.323066, 0.323066
650, 0.305154, 0.305154
651, 0.287813, 0.287813
652, 0.269852, 0.269852
653, 0.250564, 0.250564
654, 0.228183, 0.228183
655, 0.205608, 0.205608
656, 0.186511, 0.186511
657, 0.167152, 0.167152
658, 0.147399, 0.147399
659, 0.126268, 0.126268
660, 0.105197, 0.105197
661, 0.0855907, 0.0855907
662, 0.0682666, 0.0682666
663, 0.0532859, 0.0532859
664, 0.043304, 0.043304
665, 0.0355231, 0.0355231
666, 0.0291536, 0.0291536
667, 0.0252963, 0.0252963
668, 0.0270791, 0.0270791
669, 0.0347303, 0.0347303
670, 0.0465154, 0.0465154
671, 0.0644884, 0.0644884
672, 0.0871667, 0.0871667
673, 0.114534, 0.114534
674, 0.14561, 0.142718
675, 0.178952, 0.169123
676, 0.214126, 0.198174
677, 0.250012, 0.231875
678, 0.282367, 0.26867
679, 0.308877, 0.304644
680, 0.330571, 0.330571
681, 0.344514, 0.344514
682, 0.350993, 0.350993
683, 0.351799, 0.351799
684, 0.346746, 0.346746
685, 0.336145, 0.336145
686, 0.321584, 0.321584
687, 0.302717, 0.302717
688, 0.281848, 0.281848
689, 0.259517, 0.259517
690, 0.236399, 0.236399
691, 0.212657, 0.212657
692, 0.189032, 0.189032
693, 0.164767, 0.164767
694, 0.141135, 0.141135
695, 0.119621, 0.119621
696, 0.0999745, 0.0999745
697, 0.0823908, 0.0823908
698, 0.06675, 0.06675
699, 0.0545725, 0.0545725
700, 0.0458445, 0.0458445
701, 0.0418877, 0.0418877
702, 0.0427569, 0.0427569
703, 0.0472685, 0.0472685
704, 0.0550745, 0.0550745
705, 0.0668939, 0.0668939
706, 0.0811292, 0.0811292
707, 0.09863, 0.09863
708, 0.118102, 0.118102
709, 0.138932, 0.134877
710, 0.15923, 0.149302
711, 0.177637, 0.164373
712, 0.194459, 0.183083
713, 0.208826, 0.202802
714, 0.222112, 0.222112
715, 0.232445, 0.232445
716, 0.240224, 0.240224
717, 0.244683, 0.244683
718, 0.245162, 0.245162
719, 0.244494, 0.244494
720, 0.241892, 0.241892
721, 0.238761, 0.238761
722, 0.236091, 0.236091
723, 0.232618, 0.232618
724, 0.22825, 0.22825
725, 0.2221, 0.2221
726, 0.214868, 0.214868
727, 0.206887, 0.206887
728, 0.199096, 0.199096
729, 0.188569, 0.188569
730, 0.177873, 0.177873
731, 0.165733, 0.165733
732, 0.151105, 0.151105
733, 0.136325, 0.136325
734, 0.120512, 0.120512
735, 0.105717, 0.105717
736, 0.0915201, 0.0915201
737, 0.0783596, 0.0783596
738, 0.0658341, 0.0658341
739, 0.0545841, 0.0545841
740, 0.0445216, 0.0445216
741, 0.0365826, 0.0365826
742, 0.0299329, 0.0299329
743, 0.0251034, 0.0251034
744, 0.0210324, 0.0210324
745, 0.0177623, 0.0177623
746, 0.0158202, 0.0158202
747, 0.0138488, 0.0138488
748, 0.0131852, 0.0131852
749, 0.0136227, 0.0136227
750, 0.0145378, 0.0145378
751, 0.0154699, 0.0154699
752, 0.0168156, 0.0168156
753, 0.0176335, 0.0176335
754, 0.0188785, 0.0188785
755, 0.0204487, 0.0197292
756, 0.0233954, 0.0220961
757, 0.0288816, 0.0272596
758, 0.0354267, 0.0339348
759, 0.0419931, 0.0407569
760, 0.0486474, 0.0477863
761, 0.0558179, 0.0546613
762, 0.0637076, 0.0613804
763, 0.0719035, 0.0682284
764, 0.08012, 0.0774174
765, 0.0878785, 0.0878785
766, 0.0942951, 0.0942951
767, 0.0998245, 0.0998245
768, 0.104015, 0.104015
769, 0.108032, 0.108032
770, 0.112324, 0.112324
771, 0.11559, 0.11559
772, 0.117244, 0.117244
773, 0.117211, 0.117211
774, 0.116458, 0.116458
775, 0.11478, 0.11478
776, 0.112134, 0.112134
777, 0.107361, 0.107361
778, 0.101753, 0.101753
779, 0.095767, 0.095767
780, 0.0879028, 0.0879028
781, 0.0800517, 0.0800517
782, 0.072588, 0.072588
783, 0.0662091, 0.0662091
784, 0.0600313, 0.0600313
785, 0.0543376, 0.0543376
786, 0.0488538, 0.0488538
787, 0.0430656, 0.0430656
788, 0.0380826, 0.0380826
789, 0.0334942, 0.0334942
790, 0.0301578, 0.0301578
791, 0.0271154, 0.0271154
792, 0.0237334, 0.0237334
793, 0.0213461, 0.0213461
794, 0.0194282, 0.0194282
795, 0.020162, 0.020162
796, 0.0234429, 0.0234429
797, 0.0268843, 0.0268843
798, 0.0299032, 0.0299032
799, 0.0320436, 0.0320436
800, 0.0335181, 0.0335181
801, 0.0350258, 0.0350258
802, 0.0375135, 0.0375135
803, 0.0408144, 0.0408144
804, 0.0441478, 0.0441478
805, 0.0454209, 0.0454209
806, 0.043853, 0.043853
807, 0.0425613, 0.0425613
808, 0.0399661, 0.0399661
809, 0.0376798, 0.0376798
810, 0.0361366, 0.0361366
811, 0.0355378, 0.0355378
812, 0.0362786, 0.0362786
813, 0.0361366, 0.0361366
814, 0.0364684, 0.0364684
815, 0.0372369, 0.0372369
816, 0.0387847, 0.0387847
817, 0.0410432, 0.0410432
818, 0.0455262, 0.0455262
819, 0.0509452, 0.0509452
820, 0.0568333, 0.0568333
821, 0.0624846, 0.0624846
822, 0.0658206, 0.0658206
823, 0.0672959, 0.0672959
824, 0.0670096, 0.0670096
825, 0.0652573, 0.0652573
826, 0.0635451, 0.0635451
827, 0.060691, 0.060691
828, 0.0569225, 0.0569225
829, 0.0526771, 0.0526771
830, 0.0481771, 0.0481771
831, 0.0432373, 0.0432373
832, 0.0390046, 0.0390046
833, 0.0361065, 0.0361065
834, 0.0345903, 0.0345903
835, 0.0346142, 0.0346142
836, 0.035061, 0.035061
837, 0.0380069, 0.0380069
838, 0.0432083, 0.0432083
839, 0.0482539, 0.0482539
840, 0.0528727, 0.0528727
841, 0.0574066, 0.0574066
842, 0.0617469, 0.0617469
843, 0.0657948, 0.0652527
844, 0.0700262, 0.0688997
845, 0.0736667, 0.0736667
846, 0.0765262, 0.0765262
847, 0.0784853, 0.0784853
848, 0.0787469, 0.0787469
849, 0.0793943, 0.0793943
850, 0.0797369, 0.0797369
851, 0.0801158, 0.0801158
852, 0.0795004, 0.0795004
853, 0.0791663, 0.0791663
854, 0.0765752, 0.0765752
855, 0.0723438, 0.0723438
856, 0.0674911, 0.0674911
857, 0.061189, 0.061189
858, 0.0544545, 0.0544545
859, 0.0472461, 0.0472461
860, 0.040581, 0.040581
861, 0.0338272, 0.0338272
862, 0.027985, 0.027985
863, 0.0221817, 0.0221817
864, 0.0181802, 0.0181802
865, 0.0159317, 0.0159317
866, 0.0145482, 0.0145482
867, 0.0138503, 0.0138503
868, 0.0136019, 0.0136019
869, 0.0136543, 0.0136543
870, 0.013733, 0.013733
871, 0.0139167, 0.00862654
872, 0.0140417, 0.00574383
873, 0.0142037, 0.0043912
874, 0.0143565, 0.00347917
875, 0.0154228, 0.00372454
876, 0.0182438, 0.00592747
877, 0.0220633, 0.00912346
878, 0.0263472, 0.012838
879, 0.0313904, 0.0172886
880, 0.0377731, 0.022909
881, 0.0463904, 0.0300849
882, 0.0556806, 0.0378333
883, 0.066713, 0.0473503
884, 0.0785386, 0.0589136
885, 0.0904661, 0.0709259
886, 0.101535, 0.0826343
887, 0.111711, 0.0936157
888, 0.122196, 0.105696
889, 0.13187, 0.118949
890, 0.141526, 0.13197
891, 0.148736, 0.143971
892, 0.155755, 0.155755
893, 0.160316, 0.160316
894, 0.162408, 0.162408
895, 0.1624, 0.1624
896, 0.158775, 0.158775
897, 0.154829, 0.154829
898, 0.149794, 0.149794
899, 0.142742, 0.142742
900, 0.132083, 0.132083
901, 0.120838, 0.120838
902, 0.109627, 0.109627
903, 0.0989468, 0.0989468
904, 0.0892361, 0.0892361
905, 0.0802855, 0.0802855
906, 0.0741389, 0.0741389
907, 0.068321, 0.068321
908, 0.0628438, 0.0628438
909, 0.0599294, 0.0599294
910, 0.0608306, 0.0608306
911, 0.063664, 0.063664
912, 0.0665455, 0.0665455
913, 0.0699236, 0.0699236
914, 0.0743179, 0.0743179
915, 0.0793796, 0.0793796
916, 0.0849259, 0.0849259
917, 0.0903873, 0.0903873
918, 0.0965648, 0.0965648
919, 0.102323, 0.102323
920, 0.107063, 0.107063
921, 0.110206, 0.110206
922, 0.113218, 0.113218
923, 0.116661, 0.116661
924, 0.120003, 0.120003
925, 0.123605, 0.123605
926, 0.127248, 0.127248
927, 0.130949, 0.130949
928, 0.134014, 0.134014
929, 0.136735, 0.136735
930, 0.13891, 0.13891
931, 0.141292, 0.141292
932, 0.143354, 0.143354
933, 0.144573, 0.144573
934, 0.146125, 0.146125
935, 0.147517, 0.147517
936, 0.148283, 0.146557
937, 0.148381, 0.141772
938, 0.148689, 0.136214
939, 0.149181, 0.130873
940, 0.149901, 0.12606
941, 0.150751, 0.120568
942, 0.151425, 0.113843
943, 0.152352, 0.106214
944, 0.152611, 0.0976798
945, 0.152546, 0.0884506
946, 0.151662, 0.080483
947, 0.151406, 0.0727176
948, 0.150816, 0.0654159
949, 0.150634, 0.0586906
950, 0.150563, 0.0529684
951, 0.151672, 0.0493719
952, 0.152545, 0.046402
953, 0.152635, 0.0432253
954, 0.152737, 0.0414522
955, 0.152584, 0.0401026
956, 0.153389, 0.0386983
957, 0.154194, 0.0385918
958, 0.155056, 0.0394961
959, 0.155443, 0.0407384
960, 0.156231, 0.0421389
961, 0.156295, 0.0419082
962, 0.156862, 0.0416867
963, 0.158047, 0.042929
964, 0.15995, 0.0438071
965, 0.161758, 0.0449853
966, 0.163612, 0.0456829
967, 0.165362, 0.0463696
968, 0.167468, 0.0472994
969, 0.169526, 0.0478009
970, 0.170842, 0.0469051
971, 0.170505, 0.0475517
972, 0.170066, 0.048686
973, 0.16955, 0.0492338
974, 0.168806, 0.0501443
975, 0.168496, 0.0509483
976, 0.168065, 0.0522577
977, 0.167764, 0.0531018
978, 0.167121, 0.0531566
979, 0.166806, 0.0539113
980, 0.166742, 0.0555023
981, 0.169334, 0.0571921
982, 0.173064, 0.0599298
983, 0.178008, 0.0644514
984, 0.184275, 0.0698812
985, 0.191329, 0.0762508
986, 0.199477, 0.0828997
987, 0.209279, 0.0917593
988, 0.220285, 0.101403
989, 0.232315, 0.111566
990, 0.245435, 0.122738
991, 0.258248, 0.133611
992, 0.270816, 0.14391
993, 0.282905, 0.152394
994, 0.293799, 0.159856
995, 0.304366, 0.164666
996, 0.314834, 0.170512
997, 0.324487, 0.175701
998, 0.334279, 0.18158
999, 0.344326, 0.187647
1000, 0.354006, 0.193622
1001, 0.362504, 0.19935
1002, 0.371406, 0.205278
1003, 0.380798, 0.212307
1004, 0.391357, 0.218924
1005, 0.402341, 0.228849
1006, 0.41457, 0.239041
1007, 0.426394, 0.248813
1008, 0.43784, 0.258168
1009, 0.447886, 0.265031
1010, 0.4579, 0.270965
1011, 0.467681, 0.275589
1012, 0.47552, 0.278682
1013, 0.482247, 0.281722
1014, 0.487497, 0.286548
1015, 0.492526, 0.290421
1016, 0.495235, 0.291603
1017, 0.49804, 0.291542
1018, 0.500164, 0.28967
1019, 0.501846, 0.287557
1020, 0.502846, 0.282394
1021, 0.503627, 0.278514
1022, 0.506585, 0.275315
1023, 0.510839, 0.269278
1024, 0.514955, 0.259154
1025, 0.517401, 0.24762
1026, 0.519395, 0.236977
1027, 0.522275, 0.225971
1028, 0.526446, 0.215983
1029, 0.532856, 0.206813
1030, 0.539277, 0.201739
1031, 0.546449, 0.197312
1032, 0.551873, 0.192282
1033, 0.555759, 0.189452
1034, 0.560277, 0.189094
1035, 0.566039, 0.188591
1036, 0.572363, 0.187512
1037, 0.573043, 0.186005
1038, 0.572613, 0.183506
1039, 0.569517, 0.18089
1040, 0.567097, 0.176549
1041, 0.564681, 0.170664
1042, 0.562944, 0.164546
1043, 0.562017, 0.157855
1044, 0.560563, 0.150106
1045, 0.55937, 0.141289
1046, 0.556381, 0.13516
1047, 0.558079, 0.129566
1048, 0.559397, 0.123818
1049, 0.562467, 0.11815
1050, 0.565027, 0.112927
1051, 0.567776, 0.107832
1052, 0.570171, 0.103356
1053, 0.571949, 0.0979414
1054, 0.57159, 0.0933935
1055, 0.570241, 0.0907994
1056, 0.570886, 0.0856744
1057, 0.571341, 0.0805494
1058, 0.571505, 0.0758951
1059, 0.571448, 0.0721651
1060, 0.571385, 0.0687623
1061, 0.572201, 0.066108
1062, 0.574498, 0.0648673
1063, 0.577319, 0.0650941
1064, 0.582984, 0.0659321
1065, 0.589364, 0.0670231
1066, 0.595733, 0.0684043
1067, 0.601882, 0.0698889
1068, 0.608433, 0.0719877
1069, 0.614349, 0.0735509
1070, 0.620035, 0.0739537
1071, 0.6205, 0.0744136
1072, 0.619718, 0.0743981
1073, 0.619137, 0.0745355
1074, 0.617901, 0.0737068
1075, 0.616377, 0.0721451
1076, 0.615805, 0.0703225
1077, 0.61589, 0.0686173
1078, 0.615806, 0.0655911
1079, 0.613214, 0.0629167
1080, 0.610541, 0.0610787
1081, 0.611978, 0.0580355
1082, 0.613464, 0.0538164
1083, 0.614301, 0.0495957
1084, 0.613125, 0.0463627
1085, 0.611616, 0.0433688
1086, 0.609159, 0.040483
1087, 0.605813, 0.0384537
1088, 0.602961, 0.0371435
1089, 0.602861, 0.0354707
1090, 0.60291, 0.0339907
1091, 0.60266, 0.0332963
1092, 0.602738, 0.0327531
1093, 0.603125, 0.0314722
1094, 0.605259, 0.0299923
1095, 0.607588, 0.0281265
1096, 0.610672, 0.0274475
1097, 0.614457, 0.0258395
1098, 0.617905, 0.0244336
1099, 0.620929, 0.0234491
1100, 0.623671, 0.0225895
1101, 0.626417, 0.0215741
1102, 0.628459, 0.0210957
1103, 0.630387, 0.0209954
1104, 0.626691, 0.0209475
1105, 0.623531, 0.0217623
1106, 0.620095, 0.021304
1107, 0.615969, 0.0213657
1108, 0.611495, 0.0215741
1109, 0.607611, 0.0217377
1110, 0.603697, 0.0218349
1111, 0.600292, 0.0225448
1112, 0.597306, 0.0239846
1113, 0.594043, 0.0258333
1114, 0.596403, 0.0278549
1115, 0.598625, 0.029267
1116, 0.600529, 0.0307438
1117, 0.603187, 0.031929
1118, 0.605969, 0.0333642
1119, 0.608168, 0.0345664
1120, 0.610795, 0.0357099
1121, 0.613988, 0.0369552
1122, 0.617019, 0.0371435
1123, 0.619955, 0.0366698
1124, 0.623508, 0.035821
1125, 0.627066, 0.0352793
1126, 0.629758, 0.0350031
1127, 0.631781, 0.0345725
1128, 0.633762, 0.0337793
1129, 0.631385, 0.0333765
1130, 0.629377, 0.0329506
1131, 0.626987, 0.0317485
1132, 0.624415, 0.0304182
1133, 0.622217, 0.0293287
1134, 0.619097, 0.0283704
1135, 0.615976, 0.0276975
1136, 0.613491, 0.026912
1137, 0.610734, 0.0265247
1138, 0.60829, 0.0262855
1139, 0.610222, 0.025787
1140, 0.611373, 0.0251435
1141, 0.611986, 0.0244275
1142, 0.612804, 0.0239414
1143, 0.613616, 0.0234938
1144, 0.614897, 0.0230895
1145, 0.615934, 0.0222685
1146, 0.615792, 0.0220772
1147, 0.616049, 0.0212978
1148, 0.616129, 0.020341
1149, 0.616127, 0.0193688
1150, 0.616397, 0.0184352
1151, 0.616949, 0.0177407
1152, 0.617073, 0.0173596
1153, 0.61675, 0.0171528
1154, 0.614445, 0.0173071
1155, 0.612123, 0.0177469
1156, 0.611281, 0.017466
1157, 0.610298, 0.0175833
1158, 0.609162, 0.017787
1159, 0.608211, 0.0178843
1160, 0.607605, 0.0180633
1161, 0.607039, 0.0182392
1162, 0.606187, 0.0189198
1163, 0.605895, 0.0196806
1164, 0.607982, 0.019892
1165, 0.611034, 0.0195617
1166, 0.613586, 0.0188133
1167, 0.614518, 0.0175571
1168, 0.615968, 0.0165494
1169, 0.617419, 0.0152315
1170, 0.618587, 0.0140648
1171, 0.615279, 0.0134059
1172, 0.612411, 0.0120679
1173, 0.609757, 0.0103796
1174, 0.606629, 0.00883025
1175, 0.603075, 0.00762963
1176, 0.600756, 0.00718673
1177, 0.600468, 0.00706482
1178, 0.599534, 0.00657407
1179, 0.598465, 0.00649537
1180, 0.597643, 0.00625463
1181, 0.601573, 0.00553704
1182, 0.605749, 0.00511265
1183, 0.609525, 0.00518673
1184, 0.613441, 0.00541358
1185, 0.616888, 0.0061358
1186, 0.619164, 0.00668982
1187, 0.619945, 0.00760185
1188, 0.621019, 0.00859877
1189, 0.622543, 0.00937654
1190, 0.623443, 0.0107747
1191, 0.623787, 0.012108
1192, 0.624682, 0.0131373
1193, 0.625491, 0.0139259
1194, 0.626289, 0.0143997
1195, 0.626926, 0.0146404
1196, 0.627503, 0.0148009
1197, 0.629119, 0.0144568
1198, 0.630628, 0.0141281
1199, 0.630525, 0.0140417
1200, 0.630671, 0.013341
1201, 0.63013, 0.0129414
1202, 0.628978, 0.0125509
1203, 0.627941, 0.0125802
1204, 0.62755, 0.0131559
1205, 0.626838, 0.013466
1206, 0.626059, 0.0139599
1207, 0.622639, 0.015946
1208, 0.62004, 0.0179151
1209, 0.618982, 0.0190764
1210, 0.617916, 0.0200718
1211, 0.618149, 0.0208951
1212, 0.61916, 0.0221331
1213, 0.620517, 0.0231154
1214, 0.621063, 0.0237805
1215, 0.622615, 0.0259819
1216, 0.624025, 0.0280305
1217, 0.628156, 0.0283287
1218, 0.631435, 0.0286061
1219, 0.634445, 0.0295428
1220, 0.636959, 0.0305679
1221, 0.639164, 0.0314506
1222, 0.640371, 0.0316115
1223, 0.640943, 0.0310359
1224, 0.640005, 0.0315436
1225, 0.637446, 0.0305305
1226, 0.635256, 0.0295718
1227, 0.632907, 0.0288499
1228, 0.631524, 0.0282662
1229, 0.630639, 0.0278302
1230, 0.630136, 0.0275089
1231, 0.629049, 0.0269676
1232, 0.627641, 0.026534
1233, 0.626429, 0.0275853
1234, 0.626182, 0.0279425
1235, 0.626962, 0.0284603
1236, 0.627751, 0.0292284
1237, 0.629458, 0.0306142
1238, 0.630846, 0.0321968
1239, 0.631722, 0.0339977
1240, 0.630404, 0.0361678
1241, 0.629573, 0.0388052
1242, 0.629309, 0.0420417
1243, 0.628782, 0.0444032
1244, 0.628545, 0.0462905
1245, 0.628081, 0.0479209
1246, 0.628291, 0.0493206
1247, 0.627284, 0.049978
1248, 0.625885, 0.0505444
1249, 0.624003, 0.0512866
1250, 0.623926, 0.0513573
1251, 0.622577, 0.0511516
1252, 0.620956, 0.0505779
1253, 0.619976, 0.0498704
1254, 0.619348, 0.049034
1255, 0.618541, 0.0484051
1256, 0.61717, 0.0473557
1257, 0.612059, 0.0471343
1258, 0.607198, 0.0463071
1259, 0.6031, 0.0447407
1260, 0.599353, 0.0429043
1261, 0.597068, 0.0403773
1262, 0.595, 0.037875
1263, 0.59273, 0.0352353
1264, 0.590657, 0.0332284
1265, 0.588722, 0.0327014
1266, 0.587187, 0.033436
1267, 0.589996, 0.0340286
1268, 0.592873, 0.035169
1269, 0.595127, 0.0368156
1270, 0.59785, 0.0392477
1271, 0.600305, 0.0425903
1272, 0.602801, 0.045963
1273, 0.605157, 0.0496003
1274, 0.60798, 0.0538148
1275, 0.611117, 0.0562793
1276, 0.613969, 0.0577207
1277, 0.617328, 0.0586157
1278, 0.620456, 0.0591451
1279, 0.624876, 0.0590972
1280, 0.629197, 0.0581883
1281, 0.633789, 0.0562284
1282, 0.638491, 0.0530432
1283, 0.643204, 0.0500586
1284, 0.647422, 0.0457778
1285, 0.651118, 0.0418194
1286, 0.65448, 0.0382099
1287, 0.657455, 0.0349506
1288, 0.660379, 0.0318426
1289, 0.662225, 0.0292361
1290, 0.659566, 0.0280139
1291, 0.656541, 0.0274784
1292, 0.653833, 0.027983
1293, 0.651066, 0.0284661
1294, 0.649012, 0.0294414
1295, 0.646964, 0.0301327
1296, 0.644961, 0.0307052
1297, 0.643038, 0.0311312
1298, 0.641254, 0.0322083
1299, 0.639684, 0.0335062
1300, 0.642555, 0.0339089
1301, 0.645433, 0.0346142
1302, 0.648107, 0.0350123
1303, 0.650657, 0.0349861
1304, 0.652509, 0.0341265
1305, 0.654807, 0.0338025
1306, 0.656799, 0.0335478
1307, 0.657009, 0.0336914
1308, 0.65713, 0.0335309
1309, 0.65743, 0.0320725
1310, 0.657263, 0.0306975
1311, 0.657095, 0.0292485
1312, 0.656434, 0.0278827
1313, 0.655818, 0.0270062
1314, 0.655138, 0.026696
1315, 0.650879, 0.0261389
1316, 0.647137, 0.0249105
1317, 0.644937, 0.0231559
1318, 0.642672, 0.0210833
1319, 0.640833, 0.0199321
1320, 0.639292, 0.0187731
1321, 0.637802, 0.01775
1322, 0.635748, 0.017125
1323, 0.633992, 0.0159583
1324, 0.634401, 0.0154167
1325, 0.638655, 0.0147423
1326, 0.642616, 0.0142731
1327, 0.647052, 0.0144259
1328, 0.651437, 0.0147824
1329, 0.654752, 0.0152253
1330, 0.657952, 0.0156836
1331, 0.661523, 0.0157191
1332, 0.662236, 0.0158765
1333, 0.662354, 0.0161404
1334, 0.657872, 0.0160031
1335, 0.653157, 0.0162145
1336, 0.649358, 0.0165972
1337, 0.64536, 0.016125
1338, 0.641576, 0.015591
1339, 0.638116, 0.0147191
1340, 0.634049, 0.0148133
1341, 0.629238, 0.0153302
1342, 0.627991, 0.0166698
1343, 0.627157, 0.0179398
1344, 0.629244, 0.0186481
1345, 0.632206, 0.0195231
1346, 0.635509, 0.0199182
1347, 0.639589, 0.0205648
1348, 0.64237, 0.0213349
1349, 0.642841, 0.0229352
1350, 0.644082, 0.0236589
1351, 0.646344, 0.0240324
1352, 0.648765, 0.0230417
1353, 0.649517, 0.0222793
1354, 0.650554, 0.0219583
1355, 0.650058, 0.0212006
1356, 0.647861, 0.0209275
1357, 0.647635, 0.0218966
1358, 0.648785, 0.0227562
1359, 0.653457, 0.022662
1360, 0.657581, 0.0228565
1361, 0.661461, 0.0229522
1362, 0.66513, 0.0232948
1363, 0.671294, 0.0233719
1364, 0.677855, 0.0233071
1365, 0.681299, 0.0241914
1366, 0.685356, 0.0249753
1367, 0.686274, 0.0251944
1368, 0.686987, 0.0254367
1369, 0.686555, 0.0256651
1370, 0.68655, 0.0256389
1371, 0.68551, 0.0259938
1372, 0.683863, 0.0269475
1373, 0.681142, 0.0280772
1374, 0.676383, 0.0303765
1375, 0.674704, 0.0311651
1376, 0.672695, 0.0312145
1377, 0.670776, 0.0322901
1378, 0.669764, 0.0354583
1379, 0.668622, 0.0409799
1380, 0.66714, 0.0473904
1381, 0.666124, 0.0548488
1382, 0.662809, 0.0630849
1383, 0.660081, 0.073125
1384, 0.657961, 0.0824753
1385, 0.657162, 0.0933781
1386, 0.657282, 0.106065
1387, 0.658254, 0.118481
1388, 0.658936, 0.129265
1389, 0.65989, 0.138685
1390, 0.6581, 0.147519
1391, 0.656872, 0.156944
1392, 0.660018, 0.167134
1393, 0.662185, 0.177319
1394, 0.666213, 0.190046
1395, 0.669669, 0.204492
1396, 0.672443, 0.220113
1397, 0.675135, 0.235023
1398, 0.676704, 0.246613
1399, 0.674639, 0.260319
1400, 0.676353, 0.274425
1401, 0.679658, 0.290426
1402, 0.682552, 0.307211
1403, 0.685264, 0.325157
1404, 0.687084, 0.342132
1405, 0.689213, 0.356945
1406, 0.69044, 0.370929
1407, 0.68973, 0.38549
1408, 0.689169, 0.403551
1409, 0.691794, 0.421498
1410, 0.694001, 0.44015
1411, 0.693291, 0.456755
1412, 0.692458, 0.471956
1413, 0.692177, 0.485992
1414, 0.687288, 0.498752
1415, 0.681302, 0.509002
1416, 0.674985, 0.517723
1417, 0.667205, 0.525332
1418, 0.659385, 0.53299
1419, 0.649743, 0.538446
1420, 0.639644, 0.543718
1421, 0.629172, 0.548899
1422, 0.617644, 0.551699
1423, 0.607308, 0.552102
1424, 0.602345, 0.554371
1425, 0.599356, 0.557969
1426, 0.598054, 0.562327
1427, 0.600039, 0.565985
1428, 0.602086, 0.56895
1429, 0.607747, 0.570071
1430, 0.615067, 0.569686
1431, 0.624313, 0.568832
1432, 0.633326, 0.56984
1433, 0.643052, 0.573387
1434, 0.650932, 0.575272
1435, 0.656605, 0.578365
1436, 0.662408, 0.580512
1437, 0.667833, 0.584556
1438, 0.674378, 0.590096
1439, 0.679877, 0.598131
1440, 0.67846, 0.603873
1441, 0.676444, 0.609323
1442, 0.673555, 0.613862
1443, 0.668574, 0.616813
1444, 0.662766, 0.618313
1445, 0.657986, 0.619724
1446, 0.651321, 0.621613
1447, 0.645313, 0.622562
1448, 0.63927, 0.622743
1449, 0.631679, 0.623322
1450, 0.631225, 0.626652
1451, 0.630155, 0.629798
1452, 0.629791, 0.629791
1453, 0.629256, 0.629256
1454, 0.629847, 0.629847
1455, 0.630535, 0.630535
1456, 0.631887, 0.631887
1457, 0.633275, 0.633275
1458, 0.633853, 0.633853
1459, 0.63506, 0.63506
1460, 0.634215, 0.634215
1461, 0.633564, 0.633564
1462, 0.633882, 0.633882
1463, 0.634235, 0.634235
1464, 0.634191, 0.634191
1465, 0.63141, 0.63141
1466, 0.627659, 0.627659
1467, 0.620319, 0.620319
1468, 0.611085, 0.611085
1469, 0.601577, 0.601577
1470, 0.591995, 0.591995
1471, 0.581837, 0.581837
1472, 0.571681, 0.571681
1473, 0.560819, 0.560819
1474, 0.548959, 0.548959
1475, 0.540366, 0.540366
1476, 0.533593, 0.533593
1477, 0.53111, 0.53111
1478, 0.531361, 0.531361
1479, 0.532641, 0.532641
1480, 0.534048, 0.534048
1481, 0.536833, 0.536833
1482, 0.541081, 0.541081
1483, 0.546721, 0.546721
1484, 0.555048, 0.555048
1485, 0.563582, 0.563582
1486, 0.573542, 0.573542
1487, 0.582411, 0.582411
1488, 0.591115, 0.591115
1489, 0.599052, 0.599052
1490, 0.60428, 0.60428
1491, 0.609001, 0.606428
1492, 0.610803, 0.597392
1493, 0.611836, 0.589313
1494, 0.610239, 0.581318
1495, 0.606295, 0.574487
1496, 0.59791, 0.569807
1497, 0.587143, 0.566404
1498, 0.572837, 0.562314
1499, 0.558907, 0.558481
1500, 0.548036, 0.548036
1501, 0.536694, 0.536694
1502, 0.527221, 0.527221
1503, 0.519299, 0.519299
1504, 0.512091, 0.512091
1505, 0.505403, 0.505403
1506, 0.501201, 0.501201
1507, 0.496547, 0.496547
1508, 0.494701, 0.494701
1509, 0.495675, 0.495675
1510, 0.498044, 0.498044
1511, 0.500348, 0.500348
1512, 0.50061, 0.50061
1513, 0.498736, 0.498736
1514, 0.498027, 0.498027
1515, 0.494493, 0.494493
1516, 0.49179, 0.49179
1517, 0.491039, 0.491039
1518, 0.490569, 0.490569
1519, 0.488159, 0.488159
1520, 0.481714, 0.481714
1521, 0.475424, 0.475424
1522, 0.469286, 0.469286
1523, 0.465493, 0.465493
1524, 0.459655, 0.459655
1525, 0.460445, 0.460445
1526, 0.460264, 0.460264
1527, 0.459277, 0.459277
1528, 0.458984, 0.458984
1529, 0.456843, 0.456843
1530, 0.457615, 0.457615
1531, 0.460711, 0.460711
1532, 0.462739, 0.462739
1533, 0.463214, 0.463214
1534, 0.465476, 0.465476
1535, 0.464018, 0.464018
1536, 0.461454, 0.461454
1537, 0.460471, 0.460471
1538, 0.456064, 0.456064
1539, 0.452622, 0.452622
1540, 0.445995, 0.445995
1541, 0.437292, 0.437292
1542, 0.427674, 0.427674
1543, 0.417473, 0.417473
1544, 0.40737, 0.40737
1545, 0.397559, 0.397559
1546, 0.389027, 0.389027
1547, 0.382362, 0.382362
1548, 0.377998, 0.377998
1549, 0.372159, 0.372159
1550, 0.370275, 0.370275
1551, 0.369899, 0.369899
1552, 0.374756, 0.374756
1553, 0.381086, 0.381086
1554, 0.385889, 0.385889
1555, 0.390642, 0.390642
1556, 0.395685, 0.395685
1557, 0.39588, 0.39588
1558, 0.394657, 0.394657
1559, 0.393576, 0.393576
1560, 0.389856, 0.389856
1561, 0.383318, 0.383318
1562, 0.373657, 0.373657
1563, 0.364144, 0.364144
1564, 0.355009, 0.355009
1565, 0.344472, 0.344472
1566, 0.333752, 0.333752
1567, 0.326493, 0.326493
1568, 0.320603, 0.320603
1569, 0.317608, 0.317608
1570, 0.317853, 0.317853
1571, 0.321063, 0.321063
1572, 0.326995, 0.326995
1573, 0.333316, 0.333316
1574, 0.337656, 0.337656
1575, 0.344254, 0.344254
1576, 0.351466, 0.351466
1577, 0.356527, 0.356527
1578, 0.36201, 0.36201
1579, 0.36581, 0.36581
1580, 0.367085, 0.367085
1581, 0.366176, 0.366176
1582, 0.361331, 0.361331
1583, 0.353998, 0.353998
1584, 0.346518, 0.346518
1585, 0.338033, 0.338033
1586, 0.32614, 0.32614
1587, 0.312885, 0.312885
1588, 0.297229, 0.297229
1589, 0.279593, 0.279593
1590, 0.26109, 0.26109
1591, 0.243058, 0.243058
1592, 0.224595, 0.224595
1593, 0.204662, 0.204662
1594, 0.186693, 0.186693
1595, 0.167254, 0.167254
1596, 0.148882, 0.148882
1597, 0.131274, 0.131274
1598, 0.113963, 0.113963
1599, 0.097988, 0.097988
1600, 0.082924, 0.082924
1601, 0.0668966, 0.0668966
1602, 0.0529498, 0.0529498
1603, 0.0418989, 0.0418989
1604, 0.0316829, 0.0316829
1605, 0.0235737, 0.0235737
1606, 0.0172897, 0.0172897
1607, 0.0126894, 0.0126894
1608, 0.00986073, 0.00986073
1609, 0.00797762, 0.00797762
1610, 0.00683256, 0.00683256
1611, 0.00672377, 0.00672377
1612, 0.00714198, 0.00714198
1613, 0.00745216, 0.00745216
1614, 0.00777778, 0.00777778
1615, 0.00826389, 0.00826389
1616, 0.00874074, 0.00874074
1617, 0.00928086, 0.00928086
1618, 0.00982407, 0.00982407
1619, 0.0102654, 0.0102654
1620, 0.0107762, 0.0107762
1621, 0.0112978, 0.0112978
1622, 0.0114985, 0.0114985
1623, 0.0117485, 0.0117485
1624, 0.0119985, 0.0119985
1625, 0.0120648, 0.0120648
1626, 0.0120123, 0.0120123
1627, 0.0119784, 0.0119784
1628, 0.0120586, 0.0120586
1629, 0.0121389, 0.0121389
1630, 0.0122191, 0.0122191
1631, 0.0122608, 0.0122608
1632, 0.0124861, 0.0124861
1633, 0.0130031, 0.0130031
1634, 0.0137454, 0.0137454
1635, 0.014537, 0.014537
1636, 0.0151836, 0.0146481
1637, 0.0152207, 0.0145216
1638, 0.0146682, 0.0143441
1639, 0.0149738, 0.0148688
1640, 0.0169691, 0.0169691
1641, 0.0196343, 0.0196343
1642, 0.0235525, 0.0235525
1643, 0.029767, 0.029767
1644, 0.037392, 0.037392
1645, 0.0452454, 0.0452454
1646, 0.0539537, 0.0539537
1647, 0.0633534, 0.0633534
1648, 0.0737207, 0.0737207
1649, 0.0835988, 0.0835988
1650, 0.091723, 0.091723
1651, 0.0984444, 0.0984444
1652, 0.103414, 0.103414
1653, 0.104305, 0.104305
1654, 0.1035, 0.1035
1655, 0.101201, 0.101201
1656, 0.0974159, 0.0974159
1657, 0.0932157, 0.0932157
1658, 0.0878391, 0.0878391
1659, 0.0830498, 0.0830498
1660, 0.0768083, 0.0768083
1661, 0.0716624, 0.0716624
1662, 0.0664688, 0.0664688
1663, 0.0626763, 0.0626763
1664, 0.0592373, 0.0592373
1665, 0.0573345, 0.0573345
1666, 0.0569495, 0.0569495
1667, 0.0578997, 0.0578997
1668, 0.0592284, 0.0592284
1669, 0.0606397, 0.0606397
1670, 0.0627639, 0.0627639
1671, 0.0635409, 0.0635409
1672, 0.0632523, 0.0632523
1673, 0.0634842, 0.0634842
1674, 0.0632955, 0.0632955
1675, 0.0617068, 0.0617068
1676, 0.0586142, 0.0586142
1677, 0.0536134, 0.0536134
1678, 0.0482855, 0.0482855
1679, 0.0419398, 0.0419398
1680, 0.0362755, 0.0362755
1681, 0.0317438, 0.0317438
1682, 0.0299869, 0.0299869
1683, 0.029772, 0.029772
1684, 0.0329082, 0.0329082
1685, 0.0402515, 0.0402515
1686, 0.0515486, 0.0515486
1687, 0.0660393, 0.0660393
1688, 0.0838171, 0.0838171
1689, 0.104887, 0.104887
1690, 0.128337, 0.128337
1691, 0.15393, 0.15393
1692, 0.179515, 0.179515
1693, 0.204814, 0.204814
1694, 0.225281, 0.225281
1695, 0.243701, 0.243701
1696, 0.258123, 0.258123
1697, 0.268471, 0.268471
1698, 0.275099, 0.275099
1699, 0.277372, 0.277372
1700, 0.276774, 0.276774
1701, 0.27189, 0.27189
1702, 0.26363, 0.26363
1703, 0.251372, 0.251372
1704, 0.237742, 0.237742
1705, 0.220181, 0.220181
1706, 0.200734, 0.200734
1707, 0.180492, 0.180492
1708, 0.158769, 0.158769
1709, 0.136244, 0.136244
1710, 0.113144, 0.113144
1711, 0.0910799, 0.0910799
1712, 0.070934, 0.070934
1713, 0.053093, 0.053093
1714, 0.0382072, 0.0382072
1715, 0.0261481, 0.0261481
1716, 0.0169051, 0.0169051
1717, 0.0101898, 0.0101898
1718, 0.0059429, 0.0059429
1719, 0.00357562, 0.00357562
1720, 0.00241975, 0.00241975
1721, 0.00227315, 0.00227315
1722, 0.00233333, 0.00233333
1723, 0.00239352, 0.00239352
1724, 0.00248148, 0.00248148
1725, 0.00256944, 0.00256944
1726, 0.00261574, 0.00261574
1727, 0.00266204, 0.00266204
1728, 0.0026929, 0.00235031
1729, 0.00276543, 0.00219753
1730, 0.00269599, 0.0021821
1731, 0.00260339, 0.00217901
1732, 0.00254321, 0.00216358
1733, 0.00248302, 0.00214815
1734, 0.00239506, 0.00216358
1735, 0.0023071, 0.00217901
1736, 0.0022608, 0.00219444
1737, 0.00221451, 0.00220988
1738, 0.00218364, 0.00218364
1739, 0.00211111, 0.00211111
1740, 0.00213889, 0.00213889
1741, 0.00218056, 0.00216049
1742, 0.00222222, 0.00216049
1743, 0.00226389, 0.00217593
1744, 0.00226389, 0.00216049
1745, 0.00226389, 0.00214506
1746, 0.00226389, 0.00212963
1747, 0.00226389, 0.0021142
1748, 0.00226389, 0.00210648
1749, 0.00229167, 0.00210648
1750, 0.00226389, 0.00213735
1751, 0.00229167, 0.00216204
1752, 0.00225, 0.0021929
1753, 0.00387346, 0.00370062
1754, 0.00731636, 0.00708796
1755, 0.011892, 0.0114552
1756, 0.0171327, 0.0161728
1757, 0.022713, 0.0213148
1758, 0.0285494, 0.0265787
1759, 0.0343272, 0.0320957
1760, 0.0401312, 0.037784
1761, 0.0458364, 0.044392
1762, 0.0521698, 0.0521698
1763, 0.057659, 0.057659
1764, 0.0634198, 0.0634198
1765, 0.069517, 0.069517
1766, 0.0763611, 0.0763611
1767, 0.0832346, 0.0832346
1768, 0.0908735, 0.0908735
1769, 0.0982346, 0.0982346
1770, 0.10583, 0.10583
1771, 0.113613, 0.113613
1772, 0.12119, 0.12119
1773, 0.127829, 0.127829
1774, 0.131182, 0.131182
1775, 0.132829, 0.132829
1776, 0.133498, 0.133498
1777, 0.133284, 0.133284
1778, 0.132531, 0.132531
1779, 0.132474, 0.132474
1780, 0.133161, 0.133161
1781, 0.133765, 0.133765
1782, 0.134597, 0.134597
1783, 0.135815, 0.135815
1784, 0.13975, 0.13975
1785, 0.144741, 0.144741
1786, 0.150155, 0.150155
1787, 0.157069, 0.157069
1788, 0.163933, 0.163933
1789, 0.170601, 0.163769
1790, 0.175453, 0.16102
1791, 0.180663, 0.15945
1792, 0.18638, 0.158086
1793, 0.191743, 0.158073
1794, 0.195774, 0.158939
1795, 0.199661, 0.160272
1796, 0.204292, 0.16026
1797, 0.208749, 0.160843
1798, 0.213332, 0.160978
1799, 0.21797, 0.161254
1800, 0.222828, 0.163498
1801, 0.226467, 0.165256
1802, 0.228996, 0.166969
1803, 0.23163, 0.168438
1804, 0.234063, 0.170485
1805, 0.235666, 0.171994
1806, 0.236539, 0.174293
1807, 0.234039, 0.175299
1808, 0.23238, 0.176213
1809, 0.230617, 0.176191
1810, 0.230841, 0.176559
1811, 0.234659, 0.177985
1812, 0.240156, 0.180852
1813, 0.247052, 0.185284
1814, 0.255505, 0.189909
1815, 0.268176, 0.194116
1816, 0.281244, 0.19862
1817, 0.297451, 0.203671
1818, 0.312218, 0.210631
1819, 0.326562, 0.220123
1820, 0.339863, 0.229441
1821, 0.34979, 0.23779
1822, 0.357909, 0.245149
1823, 0.36448, 0.247891
1824, 0.368495, 0.250241
1825, 0.368032, 0.250815
1826, 0.366639, 0.248705
1827, 0.365693, 0.245777
1828, 0.367076, 0.241332
1829, 0.369859, 0.235254
1830, 0.373813, 0.228586
1831, 0.379342, 0.222314
1832, 0.38686, 0.215493
1833, 0.394949, 0.211071
1834, 0.404205, 0.205636
1835, 0.414546, 0.201079
1836, 0.424976, 0.197203
1837, 0.435066, 0.19339
1838, 0.44295, 0.18958
1839, 0.449661, 0.185479
1840, 0.456692, 0.182123
1841, 0.463096, 0.178855
1842, 0.468876, 0.175968
1843, 0.475383, 0.173187
1844, 0.482873, 0.170764
1845, 0.490831, 0.168944
1846, 0.499439, 0.167693
1847, 0.507909, 0.167066
1848, 0.516554, 0.16543
1849, 0.523993, 0.16735
1850, 0.529853, 0.168228
1851, 0.535616, 0.167565
1852, 0.541106, 0.166645
1853, 0.545789, 0.164734
1854, 0.549623, 0.162723
1855, 0.553591, 0.160308
1856, 0.557345, 0.157032
1857, 0.560896, 0.152004
1858, 0.564819, 0.148308
1859, 0.570324, 0.142204
1860, 0.576552, 0.137804
1861, 0.583064, 0.134598
1862, 0.589488, 0.132194
1863, 0.595848, 0.131941
1864, 0.601824, 0.13285
1865, 0.604772, 0.136145
1866, 0.607279, 0.140076
1867, 0.609691, 0.145706
1868, 0.611221, 0.15107
1869, 0.61319, 0.156022
1870, 0.614238, 0.159763
1871, 0.614842, 0.163238
1872, 0.614592, 0.165524
1873, 0.614471, 0.164565
1874, 0.616032, 0.163825
1875, 0.619218, 0.160299
1876, 0.621983, 0.156244
1877, 0.624642, 0.152061
1878, 0.627909, 0.148035
1879, 0.630468, 0.143447
1880, 0.632949, 0.138282
1881, 0.63558, 0.133493
1882, 0.640377, 0.129681
1883, 0.644698, 0.127443
1884, 0.647741, 0.123565
1885, 0.650971, 0.119958
1886, 0.654534, 0.116094
1887, 0.657728, 0.111924
1888, 0.660712, 0.107036
1889, 0.663802, 0.102166
1890, 0.667647, 0.0988908
1891, 0.671446, 0.0951296
1892, 0.673064, 0.0902049
1893, 0.674588, 0.0857265
1894, 0.676503, 0.0815378
1895, 0.67849, 0.0778731
1896, 0.679651, 0.0744001
1897, 0.681591, 0.0715613
1898, 0.683929, 0.0681408
1899, 0.683901, 0.0661088
1900, 0.682579, 0.0630532
1901, 0.681911, 0.0605266
1902, 0.681654, 0.0584738
1903, 0.681926, 0.0568241
1904, 0.68339, 0.0552708
1905, 0.685274, 0.0541852
1906, 0.688333, 0.0533681
1907, 0.694081, 0.0527022
1908, 0.698821, 0.0526667
1909, 0.70618, 0.0510482
1910, 0.713902, 0.0488951
1911, 0.721342, 0.0464452
1912, 0.728353, 0.0441512
