Frame Number, Queue Density, Dynamic Density
1, 0.00922145, 0
2, 0.0192338, 0.00679321
3, 0.0299668, 0.0159398
4, 0.0413943, 0.0259757
5, 0.0536674, 0.0369498
6, 0.0668125, 0.0487774
7, 0.0804776, 0.0609769
8, 0.0944776, 0.073488
9, 0.108385, 0.0857589
10, 0.122658, 0.0980012
11, 0.128835, 0.110819
12, 0.135122, 0.117742
13, 0.140519, 0.122563
14, 0.145293, 0.12572
15, 0.149915, 0.127093
16, 0.154474, 0.126809
17, 0.159954, 0.126452
18, 0.167358, 0.126894
19, 0.175014, 0.127843
20, 0.183057, 0.128662
21, 0.189191, 0.127918
22, 0.195566, 0.12556
23, 0.203392, 0.124491
24, 0.211559, 0.12429
25, 0.21935, 0.126573
26, 0.227026, 0.131418
27, 0.233923, 0.137341
28, 0.239037, 0.143219
29, 0.243392, 0.147759
30, 0.24698, 0.152665
31, 0.251242, 0.159398
32, 0.253474, 0.166352
33, 0.254244, 0.171267
34, 0.254441, 0.17469
35, 0.253961, 0.175818
36, 0.252514, 0.174353
37, 0.250193, 0.169463
38, 0.247173, 0.162056
39, 0.245014, 0.154977
40, 0.242974, 0.147281
41, 0.240972, 0.137677
42, 0.239863, 0.127225
43, 0.23908, 0.11683
44, 0.238153, 0.10641
45, 0.237648, 0.0958302
46, 0.237588, 0.0850663
47, 0.237802, 0.0758117
48, 0.238052, 0.0672299
49, 0.237259, 0.0590247
50, 0.23637, 0.0509228
51, 0.235583, 0.0440494
52, 0.234685, 0.0386296
53, 0.233539, 0.0332052
54, 0.232884, 0.0297022
55, 0.232293, 0.0267917
56, 0.232818, 0.0257361
57, 0.234096, 0.0259907
58, 0.23521, 0.0269383
59, 0.236324, 0.028216
60, 0.237219, 0.0293565
61, 0.238009, 0.0301389
62, 0.238483, 0.0308256
63, 0.239333, 0.0323796
64, 0.240415, 0.0344661
65, 0.241485, 0.0378025
66, 0.241111, 0.0399753
67, 0.240071, 0.0408858
68, 0.239611, 0.0412809
69, 0.239451, 0.0417222
70, 0.239881, 0.0430201
71, 0.240187, 0.0438009
72, 0.241299, 0.0445139
73, 0.242261, 0.0446929
74, 0.241949, 0.0436049
75, 0.241935, 0.0416991
76, 0.241772, 0.0400293
77, 0.242341, 0.0404985
78, 0.243356, 0.042125
79, 0.244961, 0.0432392
80, 0.246451, 0.0441898
81, 0.249366, 0.0465556
82, 0.254795, 0.051929
83, 0.262352, 0.0596281
84, 0.273269, 0.0711358
85, 0.286431, 0.0844907
86, 0.302427, 0.0989707
87, 0.319136, 0.113252
88, 0.336094, 0.12759
89, 0.352696, 0.143674
90, 0.37008, 0.16127
91, 0.387512, 0.179238
92, 0.402455, 0.193167
93, 0.415483, 0.205023
94, 0.426338, 0.21313
95, 0.434841, 0.218704
96, 0.441279, 0.222307
97, 0.446202, 0.224451
98, 0.449985, 0.22473
99, 0.454369, 0.222813
100, 0.458665, 0.219418
101, 0.46334, 0.215372
102, 0.469367, 0.213225
103, 0.476211, 0.21144
104, 0.483571, 0.208752
105, 0.491466, 0.204599
106, 0.499023, 0.20134
107, 0.506648, 0.197198
108, 0.514861, 0.193082
109, 0.520725, 0.189769
110, 0.525608, 0.186718
111, 0.529034, 0.183143
112, 0.53016, 0.179832
113, 0.530051, 0.179782
114, 0.529435, 0.183201
115, 0.52913, 0.189651
116, 0.529725, 0.196278
117, 0.530588, 0.204485
118, 0.531708, 0.212903
119, 0.533556, 0.22094
120, 0.536069, 0.227569
121, 0.538682, 0.232235
122, 0.543228, 0.234035
123, 0.54969, 0.227409
124, 0.556991, 0.217719
125, 0.563805, 0.206938
126, 0.569821, 0.196208
127, 0.575846, 0.183941
128, 0.581395, 0.172042
129, 0.588662, 0.161205
130, 0.596073, 0.150755
131, 0.603319, 0.142668
132, 0.609563, 0.135745
133, 0.614272, 0.133704
134, 0.616707, 0.133474
135, 0.619235, 0.13258
136, 0.622185, 0.131042
137, 0.625352, 0.130364
138, 0.628488, 0.129974
139, 0.630238, 0.128991
140, 0.631551, 0.127753
141, 0.633032, 0.126052
142, 0.634503, 0.126142
143, 0.635789, 0.125326
144, 0.637191, 0.124958
145, 0.638185, 0.124353
146, 0.638897, 0.123815
147, 0.639563, 0.123321
148, 0.640464, 0.12164
149, 0.640468, 0.12024
150, 0.64022, 0.11799
151, 0.639388, 0.114501
152, 0.638048, 0.109391
153, 0.636137, 0.104365
154, 0.637374, 0.0976204
155, 0.637819, 0.0909707
156, 0.638848, 0.0831289
157, 0.639379, 0.074794
158, 0.639337, 0.0683048
159, 0.639497, 0.0625795
160, 0.640759, 0.0578819
161, 0.64323, 0.0548565
162, 0.646244, 0.0530301
163, 0.649846, 0.0519603
164, 0.651986, 0.0522342
165, 0.654516, 0.0528769
166, 0.656823, 0.0550374
167, 0.659155, 0.0573846
168, 0.662093, 0.0591917
169, 0.666866, 0.0607029
170, 0.670481, 0.0621644
171, 0.673213, 0.0622832
172, 0.675887, 0.0602199
173, 0.67883, 0.0577172
174, 0.679932, 0.0538962
175, 0.681069, 0.0508569
176, 0.679973, 0.0484066
177, 0.679176, 0.0459151
178, 0.678126, 0.0429969
179, 0.677205, 0.0394911
180, 0.676442, 0.0362774
181, 0.678025, 0.0343546
182, 0.679239, 0.0339919
183, 0.67983, 0.0334464
184, 0.681383, 0.0327596
185, 0.683473, 0.0315683
186, 0.683609, 0.0299529
187, 0.684155, 0.0287623
188, 0.685221, 0.0287114
189, 0.686631, 0.0290085
190, 0.687944, 0.0294684
191, 0.686823, 0.0295185
192, 0.686002, 0.0286443
193, 0.685591, 0.0280787
194, 0.685489, 0.0285228
195, 0.68535, 0.0292072
196, 0.687657, 0.0308908
197, 0.689865, 0.0323839
198, 0.691222, 0.0320444
199, 0.69273, 0.0312951
200, 0.694174, 0.0304896
201, 0.693781, 0.0300374
202, 0.693503, 0.0301636
203, 0.691223, 0.0317353
204, 0.688867, 0.0322311
205, 0.686507, 0.0324927
206, 0.6857, 0.0315112
207, 0.684218, 0.0303314
208, 0.683595, 0.0307261
209, 0.682442, 0.0310363
210, 0.68163, 0.0314275
211, 0.682951, 0.0318657
212, 0.683643, 0.0321794
213, 0.684867, 0.0312419
214, 0.686165, 0.0305212
215, 0.687529, 0.0300012
216, 0.688974, 0.0302265
217, 0.690529, 0.0300413
218, 0.690307, 0.0299028
219, 0.689775, 0.0296188
220, 0.688815, 0.0293009
221, 0.687809, 0.0288997
222, 0.686909, 0.0286034
223, 0.687122, 0.0283256
224, 0.68738, 0.027892
225, 0.687168, 0.0274769
226, 0.686993, 0.0272608
227, 0.686254, 0.0279691
228, 0.685291, 0.0280694
229, 0.684475, 0.0284321
230, 0.683755, 0.0293966
231, 0.682951, 0.0296219
232, 0.682488, 0.0300664
233, 0.68257, 0.0306744
234, 0.6827, 0.0310988
235, 0.682733, 0.0316451
236, 0.682804, 0.0311512
237, 0.683333, 0.0303272
238, 0.684169, 0.030679
239, 0.685158, 0.0304367
240, 0.686318, 0.0296559
241, 0.687369, 0.0301289
242, 0.68804, 0.0300463
243, 0.688334, 0.0295679
244, 0.688334, 0.0290756
245, 0.688745, 0.0281667
246, 0.688761, 0.0278681
247, 0.688066, 0.0278881
248, 0.690287, 0.0276366
249, 0.692842, 0.0281073
250, 0.69461, 0.0281867
251, 0.695403, 0.0276327
252, 0.697522, 0.028071
253, 0.698422, 0.0287662
254, 0.69984, 0.0299884
255, 0.700647, 0.0310779
256, 0.700463, 0.0316204
257, 0.700568, 0.031885
258, 0.698133, 0.0315023
259, 0.695507, 0.0313376
260, 0.693267, 0.0311505
261, 0.691877, 0.0311115
262, 0.689879, 0.0305027
263, 0.689104, 0.0297712
264, 0.688463, 0.0290706
265, 0.688041, 0.0283326
266, 0.688801, 0.0283835
267, 0.689606, 0.0282079
268, 0.688764, 0.0291188
269, 0.687387, 0.0288021
270, 0.686708, 0.0295965
271, 0.686444, 0.0307751
272, 0.685371, 0.0326015
273, 0.683839, 0.035076
274, 0.68187, 0.0369356
275, 0.679729, 0.03926
276, 0.677267, 0.0413727
277, 0.674795, 0.0436335
278, 0.676348, 0.0456547
279, 0.678586, 0.04861
280, 0.680755, 0.0514232
281, 0.682953, 0.053309
282, 0.685263, 0.0545621
283, 0.686282, 0.0562828
284, 0.687143, 0.0587635
285, 0.688981, 0.061978
286, 0.691515, 0.0674086
287, 0.695919, 0.0759792
288, 0.699122, 0.0871559
289, 0.703296, 0.102496
290, 0.707634, 0.121308
291, 0.713397, 0.142096
292, 0.719661, 0.165843
293, 0.724633, 0.192485
294, 0.73039, 0.226545
295, 0.737076, 0.265309
296, 0.74363, 0.305566
297, 0.748948, 0.347266
298, 0.753702, 0.388939
299, 0.756455, 0.42844
300, 0.756229, 0.466128
301, 0.751114, 0.501043
302, 0.745446, 0.534837
303, 0.743509, 0.565956
304, 0.737578, 0.589463
305, 0.725191, 0.608051
306, 0.712003, 0.623106
307, 0.697878, 0.634617
308, 0.68487, 0.641964
309, 0.67185, 0.645325
310, 0.659132, 0.647188
311, 0.648496, 0.648496
312, 0.637141, 0.637141
313, 0.623388, 0.623388
314, 0.611721, 0.611721
315, 0.606702, 0.606702
316, 0.603836, 0.603836
317, 0.600965, 0.600965
318, 0.592786, 0.592786
319, 0.5863, 0.5863
320, 0.584005, 0.584005
321, 0.58402, 0.58402
322, 0.586519, 0.586519
323, 0.589574, 0.589574
324, 0.593438, 0.593438
325, 0.595358, 0.595358
326, 0.595522, 0.595522
327, 0.597743, 0.597743
328, 0.605292, 0.605292
329, 0.609769, 0.609769
330, 0.611355, 0.611355
331, 0.611141, 0.611141
332, 0.609947, 0.609947
333, 0.610247, 0.610247
334, 0.612701, 0.612701
335, 0.615473, 0.615473
336, 0.618069, 0.618069
337, 0.621022, 0.621022
338, 0.620046, 0.620046
339, 0.621304, 0.621304
340, 0.625179, 0.625179
341, 0.631181, 0.631181
342, 0.636907, 0.636907
343, 0.645994, 0.64172
344, 0.649346, 0.642309
345, 0.650938, 0.64383
346, 0.650098, 0.643172
347, 0.643333, 0.642991
348, 0.634197, 0.634197
349, 0.622274, 0.622274
350, 0.603812, 0.603812
351, 0.582544, 0.582544
352, 0.561044, 0.561044
353, 0.536153, 0.536153
354, 0.515998, 0.515998
355, 0.496718, 0.496718
356, 0.478681, 0.478681
357, 0.4635, 0.4635
358, 0.450562, 0.450562
359, 0.439187, 0.439187
360, 0.432787, 0.432787
361, 0.42655, 0.42655
362, 0.416793, 0.416793
363, 0.40342, 0.40342
364, 0.387736, 0.387736
365, 0.37131, 0.37131
366, 0.355792, 0.355792
367, 0.339263, 0.339263
368, 0.320702, 0.320702
369, 0.300611, 0.300611
370, 0.278703, 0.278703
371, 0.256669, 0.256669
372, 0.23709, 0.23709
373, 0.218723, 0.218723
374, 0.20349, 0.20349
375, 0.190785, 0.190785
376, 0.183919, 0.183919
377, 0.185704, 0.185704
378, 0.196515, 0.196515
379, 0.214935, 0.214935
380, 0.240087, 0.240087
381, 0.268186, 0.268186
382, 0.299008, 0.299008
383, 0.330668, 0.330668
384, 0.357043, 0.357043
385, 0.379145, 0.379145
386, 0.392821, 0.392821
387, 0.396873, 0.396873
388, 0.391079, 0.391079
389, 0.378636, 0.378636
390, 0.359349, 0.359349
391, 0.334733, 0.334733
392, 0.303144, 0.303144
393, 0.267877, 0.267877
394, 0.233895, 0.233895
395, 0.200014, 0.200014
396, 0.16703, 0.16703
397, 0.13627, 0.13627
398, 0.111513, 0.111513
399, 0.0885787, 0.0885787
400, 0.0676277, 0.0676277
401, 0.0562728, 0.0562728
402, 0.0559927, 0.0559927
403, 0.0687527, 0.0687527
404, 0.0919618, 0.0919618
405, 0.123048, 0.123048
406, 0.158707, 0.158707
407, 0.196516, 0.196516
408, 0.230851, 0.230851
409, 0.260652, 0.260652
410, 0.287447, 0.287447
411, 0.303608, 0.303608
412, 0.310241, 0.310241
413, 0.304537, 0.304537
414, 0.286897, 0.286897
415, 0.259578, 0.259578
416, 0.226595, 0.226595
417, 0.190625, 0.190625
418, 0.157287, 0.157287
419, 0.128073, 0.128073
420, 0.103, 0.103
421, 0.0856007, 0.0856007
422, 0.076022, 0.076022
423, 0.0744398, 0.0744398
424, 0.0805232, 0.0805232
425, 0.095076, 0.095076
426, 0.114331, 0.114331
427, 0.134926, 0.134926
428, 0.15778, 0.15778
429, 0.180573, 0.180573
430, 0.20142, 0.20142
431, 0.217097, 0.217097
432, 0.227586, 0.227586
433, 0.234283, 0.234283
434, 0.236751, 0.236751
435, 0.233403, 0.233403
436, 0.226314, 0.226314
437, 0.216039, 0.216039
438, 0.201677, 0.201677
439, 0.184432, 0.184432
440, 0.165358, 0.165358
441, 0.146773, 0.146773
442, 0.128009, 0.128009
443, 0.108312, 0.108312
444, 0.0879711, 0.0879711
445, 0.0699911, 0.0699911
446, 0.0540513, 0.0540513
447, 0.0414595, 0.0414595
448, 0.0317735, 0.0317735
449, 0.0250833, 0.0250833
450, 0.0211628, 0.0211628
451, 0.0191096, 0.0191096
452, 0.0181065, 0.0181065
453, 0.018794, 0.018794
454, 0.0239344, 0.0239344
455, 0.0308773, 0.0308773
456, 0.0379066, 0.0379066
457, 0.0467886, 0.0467886
458, 0.0558827, 0.0558827
459, 0.0647222, 0.0618094
460, 0.0743457, 0.069468
461, 0.0844499, 0.0776177
462, 0.0951111, 0.0901555
463, 0.104656, 0.103048
464, 0.108477, 0.108477
465, 0.1091, 0.1091
466, 0.108511, 0.108511
467, 0.104815, 0.104815
468, 0.0993414, 0.0993414
469, 0.0934201, 0.0934201
470, 0.0859487, 0.0859487
471, 0.0765853, 0.0765853
472, 0.0657959, 0.0657959
473, 0.0554807, 0.0554807
474, 0.0469714, 0.0469714
475, 0.0397153, 0.0397153
476, 0.0336003, 0.0336003
477, 0.0311049, 0.0311049
478, 0.0315702, 0.0315702
479, 0.0316034, 0.0316034
480, 0.0306713, 0.0306713
481, 0.0313341, 0.0313341
482, 0.0343657, 0.0343657
483, 0.0373218, 0.0373218
484, 0.0399637, 0.0399637
485, 0.039963, 0.039963
486, 0.0394807, 0.0394807
487, 0.0393781, 0.0393781
488, 0.0389267, 0.0389267
489, 0.0404275, 0.0404275
490, 0.0432415, 0.0432415
491, 0.046135, 0.046135
492, 0.0487199, 0.0487199
493, 0.0515926, 0.0515926
494, 0.0534579, 0.0534579
495, 0.055836, 0.055836
496, 0.0580243, 0.0580243
497, 0.0573507, 0.0573507
498, 0.0551115, 0.0551115
499, 0.0525282, 0.0525282
500, 0.0499757, 0.0499757
501, 0.0476748, 0.0476748
502, 0.0457095, 0.0457095
503, 0.0458268, 0.0458268
504, 0.0472585, 0.0472585
505, 0.0508056, 0.0508056
506, 0.0545532, 0.0545532
507, 0.0592839, 0.0592839
508, 0.0641304, 0.0641304
509, 0.0696543, 0.0696543
510, 0.0739915, 0.0739915
511, 0.077098, 0.077098
512, 0.0784522, 0.0784522
513, 0.073912, 0.073912
514, 0.0685374, 0.0685374
515, 0.0623229, 0.0623229
516, 0.0562797, 0.0562797
517, 0.0497457, 0.0497457
518, 0.043218, 0.043218
519, 0.0355019, 0.0355019
520, 0.0288538, 0.0288538
521, 0.0228908, 0.0228908
522, 0.0171694, 0.0171694
523, 0.0150289, 0.0150289
524, 0.0142955, 0.0142955
525, 0.0152145, 0.0152145
526, 0.0189198, 0.0189198
527, 0.0234753, 0.0234753
528, 0.0299151, 0.027505
529, 0.0393102, 0.0305197
530, 0.0508194, 0.0350671
531, 0.0638302, 0.0435532
532, 0.0781651, 0.0542924
533, 0.0936393, 0.0673283
534, 0.109542, 0.0819645
535, 0.124829, 0.0978781
536, 0.137245, 0.111165
537, 0.145729, 0.124694
538, 0.149635, 0.135927
539, 0.149039, 0.145854
540, 0.142971, 0.142971
541, 0.134821, 0.134821
542, 0.125147, 0.125147
543, 0.1136, 0.1136
544, 0.101668, 0.101668
545, 0.0896894, 0.0896894
546, 0.0799282, 0.0799282
547, 0.075118, 0.075118
548, 0.0733333, 0.0733333
549, 0.0738387, 0.0738387
550, 0.0783465, 0.0783465
551, 0.0836235, 0.0836235
552, 0.0901921, 0.0901921
553, 0.097054, 0.097054
554, 0.105004, 0.105004
555, 0.113327, 0.113327
556, 0.120235, 0.120235
557, 0.125746, 0.125746
558, 0.130438, 0.130438
559, 0.13464, 0.13464
560, 0.138113, 0.138113
561, 0.141667, 0.141667
562, 0.144728, 0.144728
563, 0.147395, 0.147395
564, 0.149463, 0.149463
565, 0.150597, 0.150597
566, 0.151164, 0.151164
567, 0.151708, 0.146549
568, 0.1516, 0.136912
569, 0.151498, 0.125781
570, 0.151982, 0.114608
571, 0.152975, 0.104523
572, 0.152805, 0.0943642
573, 0.153112, 0.0845772
574, 0.153228, 0.075287
575, 0.153496, 0.0670911
576, 0.154167, 0.0609583
577, 0.155544, 0.0560988
578, 0.157833, 0.0530347
579, 0.160316, 0.0526921
580, 0.162486, 0.0517029
581, 0.163333, 0.05049
582, 0.165369, 0.0506952
583, 0.166321, 0.0511458
584, 0.16715, 0.0519637
585, 0.168418, 0.0535147
586, 0.16912, 0.0544197
587, 0.169188, 0.0553102
588, 0.169696, 0.0565525
589, 0.171958, 0.0584167
590, 0.176255, 0.0645185
591, 0.18275, 0.0725123
592, 0.191316, 0.0814043
593, 0.203505, 0.0927577
594, 0.217648, 0.105012
595, 0.233205, 0.118739
596, 0.249832, 0.133954
597, 0.267355, 0.150645
598, 0.286045, 0.169091
599, 0.304557, 0.188165
600, 0.322931, 0.205258
601, 0.340312, 0.219804
602, 0.357087, 0.234865
603, 0.374052, 0.247421
604, 0.391127, 0.260021
605, 0.407943, 0.273009
606, 0.424887, 0.285054
607, 0.440478, 0.295988
608, 0.454136, 0.304525
609, 0.466479, 0.309322
610, 0.476887, 0.312023
611, 0.486921, 0.315748
612, 0.495122, 0.318722
613, 0.501603, 0.322957
614, 0.507807, 0.325741
615, 0.511517, 0.32567
616, 0.514482, 0.321855
617, 0.520727, 0.315052
618, 0.528615, 0.305789
619, 0.535907, 0.296338
620, 0.543056, 0.288258
621, 0.550429, 0.27846
622, 0.557913, 0.268722
623, 0.560617, 0.257111
624, 0.561826, 0.244472
625, 0.564623, 0.231326
626, 0.56816, 0.219778
627, 0.569145, 0.209636
628, 0.567629, 0.201738
629, 0.566274, 0.194468
630, 0.566292, 0.186239
631, 0.566044, 0.178316
632, 0.565876, 0.167454
633, 0.567385, 0.156281
634, 0.568888, 0.144747
635, 0.569553, 0.133664
636, 0.570551, 0.124036
637, 0.571968, 0.115822
638, 0.577591, 0.107936
639, 0.5837, 0.100914
640, 0.588698, 0.0947924
641, 0.593585, 0.0906643
642, 0.598454, 0.0877153
643, 0.602594, 0.0850332
644, 0.606644, 0.0840872
645, 0.611257, 0.0846829
646, 0.616052, 0.0859028
647, 0.620411, 0.0866559
648, 0.619394, 0.0863843
649, 0.618223, 0.0852909
650, 0.616598, 0.0830077
651, 0.612765, 0.0791883
652, 0.6093, 0.0745903
653, 0.609056, 0.0696667
654, 0.609062, 0.0644267
655, 0.609181, 0.0584938
656, 0.608218, 0.0523904
657, 0.606768, 0.046169
658, 0.609053, 0.0404537
659, 0.611387, 0.0354707
660, 0.613546, 0.0316698
661, 0.617555, 0.0289028
662, 0.62159, 0.0277716
663, 0.619999, 0.0281435
664, 0.618407, 0.0278642
665, 0.616475, 0.0276142
666, 0.614323, 0.0271883
667, 0.612775, 0.0273503
668, 0.609991, 0.0284985
669, 0.607183, 0.0296466
670, 0.605239, 0.0307022
671, 0.603589, 0.0319599
672, 0.601847, 0.033
673, 0.606619, 0.0331836
674, 0.611241, 0.0335664
675, 0.616286, 0.0337145
676, 0.620514, 0.0341806
677, 0.624238, 0.0340556
678, 0.624022, 0.033463
679, 0.623918, 0.0336867
680, 0.623424, 0.033713
681, 0.622892, 0.0337485
682, 0.622106, 0.033642
683, 0.619857, 0.0331219
684, 0.617424, 0.0329259
685, 0.61455, 0.0326466
686, 0.612736, 0.0318873
687, 0.611097, 0.031483
688, 0.612326, 0.0313071
689, 0.61303, 0.0303827
690, 0.613594, 0.029233
691, 0.614042, 0.0270077
692, 0.614397, 0.025196
693, 0.61325, 0.0237948
694, 0.612454, 0.0228488
695, 0.611472, 0.0222855
696, 0.610492, 0.0222577
697, 0.609701, 0.0219691
698, 0.609738, 0.0211605
699, 0.611342, 0.0205432
700, 0.612655, 0.0201435
701, 0.612915, 0.0208765
702, 0.613322, 0.0206381
703, 0.611684, 0.019804
704, 0.609884, 0.01826
705, 0.609042, 0.0170648
706, 0.609029, 0.0157562
707, 0.608302, 0.0141937
708, 0.608406, 0.0129552
709, 0.607461, 0.0118202
710, 0.607498, 0.0114136
711, 0.608657, 0.0103627
712, 0.609448, 0.00983796
713, 0.6134, 0.0101983
714, 0.616906, 0.0110177
715, 0.620331, 0.0114745
716, 0.622729, 0.0117191
717, 0.625508, 0.0126512
718, 0.62787, 0.0139205
719, 0.627811, 0.0148187
720, 0.627455, 0.0149483
721, 0.626594, 0.0147932
722, 0.626225, 0.0153719
723, 0.626988, 0.0155502
724, 0.624492, 0.0168202
725, 0.622811, 0.019206
726, 0.620959, 0.0207446
727, 0.620015, 0.0222168
728, 0.620353, 0.0226875
729, 0.622727, 0.0231312
730, 0.624573, 0.0238858
731, 0.62674, 0.0250679
732, 0.62799, 0.0266744
733, 0.629354, 0.0289873
734, 0.631758, 0.0303418
735, 0.632378, 0.030934
736, 0.632802, 0.0323499
737, 0.633219, 0.0334888
738, 0.6323, 0.0345864
739, 0.630769, 0.0351867
740, 0.62922, 0.0367014
741, 0.627613, 0.0384498
742, 0.627198, 0.0399653
743, 0.627066, 0.0411296
744, 0.626932, 0.042919
745, 0.627726, 0.0446802
746, 0.628432, 0.0464645
747, 0.627556, 0.0485887
748, 0.627267, 0.0514942
749, 0.626274, 0.0550899
750, 0.625525, 0.0580266
751, 0.623684, 0.0598576
752, 0.621807, 0.0611709
753, 0.619076, 0.0622134
754, 0.61385, 0.0629275
755, 0.609134, 0.0635895
756, 0.604665, 0.0636995
757, 0.601262, 0.0622195
758, 0.597719, 0.0602103
759, 0.595049, 0.0580992
760, 0.593104, 0.0563306
761, 0.592904, 0.0551871
762, 0.592274, 0.0555459
763, 0.59224, 0.0561103
764, 0.597453, 0.0568935
765, 0.602086, 0.0574807
766, 0.607262, 0.0582253
767, 0.612627, 0.0604938
768, 0.618572, 0.0632747
769, 0.625302, 0.0662978
770, 0.631539, 0.0680031
771, 0.636999, 0.0684197
772, 0.642245, 0.065946
773, 0.647789, 0.0627022
774, 0.648155, 0.0583395
775, 0.648819, 0.054429
776, 0.649124, 0.0506127
777, 0.649204, 0.0471975
778, 0.648492, 0.0431019
779, 0.647818, 0.0395278
780, 0.647037, 0.0372685
781, 0.646757, 0.0359522
782, 0.646579, 0.0361898
783, 0.646009, 0.0363102
784, 0.648291, 0.0368333
785, 0.650087, 0.0363426
786, 0.651903, 0.0359506
787, 0.652936, 0.0354028
788, 0.654241, 0.0352608
789, 0.651008, 0.0342932
790, 0.648206, 0.0322623
791, 0.645218, 0.0301173
792, 0.642769, 0.0277515
793, 0.640407, 0.0259738
794, 0.641616, 0.0243117
795, 0.643096, 0.0233534
796, 0.644801, 0.022588
797, 0.64687, 0.0216019
798, 0.647982, 0.0203642
799, 0.649826, 0.0189383
800, 0.650514, 0.0185617
801, 0.649519, 0.018135
802, 0.649174, 0.0177546
803, 0.648647, 0.0174244
804, 0.645663, 0.0177369
805, 0.642303, 0.0189074
806, 0.638566, 0.0200039
807, 0.636004, 0.0205517
808, 0.63597, 0.0211929
809, 0.636257, 0.0217431
810, 0.63704, 0.0209398
811, 0.64044, 0.0206019
812, 0.641414, 0.0208881
813, 0.642257, 0.0220972
814, 0.645845, 0.0232284
815, 0.65022, 0.0234599
816, 0.655211, 0.0228318
817, 0.659042, 0.0229653
818, 0.661978, 0.0225918
819, 0.665504, 0.02351
820, 0.669518, 0.0245594
821, 0.671892, 0.0261505
822, 0.675966, 0.0282793
823, 0.679027, 0.0298241
824, 0.678959, 0.0312531
825, 0.677461, 0.0327083
826, 0.674776, 0.0349938
827, 0.673116, 0.0405779
828, 0.670028, 0.0482585
829, 0.665935, 0.0567693
830, 0.662049, 0.0676705
831, 0.659708, 0.0802909
832, 0.658307, 0.0932678
833, 0.658422, 0.107845
834, 0.65699, 0.124755
835, 0.657647, 0.14639
836, 0.659701, 0.170965
837, 0.661457, 0.192258
838, 0.663896, 0.215282
839, 0.665962, 0.240508
840, 0.668395, 0.266436
841, 0.672688, 0.294693
842, 0.675606, 0.322285
843, 0.678981, 0.348796
844, 0.683085, 0.375352
845, 0.685113, 0.400168
846, 0.686387, 0.424081
847, 0.686698, 0.44862
848, 0.683725, 0.470612
849, 0.682871, 0.490249
850, 0.680468, 0.509414
851, 0.670143, 0.522846
852, 0.659175, 0.534355
853, 0.646374, 0.547138
854, 0.636404, 0.55731
855, 0.62953, 0.564207
856, 0.623107, 0.57036
857, 0.617188, 0.574263
858, 0.617073, 0.579669
859, 0.618449, 0.58302
860, 0.623318, 0.585544
861, 0.631633, 0.589862
862, 0.641247, 0.597255
863, 0.653127, 0.60374
864, 0.658718, 0.611097
865, 0.660905, 0.618541
866, 0.660995, 0.625953
867, 0.660649, 0.635358
868, 0.656299, 0.643587
869, 0.651397, 0.651397
870, 0.646488, 0.646488
871, 0.642866, 0.642866
872, 0.637132, 0.637132
873, 0.630657, 0.630657
874, 0.629919, 0.629919
875, 0.630349, 0.630349
876, 0.631188, 0.631188
877, 0.632077, 0.632077
878, 0.633444, 0.633444
879, 0.632781, 0.632781
880, 0.625458, 0.625458
881, 0.616431, 0.616431
882, 0.607574, 0.607574
883, 0.597967, 0.597967
884, 0.585201, 0.585201
885, 0.57279, 0.57279
886, 0.563007, 0.563007
887, 0.554104, 0.554104
888, 0.546198, 0.546198
889, 0.5429, 0.5429
890, 0.544277, 0.544277
891, 0.549994, 0.549994
892, 0.559392, 0.559392
893, 0.569723, 0.569723
894, 0.578982, 0.578982
895, 0.587543, 0.587543
896, 0.592829, 0.592829
897, 0.594746, 0.594746
898, 0.591899, 0.591899
899, 0.584497, 0.584497
900, 0.575779, 0.575779
901, 0.565601, 0.565601
902, 0.553548, 0.553548
903, 0.539143, 0.539143
904, 0.525542, 0.525542
905, 0.514631, 0.514631
906, 0.507678, 0.507678
907, 0.501559, 0.501559
908, 0.498285, 0.498285
909, 0.494758, 0.494758
910, 0.492387, 0.492387
911, 0.489616, 0.489616
912, 0.483959, 0.483959
913, 0.478365, 0.478365
914, 0.475914, 0.475914
915, 0.473422, 0.473422
916, 0.46752, 0.46752
917, 0.463532, 0.463532
918, 0.460705, 0.460705
919, 0.460606, 0.460606
920, 0.459895, 0.459895
921, 0.458008, 0.458008
922, 0.457547, 0.457547
923, 0.455573, 0.455573
924, 0.450821, 0.450821
925, 0.440542, 0.440542
926, 0.430445, 0.430445
927, 0.419851, 0.419851
928, 0.411166, 0.411166
929, 0.400647, 0.400647
930, 0.391915, 0.391915
931, 0.387806, 0.387806
932, 0.383355, 0.383355
933, 0.381662, 0.381662
934, 0.38059, 0.38059
935, 0.380169, 0.380169
936, 0.378267, 0.378267
937, 0.374879, 0.374879
938, 0.369836, 0.369836
939, 0.364191, 0.364191
940, 0.357629, 0.357629
941, 0.34813, 0.34813
942, 0.341829, 0.341829
943, 0.33832, 0.33832
944, 0.338046, 0.338046
945, 0.33829, 0.33829
946, 0.340794, 0.340794
947, 0.344345, 0.344345
948, 0.347363, 0.347363
949, 0.350462, 0.350462
950, 0.350602, 0.350602
951, 0.346729, 0.346729
952, 0.335744, 0.335744
953, 0.318559, 0.318559
954, 0.297318, 0.297318
955, 0.275161, 0.275161
956, 0.250121, 0.250121
957, 0.222847, 0.222847
958, 0.192922, 0.192922
959, 0.162755, 0.162755
960, 0.133409, 0.133409
961, 0.105703, 0.105703
962, 0.0830718, 0.0830718
963, 0.0640015, 0.0640015
964, 0.0476443, 0.0476443
965, 0.0338758, 0.0338758
966, 0.0232195, 0.0232195
967, 0.015439, 0.015439
968, 0.0107971, 0.0107971
969, 0.00891667, 0.00891667
970, 0.00815895, 0.00815895
971, 0.00888889, 0.00888889
972, 0.0095787, 0.0095787
973, 0.0102701, 0.0102701
974, 0.0107747, 0.0107747
975, 0.0112207, 0.0112207
976, 0.0115571, 0.0115571
977, 0.0118796, 0.0118796
978, 0.0123256, 0.0123256
979, 0.0124877, 0.0124877
980, 0.0130972, 0.0130972
981, 0.0138704, 0.0138704
982, 0.0140772, 0.0140772
983, 0.013429, 0.013429
984, 0.015659, 0.015659
985, 0.0187917, 0.0187917
986, 0.0264861, 0.0264861
987, 0.0350324, 0.0350324
988, 0.0439753, 0.0439753
989, 0.0539552, 0.0539552
990, 0.063669, 0.063669
991, 0.0722122, 0.0722122
992, 0.0794938, 0.0794938
993, 0.0863488, 0.0863488
994, 0.0894221, 0.0894221
995, 0.0912099, 0.0912099
996, 0.0876482, 0.0876482
997, 0.0827546, 0.0827546
998, 0.0778642, 0.0778642
999, 0.0722315, 0.0722315
1000, 0.0676072, 0.0676072
1001, 0.064439, 0.064439
1002, 0.0630332, 0.0630332
1003, 0.0605748, 0.0605748
1004, 0.0593576, 0.0593576
1005, 0.0572913, 0.0572913
1006, 0.0546802, 0.0546802
1007, 0.0515197, 0.0515197
1008, 0.0478052, 0.0478052
1009, 0.0446184, 0.0446184
1010, 0.0438129, 0.0438129
1011, 0.0478437, 0.0478437
1012, 0.0558816, 0.0558816
1013, 0.0716362, 0.0716362
1014, 0.0915725, 0.0915725
1015, 0.115546, 0.115546
1016, 0.142923, 0.142923
1017, 0.17095, 0.17095
1018, 0.196701, 0.196701
1019, 0.21991, 0.21991
1020, 0.23841, 0.23841
1021, 0.248626, 0.248626
1022, 0.250037, 0.250037
1023, 0.241453, 0.241453
1024, 0.224401, 0.224401
1025, 0.200104, 0.200104
1026, 0.171549, 0.171549
1027, 0.142001, 0.142001
1028, 0.114748, 0.114748
1029, 0.0892813, 0.0892813
1030, 0.0649279, 0.0649279
1031, 0.0435127, 0.0435127
1032, 0.026995, 0.026995
1033, 0.0150239, 0.0150239
1034, 0.00717052, 0.00717052
1035, 0.00372685, 0.00372685
1036, 0.00252006, 0.00252006
1037, 0.00247994, 0.00247994
1038, 0.00229938, 0.00229938
1039, 0.00229938, 0.00229938
1040, 0.00229938, 0.00229938
1041, 0.00229938, 0.00229938
1042, 0.00220216, 0.00220216
1043, 0.0021142, 0.0021142
1044, 0.00212346, 0.00211574
1045, 0.00207716, 0.00204784
1046, 0.00207253, 0.00200154
1047, 0.00204167, 0.00201698
1048, 0.00201389, 0.00201389
1049, 0.00204167, 0.00203241
1050, 0.00186111, 0.00177469
1051, 0.00190278, 0.00174691
1052, 0.00416358, 0.00383796
1053, 0.00853086, 0.008
1054, 0.0140262, 0.0129059
1055, 0.0197238, 0.0179429
1056, 0.0255139, 0.0233951
1057, 0.0315309, 0.0282701
1058, 0.0395849, 0.0346713
1059, 0.0502299, 0.0431327
1060, 0.0628194, 0.0558164
1061, 0.0761466, 0.0718287
1062, 0.0871049, 0.0852917
1063, 0.096321, 0.096321
1064, 0.104113, 0.104113
1065, 0.110485, 0.110485
1066, 0.116918, 0.116918
1067, 0.123407, 0.123407
1068, 0.129676, 0.129676
1069, 0.133079, 0.133079
1070, 0.136216, 0.136216
1071, 0.139949, 0.139949
1072, 0.145849, 0.145849
1073, 0.152036, 0.152036
1074, 0.15745, 0.15745
1075, 0.165468, 0.165468
1076, 0.173176, 0.173176
1077, 0.181868, 0.181868
1078, 0.191399, 0.189417
1079, 0.201885, 0.189775
1080, 0.210162, 0.188807
1081, 0.215673, 0.187068
1082, 0.219432, 0.182704
1083, 0.222255, 0.179897
1084, 0.224632, 0.18169
1085, 0.227023, 0.183187
1086, 0.231097, 0.187568
1087, 0.237681, 0.192655
1088, 0.244431, 0.198199
1089, 0.255341, 0.20348
1090, 0.268639, 0.211443
1091, 0.283404, 0.219571
1092, 0.297667, 0.22996
1093, 0.311409, 0.238355
1094, 0.325657, 0.244317
1095, 0.337938, 0.250787
1096, 0.349988, 0.256047
1097, 0.361351, 0.259605
1098, 0.372258, 0.261122
1099, 0.380752, 0.260066
1100, 0.388333, 0.256394
1101, 0.396306, 0.252063
1102, 0.405567, 0.247608
1103, 0.415685, 0.244337
1104, 0.428636, 0.242464
1105, 0.443563, 0.239551
1106, 0.459085, 0.233875
1107, 0.473248, 0.228619
1108, 0.486571, 0.223781
1109, 0.496335, 0.222069
1110, 0.505826, 0.219816
1111, 0.515478, 0.217316
1112, 0.524745, 0.215674
1113, 0.535568, 0.213368
1114, 0.545404, 0.209356
1115, 0.554974, 0.205466
1116, 0.563777, 0.201017
1117, 0.5719, 0.194539
1118, 0.579161, 0.185767
1119, 0.585655, 0.177703
1120, 0.592049, 0.171794
1121, 0.598012, 0.167849
1122, 0.603812, 0.16613
1123, 0.608177, 0.166062
1124, 0.613239, 0.167461
1125, 0.61735, 0.167013
1126, 0.620645, 0.16721
1127, 0.622919, 0.167982
1128, 0.624984, 0.168997
1129, 0.630958, 0.168881
1130, 0.63709, 0.168352
1131, 0.642763, 0.165909
1132, 0.648046, 0.160248
1133, 0.653464, 0.15343
1134, 0.65803, 0.14611
1135, 0.66299, 0.139095
1136, 0.667572, 0.13148
1137, 0.672493, 0.124909
1138, 0.677371, 0.120634
1139, 0.678058, 0.114797
1140, 0.677813, 0.108099
1141, 0.678587, 0.101647
1142, 0.680116, 0.0952392
1143, 0.683567, 0.0889931
1144, 0.69026, 0.0823418
1145, 0.696397, 0.0769498
1146, 0.702294, 0.0731316
1147, 0.708591, 0.069652
