The video is over!
Frame Number 	Queue Density
1		0.0744753
2		0.0779552
3		0.0819792
4		0.0882292
5		0.0910725
6		0.0922878
7		0.0973727
8		0.100841
9		0.0990625
10		0.100112
11		0.100791
12		0.102508
13		0.103036
14		0.10564
15		0.10684
16		0.107365
17		0.10782
18		0.109232
19		0.109834
20		0.112133
21		0.112203
22		0.113387
23		0.115594
24		0.118356
25		0.120394
26		0.123846
27		0.125899
28		0.127411
29		0.129699
30		0.129221
31		0.130853
32		0.133048
33		0.133557
34		0.134637
35		0.134823
36		0.13478
37		0.136042
38		0.13755
39		0.137508
40		0.138036
41		0.137307
42		0.137596
43		0.137608
44		0.138044
45		0.136941
46		0.138322
47		0.137396
48		0.135633
49		0.14027
50		0.140621
51		0.141794
52		0.14527
53		0.148233
54		0.150039
55		0.152936
56		0.155297
57		0.157195
58		0.160995
59		0.163191
60		0.163229
61		0.165081
62		0.162056
63		0.16277
64		0.160598
65		0.161161
66		0.16098
67		0.159973
68		0.160926
69		0.161366
70		0.162103
71		0.163275
72		0.163835
73		0.163897
74		0.167751
75		0.167894
76		0.167427
77		0.167863
78		0.169637
79		0.171597
80		0.174606
81		0.175247
82		0.177292
83		0.18341
84		0.184931
85		0.189676
86		0.194633
87		0.195795
88		0.201408
89		0.2089
90		0.210104
91		0.215937
92		0.216678
93		0.219163
94		0.217816
95		0.213881
96		0.215594
97		0.220417
98		0.218835
99		0.217812
100		0.217963
101		0.213245
102		0.213214
103		0.211736
104		0.210806
105		0.209869
106		0.208059
107		0.211115
108		0.21326
109		0.213241
110		0.220617
111		0.221084
112		0.224367
113		0.227593
114		0.228337
115		0.233056
116		0.237519
117		0.237932
118		0.238789
119		0.240455
120		0.240918
121		0.243862
122		0.240015
123		0.241451
124		0.245386
125		0.245139
126		0.24576
127		0.244772
128		0.246161
129		0.247353
130		0.249124
131		0.249819
132		0.250702
133		0.251809
134		0.251103
135		0.253322
136		0.254842
137		0.256736
138		0.2574
139		0.257816
140		0.258677
141		0.25914
142		0.25755
143		0.257396
144		0.259062
145		0.250806
146		0.252477
147		0.254298
148		0.25336
149		0.250625
150		0.25137
151		0.251782
152		0.25076
153		0.252346
154		0.252604
155		0.252373
156		0.250687
157		0.248403
158		0.245069
159		0.244969
160		0.243738
161		0.242427
162		0.242967
163		0.244892
164		0.242311
165		0.241991
166		0.240934
167		0.240914
168		0.240486
169		0.238364
170		0.241728
171		0.240617
172		0.237747
173		0.23691
174		0.236844
175		0.236813
176		0.235995
177		0.235374
178		0.234491
179		0.233414
180		0.232504
181		0.232473
182		0.231979
183		0.233279
184		0.232253
185		0.232616
186		0.231076
187		0.230941
188		0.230899
189		0.231744
190		0.232377
191		0.233256
192		0.231995
193		0.232365
194		0.232782
195		0.240031
196		0.241049
197		0.241142
198		0.242269
199		0.240756
200		0.241019
201		0.240787
202		0.23963
203		0.239171
204		0.240174
205		0.238395
206		0.239198
207		0.23875
208		0.237631
209		0.2375
210		0.237816
211		0.23809
212		0.238615
213		0.236763
214		0.237353
215		0.237635
216		0.238399
217		0.238272
218		0.238519
219		0.238395
220		0.229583
221		0.228981
222		0.229799
223		0.230652
224		0.230822
225		0.230976
226		0.23147
227		0.233704
228		0.231578
229		0.232022
230		0.233241
231		0.232751
232		0.233345
233		0.234479
234		0.233465
235		0.233588
236		0.234383
237		0.233013
238		0.232982
239		0.231265
240		0.230841
241		0.227739
242		0.229911
243		0.229823
244		0.232292
245		0.230247
246		0.230961
247		0.232454
248		0.230992
249		0.232577
250		0.232546
251		0.231373
252		0.231296
253		0.231034
254		0.229846
255		0.230706
256		0.229645
257		0.232346
258		0.230328
259		0.23022
260		0.229568
261		0.230015
262		0.229861
263		0.229321
264		0.228966
265		0.229367
266		0.229618
267		0.228819
268		0.228854
269		0.228411
270		0.225463
271		0.226574
272		0.226235
273		0.226647
274		0.227944
275		0.230525
276		0.230972
277		0.233773
278		0.237473
279		0.238507
280		0.241485
281		0.24397
282		0.244904
283		0.246763
284		0.249248
285		0.249344
286		0.25103
287		0.248071
288		0.249877
289		0.247164
290		0.245594
291		0.244151
292		0.244078
293		0.242716
294		0.242643
295		0.236177
296		0.234398
297		0.233411
298		0.234726
299		0.235116
300		0.234788
301		0.233785
302		0.233148
303		0.233804
304		0.230637
305		0.229444
306		0.230401
307		0.229691
308		0.230984
309		0.229348
310		0.2299
311		0.229668
312		0.230405
313		0.230204
314		0.230525
315		0.231566
316		0.230675
317		0.228912
318		0.227805
319		0.226084
320		0.23289
321		0.231829
322		0.231227
323		0.232118
324		0.231516
325		0.231933
326		0.230282
327		0.231779
328		0.231852
329		0.232149
330		0.232504
331		0.231308
332		0.231667
333		0.231443
334		0.232303
335		0.232018
336		0.231559
337		0.232025
338		0.231628
339		0.232025
340		0.233353
341		0.235112
342		0.235787
343		0.237882
344		0.239846
345		0.232118
346		0.234529
347		0.23914
348		0.238569
349		0.238071
350		0.236914
351		0.237477
352		0.236713
353		0.237315
354		0.237284
355		0.237141
356		0.239174
357		0.239645
358		0.239846
359		0.239807
360		0.240667
361		0.239826
362		0.239877
363		0.240833
364		0.240571
365		0.240957
366		0.239707
367		0.240895
368		0.239861
369		0.240139
370		0.239078
371		0.239599
372		0.239865
373		0.2413
374		0.241184
375		0.240829
376		0.239591
377		0.240995
378		0.240471
379		0.240027
380		0.240637
381		0.240305
382		0.243877
383		0.244167
384		0.245154
385		0.247411
386		0.249232
387		0.250883
388		0.252006
389		0.253561
390		0.25353
391		0.252774
392		0.253576
393		0.254769
394		0.256833
395		0.252052
396		0.250941
397		0.253673
398		0.253364
399		0.253924
400		0.253985
401		0.25216
402		0.255313
403		0.258538
404		0.262623
405		0.265486
406		0.271308
407		0.275436
408		0.278538
409		0.287149
410		0.294333
411		0.299113
412		0.305328
413		0.309865
414		0.315644
415		0.319198
416		0.325154
417		0.326501
418		0.332593
419		0.336269
420		0.337863
421		0.344938
422		0.348634
423		0.351192
424		0.359842
425		0.36635
426		0.367847
427		0.373268
428		0.3775
429		0.380856
430		0.385914
431		0.38983
432		0.393858
433		0.399417
434		0.404846
435		0.404541
436		0.406242
437		0.411219
438		0.412623
439		0.416836
440		0.417068
441		0.415
442		0.418981
443		0.421543
444		0.420961
445		0.413341
446		0.415046
447		0.420328
448		0.421049
449		0.423183
450		0.424294
451		0.426235
452		0.429491
453		0.431327
454		0.433935
455		0.435741
456		0.436157
457		0.438414
458		0.441532
459		0.442477
460		0.442924
461		0.442735
462		0.444383
463		0.444676
464		0.446142
465		0.445741
466		0.443796
467		0.444043
468		0.443364
469		0.446852
470		0.454583
471		0.45446
472		0.456759
473		0.455988
474		0.456651
475		0.458827
476		0.458904
477		0.457978
478		0.458476
479		0.458708
480		0.458638
481		0.461474
482		0.462203
483		0.461651
484		0.463059
485		0.46294
486		0.462458
487		0.46179
488		0.46093
489		0.461547
490		0.46196
491		0.461698
492		0.461559
493		0.461127
494		0.463372
495		0.462257
496		0.462963
497		0.465895
498		0.465818
499		0.47091
500		0.473441
501		0.472716
502		0.478827
503		0.483781
504		0.486096
505		0.489861
506		0.495818
507		0.499167
508		0.503538
509		0.508225
510		0.50914
511		0.512886
512		0.517014
513		0.517099
514		0.517307
515		0.520185
516		0.520586
517		0.519583
518		0.523781
519		0.524414
520		0.530833
521		0.530648
522		0.535046
523		0.534892
524		0.53615
525		0.537261
526		0.536945
527		0.539028
528		0.540818
529		0.54196
530		0.540756
531		0.541034
532		0.543302
533		0.541343
534		0.541265
535		0.540602
536		0.540351
537		0.539799
538		0.540382
539		0.542191
540		0.543333
541		0.540355
542		0.543688
543		0.545926
544		0.547161
545		0.519985
546		0.523573
547		0.524552
548		0.524136
549		0.525648
550		0.524699
551		0.52397
552		0.525123
553		0.52686
554		0.526285
555		0.525432
556		0.524707
557		0.524738
558		0.525579
559		0.519907
560		0.52108
561		0.525694
562		0.52537
563		0.52186
564		0.521983
565		0.521651
566		0.520733
567		0.522762
568		0.520015
569		0.522843
570		0.524846
571		0.527207
572		0.530293
573		0.531624
574		0.533657
575		0.536574
576		0.538048
577		0.537963
578		0.53946
579		0.544151
580		0.548071
581		0.548538
582		0.549772
583		0.551597
584		0.552639
585		0.553665
586		0.555293
587		0.558657
588		0.558553
589		0.558044
590		0.55909
591		0.559452
592		0.556779
593		0.559124
594		0.560424
595		0.547191
596		0.549321
597		0.548272
598		0.5524
599		0.554352
600		0.557751
601		0.558129
602		0.559302
603		0.559923
604		0.561497
605		0.564599
606		0.563881
607		0.566898
608		0.568858
609		0.568627
610		0.57
611		0.577315
612		0.578715
613		0.581107
614		0.58613
615		0.588657
616		0.589298
617		0.592257
618		0.59353
619		0.598056
620		0.5951
621		0.596524
622		0.600015
623		0.603819
624		0.603441
625		0.606559
626		0.606597
627		0.606231
628		0.605752
629		0.606836
630		0.606231
631		0.608623
632		0.612855
633		0.614688
634		0.613194
635		0.612975
636		0.615471
637		0.613889
638		0.611883
639		0.611667
640		0.611505
641		0.611505
642		0.609992
643		0.612654
644		0.612338
645		0.623881
646		0.625131
647		0.627268
648		0.627678
649		0.629383
650		0.629622
651		0.629799
652		0.628711
653		0.629306
654		0.630918
655		0.63304
656		0.634313
657		0.63588
658		0.637176
659		0.636165
660		0.635556
661		0.636948
662		0.638279
663		0.638411
664		0.638171
665		0.641219
666		0.639768
667		0.640733
668		0.64098
669		0.641343
670		0.622045
671		0.624506
672		0.622222
673		0.626096
674		0.627022
675		0.628627
676		0.628164
677		0.629221
678		0.632022
679		0.629236
680		0.629992
681		0.633025
682		0.633457
683		0.637423
684		0.637897
685		0.637612
686		0.639823
687		0.63912
688		0.639352
689		0.641034
690		0.640339
691		0.639275
692		0.64
693		0.640856
694		0.641698
695		0.626134
696		0.625602
697		0.628642
698		0.629707
699		0.630147
700		0.629043
701		0.629969
702		0.629907
703		0.631728
704		0.632932
705		0.633218
706		0.635139
707		0.635293
708		0.6351
709		0.636397
710		0.634877
711		0.635764
712		0.637947
713		0.638202
714		0.638179
715		0.639097
716		0.639861
717		0.640239
718		0.641173
719		0.640139
720		0.633642
721		0.63358
722		0.635154
723		0.637793
724		0.637623
725		0.639097
726		0.640039
727		0.64115
728		0.641011
729		0.641103
730		0.641605
731		0.640409
732		0.641867
733		0.641204
734		0.643372
735		0.643272
736		0.643781
737		0.642824
738		0.643048
739		0.642963
740		0.641798
741		0.64272
742		0.64637
743		0.644923
744		0.645826
745		0.623372
746		0.627303
747		0.627569
748		0.630922
749		0.629012
750		0.631998
751		0.614252
752		0.616547
753		0.618472
754		0.619792
755		0.618735
756		0.618495
757		0.623349
758		0.623086
759		0.622639
760		0.623789
761		0.624738
762		0.625266
763		0.625478
764		0.625883
765		0.626022
766		0.62581
767		0.62787
768		0.625266
769		0.626258
770		0.638966
771		0.638148
772		0.638349
773		0.63841
774		0.634599
775		0.639599
776		0.639182
777		0.645498
778		0.645617
779		0.644938
780		0.644387
781		0.644174
782		0.649356
783		0.650201
784		0.6514
785		0.649259
786		0.648603
787		0.650764
788		0.650629
789		0.651381
790		0.653657
791		0.661057
792		0.663796
793		0.665656
794		0.667809
795		0.627955
796		0.62576
797		0.628553
798		0.6349
799		0.634977
800		0.640336
801		0.64485
802		0.646103
803		0.646327
804		0.643873
805		0.649012
806		0.648511
807		0.650316
808		0.655181
809		0.654016
810		0.653839
811		0.654124
812		0.654417
813		0.656428
814		0.657407
815		0.658723
816		0.656134
817		0.660131
818		0.659182
819		0.662137
820		0.653364
821		0.653827
822		0.6525
823		0.654255
824		0.658449
825		0.656435
826		0.657377
827		0.65946
828		0.660945
829		0.660359
830		0.660637
831		0.664198
832		0.66392
833		0.664553
834		0.666107
835		0.667589
836		0.667157
837		0.669155
838		0.669417
839		0.672299
840		0.671655
841		0.673611
842		0.673121
843		0.675386
844		0.675293
845		0.671262
846		0.669711
847		0.670239
848		0.674522
849		0.670401
850		0.675694
851		0.675201
852		0.676728
853		0.673457
854		0.675127
855		0.672905
856		0.6764
857		0.673422
858		0.678164
859		0.678615
860		0.677755
861		0.678623
862		0.678395
863		0.679591
864		0.679587
865		0.681088
866		0.680675
867		0.681917
868		0.681906
869		0.682365
870		0.663453
871		0.663306
872		0.66414
873		0.665066
874		0.667651
875		0.666925
876		0.666022
877		0.666431
878		0.667458
879		0.667905
880		0.653183
881		0.652681
882		0.651817
883		0.651231
884		0.651543
885		0.653156
886		0.653812
887		0.654225
888		0.65716
889		0.658198
890		0.659456
891		0.659248
892		0.660293
893		0.660451
894		0.660644
895		0.660853
896		0.662921
897		0.664228
898		0.664236
899		0.663599
900		0.663742
901		0.664255
902		0.667666
903		0.66914
904		0.669132
905		0.678449
906		0.678765
907		0.68005
908		0.681115
909		0.681381
910		0.680262
911		0.680328
912		0.681123
913		0.681061
914		0.679865
915		0.681084
916		0.680324
917		0.678167
918		0.677975
919		0.676833
920		0.676551
921		0.677986
922		0.680027
923		0.68115
924		0.680374
925		0.680421
926		0.681277
927		0.682357
928		0.684877
929		0.686663
930		0.659942
931		0.660355
932		0.66017
933		0.663522
934		0.662157
935		0.66512
936		0.665768
937		0.669263
938		0.672161
939		0.671532
940		0.675694
941		0.675313
942		0.675567
943		0.678383
944		0.678962
945		0.678052
946		0.677689
947		0.677172
948		0.676956
949		0.679248
950		0.677951
951		0.675556
952		0.677704
953		0.67429
954		0.674684
955		0.672539
956		0.671177
957		0.673831
958		0.671327
959		0.67782
960		0.674097
961		0.673978
962		0.677623
963		0.677905
964		0.675471
965		0.678368
966		0.678507
967		0.679568
968		0.678985
969		0.678881
970		0.67978
971		0.681242
972		0.681312
973		0.683229
974		0.683252
975		0.683326
976		0.685664
977		0.687184
978		0.684753
979		0.685529
980		0.677708
981		0.677431
982		0.679942
983		0.681165
984		0.681508
985		0.683121
986		0.683422
987		0.681265
988		0.678796
989		0.680691
990		0.684795
991		0.684892
992		0.68434
993		0.687423
994		0.689618
995		0.690976
996		0.69174
997		0.691196
998		0.691744
999		0.69169
1000		0.69216
1001		0.670459
1002		0.670752
1003		0.669807
1004		0.670316
1005		0.6675
1006		0.667218
1007		0.668746
1008		0.667774
1009		0.670147
1010		0.672079
1011		0.662759
1012		0.662072
1013		0.66316
1014		0.664942
1015		0.663669
1016		0.664977
1017		0.666362
1018		0.664043
1019		0.664799
1020		0.664472
1021		0.666663
1022		0.667049
1023		0.667554
1024		0.667643
1025		0.667994
1026		0.668264
1027		0.665498
1028		0.667647
1029		0.667442
1030		0.667508
1031		0.66733
1032		0.669792
1033		0.669236
1034		0.66983
1035		0.670174
1036		0.668067
1037		0.664965
1038		0.668673
1039		0.669684
1040		0.671948
1041		0.672643
1042		0.672813
1043		0.672269
1044		0.671331
1045		0.670085
1046		0.672188
1047		0.673669
1048		0.676138
1049		0.677539
1050		0.677766
1051		0.678974
1052		0.679344
1053		0.678619
1054		0.679977
1055		0.678731
1056		0.678067
1057		0.677882
1058		0.67757
1059		0.678233
1060		0.677384
1061		0.67179
1062		0.672269
1063		0.671022
1064		0.669198
1065		0.669653
1066		0.671011
1067		0.671501
1068		0.672704
1069		0.672242
1070		0.671192
1071		0.674927
1072		0.673904
1073		0.675019
1074		0.675077
1075		0.679198
1076		0.678071
1077		0.679954
1078		0.678256
1079		0.680772
1080		0.681632
1081		0.684348
1082		0.684414
1083		0.686053
1084		0.685019
1085		0.686092
1086		0.674039
1087		0.673082
1088		0.673248
1089		0.673561
1090		0.6726
1091		0.67365
1092		0.670563
1093		0.675984
1094		0.671663
1095		0.673526
1096		0.673318
1097		0.674564
1098		0.674078
1099		0.675579
1100		0.673804
1101		0.672369
1102		0.674981
1103		0.674329
1104		0.677527
1105		0.676169
1106		0.674668
1107		0.675093
1108		0.675401
1109		0.675525
1110		0.674398
1111		0.671802
1112		0.67054
1113		0.672188
1114		0.674387
1115		0.675062
1116		0.674259
1117		0.675116
1118		0.674468
1119		0.674533
1120		0.675417
1121		0.675513
1122		0.676323
1123		0.676497
1124		0.676663
1125		0.676678
1126		0.677087
1127		0.676555
1128		0.675675
1129		0.675035
1130		0.679232
1131		0.679263
1132		0.679715
1133		0.67897
1134		0.677133
1135		0.680297
1136		0.661559
1137		0.661408
1138		0.661119
1139		0.661505
1140		0.664375
1141		0.663337
1142		0.664167
1143		0.66093
1144		0.661238
1145		0.661512
1146		0.663117
1147		0.665725
1148		0.666026
1149		0.668619
1150		0.667639
1151		0.669255
1152		0.670787
1153		0.671084
1154		0.67125
1155		0.667076
1156		0.668576
1157		0.6686
1158		0.666277
1159		0.668086
1160		0.670444
1161		0.679306
1162		0.677288
1163		0.678017
1164		0.67983
1165		0.678488
1166		0.677539
1167		0.682388
1168		0.676092
1169		0.677485
1170		0.678322
1171		0.678827
1172		0.683345
1173		0.679171
1174		0.677431
1175		0.677041
1176		0.678708
1177		0.680285
1178		0.680486
1179		0.679919
1180		0.684209
1181		0.683133
1182		0.681728
1183		0.682755
1184		0.684718
1185		0.682176
1186		0.67458
1187		0.675941
1188		0.67701
1189		0.678839
1190		0.676416
1191		0.67615
1192		0.673121
1193		0.67591
1194		0.677388
1195		0.67777
1196		0.675259
1197		0.678407
1198		0.681586
1199		0.681246
1200		0.68
1201		0.681134
1202		0.680289
1203		0.679518
1204		0.680089
1205		0.680991
1206		0.679718
1207		0.680776
1208		0.679325
1209		0.679587
1210		0.679726
1211		0.673765
1212		0.672087
1213		0.671246
1214		0.671196
1215		0.67417
1216		0.67115
1217		0.673056
1218		0.672944
1219		0.675938
1220		0.676007
1221		0.67836
1222		0.67865
1223		0.680154
1224		0.680451
1225		0.681914
1226		0.68098
1227		0.680401
1228		0.680494
1229		0.681786
1230		0.683866
1231		0.684761
1232		0.682554
1233		0.681887
1234		0.680529
1235		0.680552
1236		0.684078
1237		0.683268
1238		0.68375
1239		0.687886
1240		0.68848
1241		0.688044
1242		0.691389
1243		0.692245
1244		0.692191
1245		0.692377
1246		0.686651
1247		0.688326
1248		0.691489
1249		0.689144
1250		0.690656
1251		0.68032
1252		0.680467
1253		0.680544
1254		0.678499
1255		0.682562
1256		0.681655
1257		0.685289
1258		0.687789
1259		0.687373
1260		0.690231
1261		0.668345
1262		0.672137
1263		0.672357
1264		0.672801
1265		0.675
1266		0.676254
1267		0.675833
1268		0.671786
1269		0.678827
1270		0.679842
1271		0.682512
1272		0.68059
1273		0.679969
1274		0.683843
1275		0.680228
1276		0.680336
1277		0.682002
1278		0.680776
1279		0.679483
1280		0.677261
1281		0.675544
1282		0.67451
1283		0.674321
1284		0.675513
1285		0.674136
1286		0.68054
1287		0.682446
1288		0.682836
1289		0.684579
1290		0.68659
1291		0.687867
1292		0.687627
1293		0.68701
1294		0.690131
1295		0.689958
1296		0.690864
1297		0.689271
1298		0.688171
1299		0.683816
1300		0.68483
1301		0.683399
1302		0.685286
1303		0.686482
1304		0.687168
1305		0.684089
1306		0.683044
1307		0.682897
1308		0.683075
1309		0.683422
1310		0.682234
1311		0.657704
1312		0.657762
1313		0.657581
1314		0.658461
1315		0.66059
1316		0.65735
1317		0.662157
1318		0.663063
1319		0.663993
1320		0.667137
1321		0.666817
1322		0.669082
1323		0.666748
1324		0.665629
1325		0.665644
1326		0.670328
1327		0.667411
1328		0.670675
1329		0.670081
1330		0.668129
1331		0.669992
1332		0.669344
1333		0.670158
1334		0.669267
1335		0.667616
1336		0.662373
1337		0.664429
1338		0.664838
1339		0.665347
1340		0.663692
1341		0.665282
1342		0.664587
1343		0.663545
1344		0.664456
1345		0.665741
1346		0.664815
1347		0.66664
1348		0.667535
1349		0.66784
1350		0.668102
1351		0.667022
1352		0.668268
1353		0.667712
1354		0.6688
1355		0.670459
1356		0.671003
1357		0.671925
1358		0.669452
1359		0.669059
1360		0.668642
1361		0.655972
1362		0.656713
1363		0.659321
1364		0.662454
1365		0.662485
1366		0.663549
1367		0.663179
1368		0.663071
1369		0.663816
1370		0.666362
1371		0.664583
1372		0.662407
1373		0.664167
1374		0.66238
1375		0.664738
1376		0.664834
1377		0.664248
1378		0.666836
1379		0.665386
1380		0.664228
1381		0.66642
1382		0.666478
1383		0.665633
1384		0.666605
1385		0.665991
1386		0.667585
1387		0.668708
1388		0.670922
1389		0.672342
1390		0.671968
1391		0.675729
1392		0.67576
1393		0.675525
1394		0.675027
1395		0.678846
1396		0.677789
1397		0.678279
1398		0.679117
1399		0.679163
1400		0.679329
1401		0.679039
1402		0.682419
1403		0.681489
1404		0.679961
1405		0.679618
1406		0.678889
1407		0.676597
1408		0.679931
1409		0.680174
1410		0.679464
1411		0.667689
1412		0.667708
1413		0.670015
1414		0.673329
1415		0.671246
1416		0.670224
1417		0.674147
1418		0.675058
1419		0.675116
1420		0.675224
1421		0.67679
1422		0.677623
1423		0.677323
1424		0.678576
1425		0.680741
1426		0.681269
1427		0.683453
1428		0.68238
1429		0.685529
1430		0.688719
1431		0.691995
1432		0.691937
1433		0.693843
1434		0.696439
1435		0.698472
1436		0.700941
1437		0.698318
1438		0.702782
1439		0.70289
1440		0.70265
1441		0.708349
1442		0.70826
1443		0.712504
1444		0.716937
1445		0.717249
1446		0.721196
1447		0.72277
1448		0.721597
1449		0.723715
1450		0.72586
1451		0.729911
1452		0.732739
1453		0.734147
1454		0.737103
1455		0.742272
1456		0.745741
1457		0.746887
1458		0.749884
1459		0.752959
1460		0.751952
1461		0.721107
1462		0.724765
1463		0.724587
1464		0.719981
1465		0.721111
1466		0.720289
1467		0.727569
1468		0.727577
1469		0.728067
1470		0.731134
1471		0.729896
1472		0.735297
1473		0.73784
1474		0.739753
1475		0.736944
1476		0.740586
1477		0.73642
1478		0.744074
1479		0.743225
1480		0.746242
1481		0.750698
1482		0.748272
1483		0.751285
1484		0.754525
1485		0.758322
1486		0.754927
1487		0.755571
1488		0.756096
1489		0.757141
1490		0.758017
1491		0.75804
1492		0.756944
1493		0.757025
1494		0.758121
1495		0.75659
1496		0.755301
1497		0.754506
1498		0.757361
1499		0.753133
1500		0.74446
1501		0.708982
1502		0.711443
1503		0.702801
1504		0.706103
1505		0.711968
1506		0.712863
1507		0.71186
1508		0.71706
1509		0.712616
1510		0.712288
1511		0.720718
1512		0.717971
1513		0.72255
1514		0.722006
1515		0.723437
1516		0.696717
1517		0.688819
1518		0.681995
1519		0.681686
1520		0.676277
1521		0.666736
1522		0.650104
1523		0.650509
1524		0.641995
1525		0.644437
1526		0.645232
1527		0.634063
1528		0.63789
1529		0.636204
1530		0.635486
1531		0.630772
1532		0.62755
1533		0.625529
1534		0.621204
1535		0.626431
1536		0.618642
1537		0.625139
1538		0.628835
1539		0.622631
1540		0.622921
1541		0.627454
1542		0.622917
1543		0.613981
1544		0.619892
1545		0.616092
1546		0.615521
1547		0.620343
1548		0.611339
1549		0.609024
1550		0.594896
1551		0.592593
1552		0.588013
1553		0.590282
1554		0.581914
1555		0.57588
1556		0.581759
1557		0.579545
1558		0.577627
1559		0.574047
1560		0.572029
1561		0.548048
1562		0.551381
1563		0.551516
1564		0.552269
1565		0.555532
1566		0.556644
1567		0.557755
1568		0.557315
1569		0.557658
1570		0.559352
1571		0.56017
1572		0.562755
1573		0.566273
1574		0.569576
1575		0.572488
1576		0.577677
1577		0.581728
1578		0.582577
1579		0.584622
1580		0.583287
1581		0.586227
1582		0.587369
1583		0.588318
1584		0.583106
1585		0.584703
1586		0.564849
1587		0.560178
1588		0.56201
1589		0.572234
1590		0.567396
1591		0.573978
1592		0.570336
1593		0.574977
1594		0.576412
1595		0.583252
1596		0.591254
1597		0.586671
1598		0.589491
1599		0.590671
1600		0.596335
1601		0.598711
1602		0.593318
1603		0.598005
1604		0.599591
1605		0.608889
1606		0.616821
1607		0.615679
1608		0.619082
1609		0.625189
1610		0.618727
1611		0.623079
1612		0.618137
1613		0.616829
1614		0.612083
1615		0.610266
1616		0.613133
1617		0.608569
1618		0.593935
1619		0.594255
1620		0.594379
1621		0.589614
1622		0.593638
1623		0.596601
1624		0.588191
1625		0.588464
1626		0.584167
1627		0.587878
1628		0.589174
1629		0.585941
1630		0.588623
1631		0.590073
1632		0.597674
1633		0.599691
1634		0.604973
1635		0.605787
1636		0.627755
1637		0.630444
1638		0.620729
1639		0.619086
1640		0.618573
1641		0.620945
1642		0.618287
1643		0.615235
1644		0.605127
1645		0.601057
1646		0.605343
1647		0.597118
1648		0.601424
1649		0.601806
1650		0.600166
1651		0.598843
1652		0.600293
1653		0.596732
1654		0.59701
1655		0.593083
1656		0.583117
1657		0.58353
1658		0.580968
1659		0.585741
1660		0.582654
1661		0.57586
1662		0.576759
1663		0.585293
1664		0.596049
1665		0.599888
1666		0.603052
1667		0.608364
1668		0.611111
1669		0.612616
1670		0.614606
1671		0.621123
1672		0.618897
1673		0.620405
1674		0.609676
1675		0.609005
1676		0.603522
1677		0.609398
1678		0.603511
1679		0.604483
1680		0.606821
1681		0.611011
1682		0.616991
1683		0.618426
1684		0.619823
1685		0.624637
1686		0.587994
1687		0.586628
1688		0.591535
1689		0.594622
1690		0.599445
1691		0.607485
1692		0.612569
1693		0.611651
1694		0.609398
1695		0.610548
1696		0.616019
1697		0.616748
1698		0.614938
1699		0.621146
1700		0.626906
1701		0.628673
1702		0.634552
1703		0.636852
1704		0.64287
1705		0.647407
1706		0.647496
1707		0.660247
1708		0.657708
1709		0.659637
1710		0.653048
1711		0.691481
1712		0.693843
1713		0.691674
1714		0.695995
1715		0.690922
1716		0.685104
1717		0.680637
1718		0.673735
1719		0.666127
1720		0.650841
1721		0.651227
1722		0.644946
1723		0.634136
1724		0.63005
1725		0.633175
1726		0.628071
1727		0.624209
1728		0.615733
1729		0.600397
1730		0.6024
1731		0.588221
1732		0.576821
1733		0.582689
1734		0.563376
1735		0.568638
1736		0.509572
1737		0.514533
1738		0.514526
1739		0.506115
1740		0.502886
1741		0.491312
1742		0.489958
1743		0.487261
1744		0.476142
1745		0.48027
1746		0.474622
1747		0.47088
1748		0.463673
1749		0.456632
1750		0.447446
1751		0.431574
1752		0.441103
1753		0.434931
1754		0.435224
1755		0.432762
1756		0.437635
1757		0.436049
1758		0.430783
1759		0.434738
1760		0.435748
1761		0.416644
1762		0.426705
1763		0.426323
1764		0.425702
1765		0.426798
1766		0.425768
1767		0.427581
1768		0.428661
1769		0.426875
1770		0.437855
1771		0.436601
1772		0.441053
1773		0.439066
1774		0.436975
1775		0.436165
1776		0.438106
1777		0.434884
1778		0.429514
1779		0.430486
1780		0.428711
1781		0.432265
1782		0.433167
1783		0.425085
1784		0.425035
1785		0.420166
1786		0.389985
1787		0.39456
1788		0.399923
1789		0.396887
1790		0.387978
1791		0.388383
1792		0.386875
1793		0.383407
1794		0.383025
1795		0.381254
1796		0.376134
1797		0.382716
1798		0.378438
1799		0.381354
1800		0.380177
1801		0.384414
1802		0.381019
1803		0.367716
1804		0.367029
1805		0.36581
1806		0.36311
1807		0.349946
1808		0.347778
1809		0.348468
1810		0.338175
1811		0.321655
1812		0.320131
1813		0.316142
1814		0.313669
1815		0.312411
1816		0.305201
1817		0.303133
1818		0.29537
1819		0.298962
1820		0.297581
1821		0.289406
1822		0.278071
1823		0.275015
1824		0.273233
1825		0.28037
1826		0.274907
1827		0.276416
1828		0.273106
1829		0.279109
1830		0.275459
1831		0.271404
1832		0.266219
1833		0.269001
1834		0.256563
1835		0.257523
1836		0.223951
1837		0.217083
1838		0.218904
1839		0.216119
1840		0.210995
1841		0.202245
1842		0.201327
1843		0.194838
1844		0.191563
1845		0.183441
1846		0.174086
1847		0.173684
1848		0.172512
1849		0.167423
1850		0.160594
1851		0.155093
1852		0.154313
1853		0.151752
1854		0.15385
1855		0.153426
1856		0.149028
1857		0.144375
1858		0.145972
1859		0.147573
1860		0.143302
1861		0.137917
1862		0.135478
1863		0.133993
1864		0.128924
1865		0.12613
1866		0.130648
1867		0.127643
1868		0.127157
1869		0.134113
1870		0.142847
1871		0.144834
1872		0.147739
1873		0.152878
1874		0.150548
1875		0.154035
1876		0.163719
1877		0.175154
1878		0.188812
1879		0.203179
1880		0.211404
1881		0.222677
1882		0.243372
1883		0.246474
1884		0.256397
1885		0.271535
1886		0.253086
1887		0.269892
1888		0.290602
1889		0.295926
1890		0.314429
1891		0.329514
1892		0.336165
1893		0.348005
1894		0.361879
1895		0.368561
1896		0.371601
1897		0.382554
1898		0.394113
1899		0.409938
1900		0.424869
1901		0.432415
1902		0.440625
1903		0.442948
1904		0.445995
1905		0.452369
1906		0.458075
1907		0.461983
1908		0.458912
1909		0.455926
1910		0.461836
1911		0.484522
1912		0.475147
1913		0.477809
1914		0.47
1915		0.460324
1916		0.453411
1917		0.441296
1918		0.433056
1919		0.428557
1920		0.421227
1921		0.411358
1922		0.406906
1923		0.392122
1924		0.393465
1925		0.386813
1926		0.375255
1927		0.37125
1928		0.3724
1929		0.359607
1930		0.353997
1931		0.349552
1932		0.34586
1933		0.337608
1934		0.328187
1935		0.325255
1936		0.294074
1937		0.29049
1938		0.280448
1939		0.271937
1940		0.268808
1941		0.266833
1942		0.251219
1943		0.25037
1944		0.248657
1945		0.248275
1946		0.247176
1947		0.246065
1948		0.253218
1949		0.248075
1950		0.235498
1951		0.230054
1952		0.219352
1953		0.211968
1954		0.200907
1955		0.197033
1956		0.188414
1957		0.179306
1958		0.169846
1959		0.165455
1960		0.146196
1961		0.131458
1962		0.118121
1963		0.111073
1964		0.106566
1965		0.102859
1966		0.0965471
1967		0.0932022
1968		0.0881867
1969		0.0802932
1970		0.0809684
1971		0.0726582
1972		0.0664506
1973		0.0598071
1974		0.0527585
1975		0.047392
1976		0.0453048
1977		0.0372068
1978		0.033179
1979		0.0307099
1980		0.0284645
1981		0.0219059
1982		0.019564
1983		0.0181481
1984		0.0180556
1985		0.0184144
1986		0.0195139
1987		0.0197685
1988		0.0215394
1989		0.0193981
1990		0.0208333
1991		0.0210957
1992		0.0215432
1993		0.0218171
1994		0.02125
1995		0.0216088
1996		0.0208912
1997		0.0216512
1998		0.0219329
1999		0.0220525
2000		0.0258719
2001		0.0339313
2002		0.0474923
2003		0.0559645
2004		0.0705015
2005		0.0872106
2006		0.0965046
2007		0.113646
2008		0.127168
2009		0.134958
2010		0.154788
2011		0.168835
2012		0.180108
2013		0.200471
2014		0.218017
2015		0.227238
2016		0.248148
2017		0.27012
2018		0.280262
2019		0.301481
2020		0.309089
2021		0.320154
2022		0.331829
2023		0.344406
2024		0.352215
2025		0.356254
2026		0.36838
2027		0.378364
2028		0.379556
2029		0.392759
2030		0.388808
2031		0.397029
2032		0.398735
2033		0.397685
2034		0.402454
2035		0.400656
2036		0.389626
2037		0.380123
2038		0.379275
2039		0.372805
2040		0.359934
2041		0.350891
2042		0.348592
2043		0.334522
2044		0.326103
2045		0.319039
2046		0.310077
2047		0.304144
2048		0.301948
2049		0.302531
2050		0.288607
2051		0.290775
2052		0.281856
2053		0.27076
2054		0.266111
2055		0.252716
2056		0.237137
2057		0.229448
2058		0.222732
2059		0.211485
2060		0.20909
2061		0.204402
2062		0.193488
2063		0.190536
2064		0.183897
2065		0.168715
2066		0.163546
2067		0.1549
2068		0.144738
2069		0.140031
2070		0.131076
2071		0.118819
2072		0.108974
2073		0.0996991
2074		0.0881752
2075		0.0838387
2076		0.076713
2077		0.0690509
2078		0.0636767
2079		0.0604745
2080		0.056115
2081		0.0540818
2082		0.0479514
2083		0.0426968
2084		0.0400077
2085		0.0347685
2086		0.0285147
2087		0.0285378
2088		0.0298148
2089		0.0276813
2090		0.0263696
2091		0.0276775
2092		0.0271373
2093		0.0274769
2094		0.02625
2095		0.0286111
2096		0.0285494
2097		0.0308488
2098		0.0345679
2099		0.0370062
2100		0.0423843
2101		0.0487539
2102		0.0520795
2103		0.060463
2104		0.0696219
2105		0.0740779
2106		0.0828819
2107		0.0919406
2108		0.095787
2109		0.103341
2110		0.113272
2111		0.114286
2112		0.123202
2113		0.131358
2114		0.138723
2115		0.149907
2116		0.15613
2117		0.164676
2118		0.171073
2119		0.183866
2120		0.188333
2121		0.199105
2122		0.209799
2123		0.211825
2124		0.220702
2125		0.22392
2126		0.230532
2127		0.234823
2128		0.24642
2129		0.243387
2130		0.252168
2131		0.256092
2132		0.25088
2133		0.249491
2134		0.246798
2135		0.242037
2136		0.256211
2137		0.250316
2138		0.254664
2139		0.252253
2140		0.266806
2141		0.260131
2142		0.261713
2143		0.26169
2144		0.265432
2145		0.263102
2146		0.259298
2147		0.258025
2148		0.253711
2149		0.251022
2150		0.253696
2151		0.248545
2152		0.236358
2153		0.235475
2154		0.235297
2155		0.239769
2156		0.240316
2157		0.245343
2158		0.23419
2159		0.233148
2160		0.228684
2161		0.214826
2162		0.214522
2163		0.220378
2164		0.229051
2165		0.226829
2166		0.224749
2167		0.214738
2168		0.214861
2169		0.212427
2170		0.2089
2171		0.205328
2172		0.210343
2173		0.202562
2174		0.19946
2175		0.202434
2176		0.195752
2177		0.191998
2178		0.185193
2179		0.182037
2180		0.180062
2181		0.171921
2182		0.165216
2183		0.159715
2184		0.151944
2185		0.142465
2186		0.130802
2187		0.125953
2188		0.118715
2189		0.117284
2190		0.110868
2191		0.103021
2192		0.100818
2193		0.0893017
2194		0.0871952
2195		0.0808951
2196		0.0769174
2197		0.0745756
2198		0.0692747
2199		0.0626235
2200		0.0590008
2201		0.0573843
2202		0.0525502
2203		0.0469444
2204		0.0469059
2205		0.044429
2206		0.0368711
2207		0.0375772
2208		0.0336844
2209		0.0320409
2210		0.0300309
2211		0.0320756
2212		0.0301736
2213		0.0269213
2214		0.0230633
2215		0.0188117
2216		0.0204784
2217		0.0151003
2218		0.0143557
2219		0.0128858
2220		0.0114429
2221		0.0119136
2222		0.0131211
2223		0.0123843
2224		0.0139005
2225		0.0146296
2226		0.014267
2227		0.0147762
2228		0.0143403
2229		0.0150154
2230		0.0137616
2231		0.0149383
2232		0.0155054
2233		0.015
2234		0.0148225
2235		0.013885
2236		0.0140895
2237		0.0155093
2238		0.0145255
2239		0.0163503
2240		0.0168981
2241		0.0168364
2242		0.0158372
2243		0.0170602
2244		0.0186304
2245		0.0185147
2246		0.0186728
2247		0.0203202
2248		0.0184838
2249		0.0177006
2250		0.018858
2251		0.0198225
2252		0.0187731
2253		0.0161381
2254		0.0160494
2255		0.0200733
2256		0.0222762
2257		0.019375
2258		0.022037
2259		0.0230093
2260		0.0206327
2261		0.0253241
2262		0.0258295
2263		0.0256173
2264		0.02549
2265		0.0277045
2266		0.0335108
2267		0.0377083
2268		0.0445949
2269		0.0604012
2270		0.0640664
2271		0.0689275
2272		0.0772261
2273		0.0793171
2274		0.0838156
2275		0.082662
2276		0.0869329
2277		0.0866358
2278		0.0887654
2279		0.089186
2280		0.0886613
2281		0.0891088
2282		0.0894792
2283		0.0902508
2284		0.0970679
2285		0.0999421
2286		0.0991512
2287		0.0997994
2288		0.101312
2289		0.1036
2290		0.105019
2291		0.106917
2292		0.103657
2293		0.105729
2294		0.105621
2295		0.103831
2296		0.104182
2297		0.106346
2298		0.105926
2299		0.111512
2300		0.114028
2301		0.119028
2302		0.1186
2303		0.11966
2304		0.116038
2305		0.116007
2306		0.11985
2307		0.118538
2308		0.118657
2309		0.117701
2310		0.126466
2311		0.113449
2312		0.119425
2313		0.123191
2314		0.122631
2315		0.118681
2316		0.113326
2317		0.108657
2318		0.104333
2319		0.101771
2320		0.0997878
2321		0.100386
2322		0.0960995
2323		0.0974769
2324		0.0951427
2325		0.0928781
2326		0.0914197
2327		0.0866088
2328		0.083206
2329		0.0823225
2330		0.0799383
2331		0.0769329
2332		0.0696065
2333		0.0700193
2334		0.0678164
2335		0.0631289
2336		0.0659182
2337		0.0627199
2338		0.0574383
2339		0.0557716
2340		0.0502238
2341		0.0492515
2342		0.0511458
2343		0.0491937
2344		0.0457523
2345		0.0451003
2346		0.045625
2347		0.0440702
2348		0.0439738
2349		0.0423765
2350		0.0405748
2351		0.0418634
2352		0.0365123
2353		0.0343557
2354		0.0327469
2355		0.0302006
2356		0.0323148
2357		0.0300231
2358		0.0287114
2359		0.0220216
2360		0.0206944
2361		0.0189892
2362		0.0189043
2363		0.0192978
2364		0.0170448
2365		0.0174807
2366		0.0199846
2367		0.0176698
2368		0.0159722
2369		0.0156944
2370		0.0165895
2371		0.0145525
2372		0.0172068
2373		0.0135648
2374		0.0147685
2375		0.0141049
2376		0.0121605
2377		0.0105556
2378		0.0139506
2379		0.015
2380		0.0156481
2381		0.0164969
2382		0.0204167
2383		0.0278858
2384		0.032662
2385		0.0390818
2386		0.0509298
2387		0.0523997
2388		0.0621914
2389		0.0597222
2390		0.0593519
2391		0.055517
2392		0.0533333
2393		0.0502083
2394		0.0489583
2395		0.0496296
2396		0.0478704
2397		0.0421065
2398		0.0364506
2399		0.0354475
2400		0.0327932
2401		0.0295448
2402		0.0329321
2403		0.0327238
2404		0.0398225
2405		0.042716
2406		0.0402623
2407		0.0514275
2408		0.0543519
2409		0.0545988
2410		0.051088
2411		0.0448302
2412		0.0457407
2413		0.0466821
2414		0.0444444
2415		0.0515895
2416		0.0460031
2417		0.0457639
2418		0.0430093
2419		0.0392593
2420		0.0404012
2421		0.0395988
2422		0.036767
2423		0.0304861
2424		0.0227083
2425		0.0186497
2426		0.0179398
2427		0.017446
2428		0.0193287
2429		0.0177778
2430		0.0156173
2431		0.016034
2432		0.0165586
2433		0.0259877
2434		0.0338156
2435		0.0363387
2436		0.0452739
2437		0.0477315
2438		0.0499074
2439		0.0502469
2440		0.0539352
2441		0.0542824
2442		0.0555093
2443		0.0566204
2444		0.0576235
2445		0.0589738
2446		0.0600309
2447		0.0599151
2448		0.0600772
2449		0.0603627
2450		0.0612114
2451		0.0621759
2452		0.0640123
2453		0.0637963
2454		0.0641667
2455		0.0681944
2456		0.067963
2457		0.0711111
2458		0.07375
2459		0.074429
2460		0.0750926
2461		0.0808488
2462		0.0805556
2463		0.0834414
2464		0.0842438
2465		0.0834182
2466		0.0799113
2467		0.0739738
2468		0.0696682
2469		0.065216
2470		0.0616319
2471		0.0591126
2472		0.0549769
2473		0.050625
2474		0.0471836
2475		0.0409491
2476		0.0440471
2477		0.0439969
2478		0.0410494
2479		0.0397145
2480		0.0381404
2481		0.0359799
2482		0.0333565
2483		0.032963
2484		0.029429
2485		0.0309722
2486		0.0298148
2487		0.0296296
2488		0.0294907
2489		0.0307253
2490		0.0310185
2491		0.0320525
2492		0.0322068
2493		0.0333333
2494		0.0336111
2495		0.0339352
2496		0.0351698
2497		0.0356019
2498		0.0354012
2499		0.0360802
2500		0.0367901
2501		0.0376698
2502		0.0372994
2503		0.0383951
2504		0.0409568
2505		0.0424691
2506		0.0407562
2507		0.0435494
2508		0.0475154
2509		0.0549846
2510		0.0567438
2511		0.0639892
2512		0.0732022
2513		0.0759182
2514		0.0804244
2515		0.0797608
2516		0.0808603
2517		0.0766589
2518		0.0751003
2519		0.0748457
2520		0.0750309
2521		0.0733256
2522		0.076142
2523		0.0753704
2524		0.0774074
2525		0.078125
2526		0.0768133
2527		0.0723688
2528		0.0718981
2529		0.0723765
2530		0.0701852
2531		0.0738272
2532		0.0774846
2533		0.0731636
2534		0.0718518
2535		0.0769753
2536		0.0812963
2537		0.0776543
2538		0.0782716
2539		0.081929
2540		0.0836034
2541		0.0880093
2542		0.0833179
2543		0.082284
2544		0.0858796
2545		0.0907407
2546		0.0860532
2547		0.0822415
2548		0.0847107
2549		0.0818981
2550		0.077608
2551		0.0779784
2552		0.0783719
2553		0.0815046
2554		0.0771142
2555		0.0744136
2556		0.0734799
2557		0.0690278
2558		0.0688812
2559		0.0723148
2560		0.0713349
2561		0.0596566
2562		0.0505208
2563		0.0419985
2564		0.041304
2565		0.0385185
2566		0.0340008
2567		0.0335494
2568		0.033071
2569		0.0303935
2570		0.0285494
2571		0.0248032
2572		0.0204552
2573		0.0178819
2574		0.0171605
2575		0.0157485
2576		0.0150463
2577		0.0143364
2578		0.0149383
2579		0.0145833
2580		0.0151852
2581		0.0144753
2582		0.0151852
2583		0.0153704
2584		0.0151389
2585		0.0147068
2586		0.0158333
2587		0.0141512
2588		0.0145216
2589		0.0159105
2590		0.0153395
2591		0.0148765
2592		0.0149228
2593		0.0152006
2594		0.0159259
2595		0.0162963
2596		0.0162654
2597		0.0154475
2598		0.0151235
2599		0.0158333
2600		0.0158796
2601		0.0151543
2602		0.0156019
2603		0.0156019
2604		0.0156327
2605		0.0153086
2606		0.0157253
2607		0.0161883
2608		0.0161883
2609		0.0161883
2610		0.0157716
2611		0.017392
2612		0.0166512
2613		0.0172377
2614		0.0167438
2615		0.0169753
2616		0.0172222
2617		0.0168056
2618		0.0175964
2619		0.017392
2620		0.0181019
2621		0.0179012
2622		0.0166975
2623		0.0161265
2624		0.0191358
2625		0.0250617
2626		0.0329475
2627		0.0373302
2628		0.0430247
2629		0.0488735
2630		0.0508796
2631		0.0526852
2632		0.0546759
2633		0.0545139
2634		0.0575849
2635		0.0594059
2636		0.0599074
2637		0.0655015
2638		0.0707562
2639		0.074784
2640		0.0800309
2641		0.0874383
2642		0.0908951
2643		0.0983025
2644		0.100509
2645		0.101991
2646		0.109522
2647		0.114985
2648		0.121883
2649		0.125216
2650		0.131744
2651		0.132546
2652		0.137299
2653		0.138441
2654		0.139923
2655		0.143519
2656		0.146605
2657		0.148796
2658		0.149491
2659		0.152932
2660		0.158148
2661		0.145278
2662		0.153627
2663		0.157608
2664		0.156883
2665		0.162477
2666		0.157647
2667		0.15338
2668		0.158441
2669		0.161134
2670		0.161327
2671		0.161497
2672		0.15909
2673		0.161852
2674		0.16027
2675		0.16767
2676		0.165532
2677		0.167774
2678		0.164576
2679		0.161057
2680		0.165505
2681		0.161802
2682		0.147878
2683		0.145903
2684		0.14669
2685		0.142454
2686		0.10787
2687		0.105463
2688		0.106898
2689		0.111728
2690		0.110772
2691		0.114321
2692		0.107539
2693		0.107122
2694		0.105849
2695		0.0969599
2696		0.0951852
2697		0.0841204
2698		0.0748457
2699		0.0696373
2700		0.0631867
2701		0.0629861
2702		0.0643827
2703		0.0608642
2704		0.0605324
2705		0.0628935
2706		0.0652623
2707		0.0688349
2708		0.0668981
2709		0.0623534
2710		0.058233
2711		0.0578241
2712		0.0545525
2713		0.052662
2714		0.0530556
2715		0.0540895
2716		0.0546296
2717		0.0551543
2718		0.0552469
2719		0.056358
2720		0.0563735
2721		0.0560648
2722		0.0549691
2723		0.0559876
2724		0.0558488
2725		0.0566204
2726		0.0565278
2727		0.0603858
2728		0.067037
2729		0.069321
2730		0.0753395
2731		0.081848
2732		0.0842052
2733		0.0880015
2734		0.0901003
2735		0.0934954
2736		0.0960147
2737		0.0980208
2738		0.0978819
2739		0.0980671
2740		0.101435
2741		0.101412
2742		0.100687
2743		0.10365
2744		0.103098
2745		0.102797
2746		0.104178
2747		0.105274
2748		0.107473
2749		0.111346
2750		0.111983
2751		0.111547
2752		0.113198
2753		0.113584
2754		0.11581
2755		0.116223
2756		0.117261
2757		0.119402
2758		0.120968
2759		0.118646
2760		0.120621
2761		0.122064
2762		0.122072
2763		0.123835
2764		0.12363
2765		0.123819
2766		0.126844
2767		0.130112
2768		0.129711
2769		0.131481
2770		0.133522
2771		0.132585
2772		0.132473
2773		0.134429
2774		0.13593
2775		0.140872
2776		0.142458
2777		0.143214
2778		0.145652
2779		0.145413
2780		0.145683
2781		0.146902
2782		0.14789
2783		0.148137
2784		0.146809
2785		0.146073
2786		0.139846
2787		0.139676
2788		0.140247
2789		0.140355
2790		0.138426
2791		0.137685
2792		0.137052
2793		0.137215
2794		0.137951
2795		0.137469
2796		0.137006
2797		0.13929
2798		0.136343
2799		0.138225
2800		0.141157
2801		0.141142
2802		0.141671
2803		0.141208
2804		0.142674
2805		0.144016
2806		0.144252
2807		0.143661
2808		0.145035
2809		0.146258
2810		0.145961
2811		0.142766
2812		0.142674
2813		0.143754
2814		0.144958
2815		0.144603
2816		0.14576
2817		0.144664
2818		0.146763
2819		0.149618
2820		0.148125
2821		0.146748
2822		0.146748
2823		0.148059
2824		0.146238
2825		0.147797
2826		0.147921
2827		0.148383
2828		0.148939
2829		0.147535
2830		0.146794
2831		0.14723
2832		0.147025
2833		0.147133
2834		0.148418
2835		0.148804
2836		0.150521
2837		0.150737
2838		0.148993
2839		0.148677
2840		0.150907
2841		0.152041
2842		0.15164
2843		0.151161
2844		0.150883
2845		0.150637
2846		0.153461
2847		0.153032
2848		0.153723
2849		0.15527
2850		0.159221
2851		0.163461
2852		0.163769
2853		0.16701
2854		0.168337
2855		0.168507
2856		0.165698
2857		0.163723
2858		0.161721
2859		0.159973
2860		0.157921
2861		0.151038
2862		0.1501
2863		0.148187
2864		0.148611
2865		0.15034
2866		0.150957
2867		0.150698
2868		0.150976
2869		0.150201
2870		0.151451
2871		0.152087
2872		0.150883
2873		0.150332
2874		0.150552
2875		0.151346
2876		0.151204
2877		0.149981
2878		0.152307
2879		0.153461
2880		0.155822
2881		0.159178
2882		0.160401
2883		0.161177
2884		0.163692
2885		0.164248
2886		0.171053
2887		0.174371
2888		0.174572
2889		0.1749
2890		0.176053
2891		0.17735
2892		0.17843
2893		0.178368
2894		0.180359
2895		0.17794
2896		0.178337
2897		0.177982
2898		0.176952
2899		0.17885
2900		0.179958
2901		0.180301
2902		0.181242
2903		0.178511
2904		0.179336
2905		0.176998
2906		0.178117
2907		0.179082
2908		0.179306
2909		0.180008
2910		0.181667
2911		0.173291
2912		0.173414
2913		0.173692
2914		0.172427
2915		0.172936
2916		0.173507
2917		0.173245
2918		0.172396
2919		0.172303
2920		0.174201
2921		0.174869
2922		0.175976
2923		0.178248
2924		0.178538
2925		0.177515
2926		0.177103
2927		0.176454
2928		0.17613
2929		0.174232
2930		0.17539
2931		0.17701
2932		0.177998
2933		0.177766
2934		0.179232
2935		0.179387
2936		0.16934
2937		0.170363
2938		0.168661
2939		0.169248
2940		0.170513
2941		0.17488
2942		0.178661
2943		0.182365
2944		0.187103
2945		0.189325
2946		0.193881
2947		0.199622
2948		0.203719
2949		0.210023
2950		0.215112
2951		0.217643
2952		0.222816
2953		0.224927
2954		0.228032
2955		0.234606
2956		0.238059
2957		0.241022
2958		0.246157
2959		0.249587
2960		0.255517
2961		0.268279
2962		0.275062
2963		0.279248
2964		0.28436
2965		0.289981
2966		0.291605
2967		0.296404
2968		0.300031
2969		0.302654
2970		0.308426
2971		0.313596
2972		0.315571
2973		0.320251
2974		0.325204
2975		0.328044
2976		0.3313
2977		0.335652
2978		0.33865
2979		0.340467
2980		0.341393
2981		0.342998
2982		0.345208
2983		0.350625
2984		0.350579
2985		0.354387
2986		0.351628
2987		0.353827
2988		0.354842
2989		0.357697
2990		0.359815
2991		0.365586
2992		0.371458
2993		0.375992
2994		0.377735
2995		0.380606
2996		0.38554
2997		0.390054
2998		0.395112
2999		0.395517
3000		0.40081
3001		0.39897
3002		0.402755
3003		0.404695
3004		0.410772
3005		0.415081
3006		0.417998
3007		0.422886
3008		0.426208
3009		0.434356
3010		0.439174
3011		0.442508
3012		0.450934
3013		0.456713
3014		0.455343
3015		0.463337
3016		0.47162
3017		0.475694
3018		0.484232
3019		0.484633
3020		0.485887
3021		0.491609
3022		0.500289
3023		0.508982
3024		0.504537
3025		0.511115
3026		0.510949
3027		0.510096
3028		0.512083
3029		0.519633
3030		0.518654
3031		0.518657
3032		0.518634
3033		0.513117
3034		0.515945
3035		0.519078
3036		0.509167
3037		0.503059
3038		0.503121
3039		0.505691
3040		0.514398
3041		0.511319
3042		0.517068
3043		0.512284
3044		0.517963
3045		0.516173
3046		0.516636
3047		0.515401
3048		0.516069
3049		0.519444
3050		0.517322
3051		0.522025
3052		0.515679
3053		0.518935
3054		0.518295
3055		0.515803
3056		0.514745
3057		0.512901
3058		0.513611
3059		0.514599
3060		0.520401
3061		0.495957
3062		0.494491
3063		0.492083
3064		0.494753
3065		0.504329
3066		0.511497
3067		0.518341
3068		0.52419
3069		0.527708
3070		0.528125
3071		0.528326
3072		0.523928
3073		0.521412
3074		0.522708
3075		0.524923
3076		0.530131
3077		0.528191
3078		0.522296
3079		0.526941
3080		0.530363
3081		0.53838
3082		0.549174
3083		0.553179
3084		0.55338
3085		0.56
3086		0.555116
3087		0.557878
3088		0.555972
3089		0.560154
3090		0.560934
3091		0.559799
3092		0.56152
3093		0.560116
3094		0.559143
3095		0.563341
3096		0.566937
3097		0.564961
3098		0.566242
3099		0.561613
3100		0.562515
3101		0.564398
3102		0.573881
3103		0.572307
3104		0.572978
3105		0.569483
3106		0.570239
3107		0.571165
3108		0.571721
3109		0.570914
3110		0.573461
3111		0.540069
3112		0.538171
3113		0.5424
3114		0.543897
3115		0.543873
3116		0.545447
3117		0.54314
3118		0.547801
3119		0.551227
3120		0.553133
3121		0.550988
3122		0.551728
3123		0.554275
3124		0.55865
3125		0.56385
3126		0.563526
3127		0.568094
3128		0.567446
3129		0.569545
3130		0.568927
3131		0.572292
3132		0.566752
3133		0.566285
3134		0.568384
3135		0.571424
3136		0.569101
3137		0.57164
3138		0.574105
3139		0.571937
3140		0.576165
3141		0.577986
3142		0.579707
3143		0.578727
3144		0.581273
3145		0.582423
3146		0.584333
3147		0.589336
3148		0.588684
3149		0.589483
3150		0.592438
3151		0.591551
3152		0.591111
3153		0.589792
3154		0.594383
3155		0.593738
3156		0.595741
3157		0.59821
3158		0.597816
3159		0.598306
3160		0.60108
3161		0.563781
3162		0.564444
3163		0.56098
3164		0.557593
3165		0.56375
3166		0.559514
3167		0.559753
3168		0.564344
3169		0.567153
3170		0.568573
3171		0.568326
3172		0.566613
3173		0.567708
3174		0.569097
3175		0.569468
3176		0.569309
3177		0.571227
3178		0.574846
3179		0.581485
3180		0.582377
3181		0.587839
3182		0.594074
3183		0.596536
3184		0.597839
3185		0.596667
3186		0.60081
3187		0.606829
3188		0.608225
3189		0.61071
3190		0.615378
3191		0.613943
3192		0.619043
3193		0.619691
3194		0.620297
3195		0.624433
3196		0.628268
3197		0.627022
3198		0.623935
3199		0.623364
3200		0.624877
3201		0.627469
3202		0.628179
3203		0.62946
3204		0.632616
3205		0.630748
3206		0.6324
3207		0.632095
3208		0.630818
3209		0.632284
3210		0.630201
3211		0.576219
3212		0.577145
3213		0.577353
3214		0.585147
3215		0.584464
3216		0.583279
3217		0.586289
3218		0.583897
3219		0.588156
3220		0.58814
3221		0.590293
3222		0.589753
3223		0.591536
3224		0.595478
3225		0.593966
3226		0.59858
3227		0.599853
3228		0.599715
3229		0.603079
3230		0.604151
3231		0.607284
3232		0.608518
3233		0.609742
3234		0.611377
3235		0.612797
3236		0.597689
3237		0.599078
3238		0.599418
3239		0.596956
3240		0.601389
3241		0.600386
3242		0.602068
3243		0.602994
3244		0.603843
3245		0.604306
3246		0.602593
3247		0.604167
3248		0.601451
3249		0.601559
3250		0.603441
3251		0.57912
3252		0.579907
3253		0.580046
3254		0.581049
3255		0.581401
3256		0.582681
3257		0.585015
3258		0.583993
3259		0.584039
3260		0.587326
3261		0.585432
3262		0.585922
3263		0.588916
3264		0.595783
3265		0.595251
3266		0.596524
3267		0.596586
3268		0.593646
3269		0.59664
3270		0.597674
3271		0.597755
3272		0.596138
3273		0.596223
3274		0.601698
3275		0.601902
3276		0.606219
3277		0.603364
3278		0.605359
3279		0.609799
3280		0.607608
3281		0.609016
3282		0.609634
3283		0.610806
3284		0.610421
3285		0.611698
3286		0.616126
3287		0.614865
3288		0.617357
3289		0.618345
3290		0.617697
3291		0.61718
3292		0.618796
3293		0.619325
3294		0.621694
3295		0.620397
3296		0.619707
3297		0.619676
3298		0.620737
3299		0.620826
3300		0.620583
3301		0.620764
3302		0.620984
3303		0.620332
3304		0.621354
3305		0.62137
3306		0.619055
3307		0.620042
3308		0.622527
3309		0.620613
3310		0.622137
3311		0.571497
3312		0.570467
3313		0.576825
3314		0.578534
3315		0.578113
3316		0.581732
3317		0.583272
3318		0.585085
3319		0.583229
3320		0.581998
3321		0.582226
3322		0.58451
3323		0.585316
3324		0.584583
3325		0.586698
3326		0.593025
3327		0.590957
3328		0.589182
3329		0.588951
3330		0.590386
3331		0.590941
3332		0.592068
3333		0.59485
3334		0.597303
3335		0.597473
3336		0.598866
3337		0.59995
3338		0.597164
3339		0.598754
3340		0.598738
3341		0.596671
3342		0.598445
3343		0.604352
3344		0.603831
3345		0.604634
3346		0.605733
3347		0.60598
3348		0.607026
3349		0.605232
3350		0.611343
3351		0.612963
3352		0.613059
3353		0.612346
3354		0.613492
3355		0.613954
3356		0.612905
3357		0.613013
3358		0.613071
3359		0.613877
3360		0.615066
3361		0.621998
3362		0.620255
3363		0.618692
3364		0.620961
3365		0.622245
3366		0.623507
3367		0.623106
3368		0.62216
3369		0.620633
3370		0.62287
3371		0.625394
3372		0.624946
3373		0.629961
3374		0.626157
3375		0.628302
3376		0.629136
3377		0.628627
3378		0.626701
3379		0.623723
3380		0.624275
3381		0.627253
3382		0.626651
3383		0.627693
3384		0.626551
3385		0.626624
3386		0.585502
3387		0.583804
3388		0.585856
3389		0.588943
3390		0.591026
3391		0.593341
3392		0.594641
3393		0.595366
3394		0.594973
3395		0.593214
3396		0.595023
3397		0.597515
3398		0.598951
3399		0.601551
3400		0.60152
3401		0.60206
3402		0.601304
3403		0.603248
3404		0.603897
3405		0.606659
3406		0.607801
3407		0.60919
3408		0.608287
3409		0.607184
3410		0.607199
3411		0.595748
3412		0.594105
3413		0.59591
3414		0.600625
3415		0.596211
3416		0.597994
3417		0.597454
3418		0.598904
3419		0.597122
3420		0.596227
3421		0.593264
3422		0.599406
3423		0.596319
3424		0.597955
3425		0.600285
3426		0.601597
3427		0.599128
3428		0.603264
3429		0.603534
3430		0.602369
3431		0.604776
3432		0.604699
3433		0.606412
3434		0.606493
3435		0.606601
3436		0.604568
3437		0.606644
3438		0.60669
3439		0.607137
3440		0.606705
3441		0.607878
3442		0.606427
3443		0.609498
3444		0.608727
3445		0.6087
3446		0.609942
3447		0.609128
3448		0.611011
3449		0.611177
3450		0.611898
3451		0.615355
3452		0.613137
3453		0.614819
3454		0.617701
3455		0.615262
3456		0.618009
3457		0.618688
3458		0.619483
3459		0.621528
3460		0.618931
3461		0.589495
3462		0.591015
3463		0.594012
3464		0.597191
3465		0.597654
3466		0.597099
3467		0.598661
3468		0.601142
3469		0.598908
3470		0.602519
3471		0.602488
3472		0.602384
3473		0.604263
3474		0.603218
3475		0.606142
3476		0.601975
3477		0.603588
3478		0.604633
3479		0.607029
3480		0.609051
3481		0.615066
3482		0.61412
3483		0.613418
3484		0.615093
3485		0.615139
3486		0.608503
3487		0.608133
3488		0.609028
3489		0.612446
3490		0.612608
3491		0.619823
3492		0.619059
3493		0.623696
3494		0.625633
3495		0.628225
3496		0.62696
3497		0.630602
3498		0.629213
3499		0.631308
3500		0.630683
3501		0.614657
3502		0.614958
3503		0.617566
3504		0.616775
3505		0.6176
3506		0.618387
3507		0.62054
3508		0.619873
3509		0.620567
3510		0.62125
3511		0.562488
3512		0.562612
3513		0.564834
3514		0.561208
3515		0.565301
3516		0.567477
3517		0.56887
3518		0.573052
3519		0.573592
3520		0.575216
3521		0.576231
3522		0.577936
3523		0.579633
3524		0.582712
3525		0.584302
3526		0.586385
3527		0.58961
3528		0.594209
3529		0.594961
3530		0.597693
3531		0.596921
3532		0.600224
3533		0.599298
3534		0.601705
3535		0.601319
3536		0.610571
3537		0.610602
3538		0.609931
3539		0.608445
3540		0.610633
3541		0.610833
3542		0.610822
3543		0.617612
3544		0.617207
3545		0.617515
3546		0.618951
3547		0.620957
3548		0.619387
3549		0.622407
3550		0.624074
3551		0.623279
3552		0.624591
3553		0.624892
3554		0.626651
3555		0.624062
3556		0.625961
3557		0.625
3558		0.625247
3559		0.626296
3560		0.626562
3561		0.616057
3562		0.616335
3563		0.620945
3564		0.618445
3565		0.622222
3566		0.623426
3567		0.623411
3568		0.621852
3569		0.624352
3570		0.632623
3571		0.633534
3572		0.637176
3573		0.635448
3574		0.639213
3575		0.642361
3576		0.642411
3577		0.645633
3578		0.645849
3579		0.648843
3580		0.646883
3581		0.647299
3582		0.650324
3583		0.652022
3584		0.649375
3585		0.65037
3586		0.649448
3587		0.647762
3588		0.64686
3589		0.647122
3590		0.650297
3591		0.649691
3592		0.649174
3593		0.65017
3594		0.649537
3595		0.620123
3596		0.618333
3597		0.622751
3598		0.625972
3599		0.626512
3600		0.626536
3601		0.626609
3602		0.629506
3603		0.626022
3604		0.626944
3605		0.629209
3606		0.628634
3607		0.630714
3608		0.63115
3609		0.631312
3610		0.631238
3611		0.632411
3612		0.632921
3613		0.632859
3614		0.634012
3615		0.633353
3616		0.630652
3617		0.632195
3618		0.633719
3619		0.635556
3620		0.58909
3621		0.592207
3622		0.598032
3623		0.595266
3624		0.599591
3625		0.604317
3626		0.604603
3627		0.604946
3628		0.605741
3629		0.606381
3630		0.609047
3631		0.611832
3632		0.612774
3633		0.616042
3634		0.615918
3635		0.620432
3636		0.621836
3637		0.626906
3638		0.631134
3639		0.631532
3640		0.633561
3641		0.630158
3642		0.630517
3643		0.634225
3644		0.635258
3645		0.641084
3646		0.639622
3647		0.640455
3648		0.639869
3649		0.638573
3650		0.64012
3651		0.640714
3652		0.64706
3653		0.642392
3654		0.642878
3655		0.64299
3656		0.642975
3657		0.645012
3658		0.64564
3659		0.643646
3660		0.640177
3661		0.642677
3662		0.642801
3663		0.641508
3664		0.642311
3665		0.64071
3666		0.644155
3667		0.642816
3668		0.641929
3669		0.64387
3670		0.61233
3671		0.613237
3672		0.61934
3673		0.617959
3674		0.621454
3675		0.61772
3676		0.6189
3677		0.620691
3678		0.617068
3679		0.621354
3680		0.616092
3681		0.618403
3682		0.624371
3683		0.626354
3684		0.625748
3685		0.628943
3686		0.629082
3687		0.631084
3688		0.627797
3689		0.631269
3690		0.630363
3691		0.63277
3692		0.627558
3693		0.633036
3694		0.632025
3695		0.626057
3696		0.627805
3697		0.629448
3698		0.628333
3699		0.626157
3700		0.621806
3701		0.622824
3702		0.622207
3703		0.624664
3704		0.623322
3705		0.625598
3706		0.626262
3707		0.626755
3708		0.63012
3709		0.631663
3710		0.636046
3711		0.635309
3712		0.635274
3713		0.638206
3714		0.641204
3715		0.640814
3716		0.640629
3717		0.640471
3718		0.642261
3719		0.640968
3720		0.610706
3721		0.612681
3722		0.613916
3723		0.617631
3724		0.618916
3725		0.617523
3726		0.617712
3727		0.617049
3728		0.617052
3729		0.61571
3730		0.616821
3731		0.615648
3732		0.617515
3733		0.618229
3734		0.616127
3735		0.617184
3736		0.618187
3737		0.617303
3738		0.619958
3739		0.621779
3740		0.621161
3741		0.62039
3742		0.619221
3743		0.619954
3744		0.618796
3745		0.609819
3746		0.608492
3747		0.610015
3748		0.612392
3749		0.61044
3750		0.611937
3751		0.597894
3752		0.601871
3753		0.598727
3754		0.599587
3755		0.60233
3756		0.60284
3757		0.605648
3758		0.608877
3759		0.609232
3760		0.612377
3761		0.611925
3762		0.612566
3763		0.609406
3764		0.614448
3765		0.611273
3766		0.616069
3767		0.610957
3768		0.612685
3769		0.611115
3770		0.560139
3771		0.562963
3772		0.56767
3773		0.568746
3774		0.570471
3775		0.571235
3776		0.571196
3777		0.572226
3778		0.571551
3779		0.572797
3780		0.570806
3781		0.573522
3782		0.573881
3783		0.575625
3784		0.575976
3785		0.577932
3786		0.579406
3787		0.582099
3788		0.583245
3789		0.584583
3790		0.585926
3791		0.585324
3792		0.587921
3793		0.588831
3794		0.591593
3795		0.580945
3796		0.581759
3797		0.586775
3798		0.588472
3799		0.587762
3800		0.58929
3801		0.589043
3802		0.590509
3803		0.596482
3804		0.597469
3805		0.597407
3806		0.596034
3807		0.59679
3808		0.598765
3809		0.60233
3810		0.600401
3811		0.602963
3812		0.598935
3813		0.602083
3814		0.603426
3815		0.605108
3816		0.60679
3817		0.609475
3818		0.61054
3819		0.613437
3820		0.621362
3821		0.62287
3822		0.623519
3823		0.623515
3824		0.626898
3825		0.623272
3826		0.629954
3827		0.625077
3828		0.628704
3829		0.632064
3830		0.631061
3831		0.633901
3832		0.638329
3833		0.6389
3834		0.63853
3835		0.641292
3836		0.642326
3837		0.648492
3838		0.646431
3839		0.647566
3840		0.64853
3841		0.650999
3842		0.651586
3843		0.653835
3844		0.654055
3845		0.650976
3846		0.647701
3847		0.650694
3848		0.654062
3849		0.652639
3850		0.655093
3851		0.656651
3852		0.658341
3853		0.658951
3854		0.663754
3855		0.665363
3856		0.669726
3857		0.672342
3858		0.674772
3859		0.673522
3860		0.675991
3861		0.683279
3862		0.686265
3863		0.681894
3864		0.686277
3865		0.686223
3866		0.681377
3867		0.681219
3868		0.678507
3869		0.67821
3870		0.624012
3871		0.622539
3872		0.624533
3873		0.623202
3874		0.624985
3875		0.628565
3876		0.629063
3877		0.627454
3878		0.630729
3879		0.633233
3880		0.632936
3881		0.639082
3882		0.642184
3883		0.639136
3884		0.636836
3885		0.638873
3886		0.639275
3887		0.64037
3888		0.638495
3889		0.641582
3890		0.641296
3891		0.64213
3892		0.643611
3893		0.645818
3894		0.647431
3895		0.654618
3896		0.649448
3897		0.65566
3898		0.655421
3899		0.660351
3900		0.658831
3901		0.659464
3902		0.658549
3903		0.665401
3904		0.664298
3905		0.667257
3906		0.673264
3907		0.671304
3908		0.669568
3909		0.668773
3910		0.669329
3911		0.672917
3912		0.674267
3913		0.674414
3914		0.676482
3915		0.677253
3916		0.676497
3917		0.675509
3918		0.673241
3919		0.675849
3920		0.649352
3921		0.649398
3922		0.647593
3923		0.653646
3924		0.654772
3925		0.653831
3926		0.653781
3927		0.654761
3928		0.65544
3929		0.649815
3930		0.654414
3931		0.657006
3932		0.656929
3933		0.657855
3934		0.657731
3935		0.657191
3936		0.658673
3937		0.65527
3938		0.658318
3939		0.65973
3940		0.662145
3941		0.657994
3942		0.662905
3943		0.662052
3944		0.665131
3945		0.638403
3946		0.641374
3947		0.643248
3948		0.644869
3949		0.646335
3950		0.642886
3951		0.644028
3952		0.641377
3953		0.646539
3954		0.644128
3955		0.648202
3956		0.650895
3957		0.657917
3958		0.653804
3959		0.65076
3960		0.651292
3961		0.650482
3962		0.648137
3963		0.651894
3964		0.655004
3965		0.653515
3966		0.653464
3967		0.65814
3968		0.661752
3969		0.658981
3970		0.663897
3971		0.666705
3972		0.666088
3973		0.666574
3974		0.668715
3975		0.669286
3976		0.670255
3977		0.67162
3978		0.669938
3979		0.670259
3980		0.675367
3981		0.679062
3982		0.680745
3983		0.679734
3984		0.678696
3985		0.679931
3986		0.673275
3987		0.674116
3988		0.670274
3989		0.675285
3990		0.677018
3991		0.683318
3992		0.683225
3993		0.683283
3994		0.68326
3995		0.661474
3996		0.660316
3997		0.660471
3998		0.655856
3999		0.65642
4000		0.655509
4001		0.633036
4002		0.636138
4003		0.638063
4004		0.637901
4005		0.640185
4006		0.652269
4007		0.653441
4008		0.652739
4009		0.656265
4010		0.659244
4011		0.659637
4012		0.658002
4013		0.658133
4014		0.658557
4015		0.660556
4016		0.662693
4017		0.663063
4018		0.661265
4019		0.661628
4020		0.628573
4021		0.627948
4022		0.627562
4023		0.626998
4024		0.63321
4025		0.631975
4026		0.628897
4027		0.633341
4028		0.636235
4029		0.642554
4030		0.642307
4031		0.646381
4032		0.642982
4033		0.641964
4034		0.651435
4035		0.647419
4036		0.643881
4037		0.646721
4038		0.652253
4039		0.663634
4040		0.6651
4041		0.666327
4042		0.660108
4043		0.656678
4044		0.654985
4045		0.606821
4046		0.604722
4047		0.604498
4048		0.609792
4049		0.614236
4050		0.610008
4051		0.613765
4052		0.620154
4053		0.616219
4054		0.614691
4055		0.621998
4056		0.632631
4057		0.632816
4058		0.621682
4059		0.616489
4060		0.624992
4061		0.621778
4062		0.628048
4063		0.62983
4064		0.636111
4065		0.633877
4066		0.639051
4067		0.630031
4068		0.633125
4069		0.62936
4070		0.651304
4071		0.651374
4072		0.653573
4073		0.662284
4074		0.659414
4075		0.656289
4076		0.664086
4077		0.661987
4078		0.659514
4079		0.651427
4080		0.658395
4081		0.656898
4082		0.658561
4083		0.663407
4084		0.664468
4085		0.663542
4086		0.664444
4087		0.666142
4088		0.669688
4089		0.669749
4090		0.669506
4091		0.667897
4092		0.67157
4093		0.669379
4094		0.66941
4095		0.64782
4096		0.650856
4097		0.647944
4098		0.650382
4099		0.653654
4100		0.656817
4101		0.661894
4102		0.655478
4103		0.659005
4104		0.660872
4105		0.656489
4106		0.663897
4107		0.661875
4108		0.662731
4109		0.6526
4110		0.652963
4111		0.656991
4112		0.659877
4113		0.661721
4114		0.665224
4115		0.660008
4116		0.66255
4117		0.663831
4118		0.662855
4119		0.666161
4120		0.674614
4121		0.676142
4122		0.677816
4123		0.675393
4124		0.679695
4125		0.678249
4126		0.678349
4127		0.67767
4128		0.678187
4129		0.676998
4130		0.674591
4131		0.673603
4132		0.676813
4133		0.677523
4134		0.683503
4135		0.683002
4136		0.683669
4137		0.682504
4138		0.675791
4139		0.678596
4140		0.674869
4141		0.677739
4142		0.676157
4143		0.678939
4144		0.676871
4145		0.612623
4146		0.616019
4147		0.614221
4148		0.61544
4149		0.620031
4150		0.620694
4151		0.620826
4152		0.62186
4153		0.63054
4154		0.626752
4155		0.626644
4156		0.631705
4157		0.633627
4158		0.638495
4159		0.646678
4160		0.65071
4161		0.649167
4162		0.655378
4163		0.657701
4164		0.658742
4165		0.657234
4166		0.661906
4167		0.661111
4168		0.662573
4169		0.664714
4170		0.652238
4171		0.655077
4172		0.658534
4173		0.650625
4174		0.654298
4175		0.668904
4176		0.66838
4177		0.663989
4178		0.670841
4179		0.671443
4180		0.674468
4181		0.68564
4182		0.683688
4183		0.689876
4184		0.690895
4185		0.686968
4186		0.684576
4187		0.687137
4188		0.686231
4189		0.689217
4190		0.692446
4191		0.696173
4192		0.701416
4193		0.695216
4194		0.700721
4195		0.691451
4196		0.688997
4197		0.693472
4198		0.693549
4199		0.696427
4200		0.69429
4201		0.703765
4202		0.701026
4203		0.701277
4204		0.700347
4205		0.699105
4206		0.70387
4207		0.705853
4208		0.713237
4209		0.711647
4210		0.715201
4211		0.718225
4212		0.710247
4213		0.712716
4214		0.715301
4215		0.716073
4216		0.71554
4217		0.718572
4218		0.715664
4219		0.716535
4220		0.678873
4221		0.681319
4222		0.675532
4223		0.681806
4224		0.682546
4225		0.671975
4226		0.673754
4227		0.668792
4228		0.672917
4229		0.676269
4230		0.674178
4231		0.677407
4232		0.670455
4233		0.671636
4234		0.680675
4235		0.687469
4236		0.688769
4237		0.690432
4238		0.684687
4239		0.684946
4240		0.646609
4241		0.637878
4242		0.647766
4243		0.63407
4244		0.615725
4245		0.612693
4246		0.615864
4247		0.612955
4248		0.606211
4249		0.599097
4250		0.603063
4251		0.565733
4252		0.569468
4253		0.569205
4254		0.570586
4255		0.546806
4256		0.545776
4257		0.546138
4258		0.545332
4259		0.542778
4260		0.545556
4261		0.54184
4262		0.540042
4263		0.532446
4264		0.536771
4265		0.539375
4266		0.540698
4267		0.549414
4268		0.552095
4269		0.555205
4270		0.548326
4271		0.564892
4272		0.568492
4273		0.575748
4274		0.584618
4275		0.584306
4276		0.589614
4277		0.588623
4278		0.590621
4279		0.5864
4280		0.590008
4281		0.594961
4282		0.598171
4283		0.602296
4284		0.599873
4285		0.6049
4286		0.610606
4287		0.616852
4288		0.623465
4289		0.631813
4290		0.628993
4291		0.635212
4292		0.650745
4293		0.640039
4294		0.638052
4295		0.642685
4296		0.644248
4297		0.647037
4298		0.658688
4299		0.661343
4300		0.670498
4301		0.66066
4302		0.656451
4303		0.648167
4304		0.651555
4305		0.647905
4306		0.651643
4307		0.647535
4308		0.650494
4309		0.652855
4310		0.658071
4311		0.654703
4312		0.660104
4313		0.66304
4314		0.666343
4315		0.662693
4316		0.668333
4317		0.670089
4318		0.656065
4319		0.658418
4320		0.637049
4321		0.639306
4322		0.643765
4323		0.637955
4324		0.635293
4325		0.630039
4326		0.624849
4327		0.630772
4328		0.622126
4329		0.621277
4330		0.612782
4331		0.609842
4332		0.61267
4333		0.613214
4334		0.610517
4335		0.61027
4336		0.603831
4337		0.596235
4338		0.595394
4339		0.594132
4340		0.594325
4341		0.603029
4342		0.605791
4343		0.609008
4344		0.613036
4345		0.596273
4346		0.604302
4347		0.607303
4348		0.624267
4349		0.624838
4350		0.626011
4351		0.630166
4352		0.630737
4353		0.627118
4354		0.630451
4355		0.6314
4356		0.626898
4357		0.626443
4358		0.621192
4359		0.618738
4360		0.62142
4361		0.620907
4362		0.62407
4363		0.620332
4364		0.621914
4365		0.619213
4366		0.621134
4367		0.618341
4368		0.61397
4369		0.621026
4370		0.624232
4371		0.622334
4372		0.630162
4373		0.635355
4374		0.632041
4375		0.636026
4376		0.634375
4377		0.629583
4378		0.630945
4379		0.625745
4380		0.626258
4381		0.62983
4382		0.625224
4383		0.623048
4384		0.630517
4385		0.626582
4386		0.630733
4387		0.63267
4388		0.624853
4389		0.621559
4390		0.618673
4391		0.620671
4392		0.618225
4393		0.613167
4394		0.599128
4395		0.599734
4396		0.594776
4397		0.580633
4398		0.573125
4399		0.566065
4400		0.551003
4401		0.550725
4402		0.54635
4403		0.538781
4404		0.535664
4405		0.536466
4406		0.530972
4407		0.527446
4408		0.530409
4409		0.532546
4410		0.53064
4411		0.527041
4412		0.522677
4413		0.517959
4414		0.525602
4415		0.528573
4416		0.523808
4417		0.52081
4418		0.513364
4419		0.512554
4420		0.500166
4421		0.502431
4422		0.499452
4423		0.508434
4424		0.507604
4425		0.505278
4426		0.511578
4427		0.511644
4428		0.516211
4429		0.527269
4430		0.530687
4431		0.534772
4432		0.5426
4433		0.545316
4434		0.547847
4435		0.547708
4436		0.547153
4437		0.547546
4438		0.542037
4439		0.540328
4440		0.541921
4441		0.545856
4442		0.550471
4443		0.546883
4444		0.548735
4445		0.56284
4446		0.567986
4447		0.5699
4448		0.572307
4449		0.568576
4450		0.574684
4451		0.578221
4452		0.585992
4453		0.583569
4454		0.592724
4455		0.593341
4456		0.60012
4457		0.605231
4458		0.612755
4459		0.617377
4460		0.62326
4461		0.622747
4462		0.626208
4463		0.6289
4464		0.629279
4465		0.628256
4466		0.624765
4467		0.620772
4468		0.618272
4469		0.620856
4470		0.590147
4471		0.588796
4472		0.591898
4473		0.592986
4474		0.593796
4475		0.596902
4476		0.582685
4477		0.583465
4478		0.582002
4479		0.581879
4480		0.576659
4481		0.577203
4482		0.571829
4483		0.567033
4484		0.56267
4485		0.56044
4486		0.548125
4487		0.536987
4488		0.528472
4489		0.523295
4490		0.514475
4491		0.514383
4492		0.504745
4493		0.496458
4494		0.489475
4495		0.481744
4496		0.47566
4497		0.477392
4498		0.478669
4499		0.47723
4500		0.475073
4501		0.465401
4502		0.466192
4503		0.469676
4504		0.480347
4505		0.484614
4506		0.485833
4507		0.492847
4508		0.489213
4509		0.490432
4510		0.489599
4511		0.489626
4512		0.485567
4513		0.489147
4514		0.486119
4515		0.48517
4516		0.485436
4517		0.485374
4518		0.481003
4519		0.473935
4520		0.442581
4521		0.453835
4522		0.454591
4523		0.4525
4524		0.455312
4525		0.467438
4526		0.457863
4527		0.466767
4528		0.467531
4529		0.480463
4530		0.494174
4531		0.492257
4532		0.497454
4533		0.489595
4534		0.483808
4535		0.480285
4536		0.477469
4537		0.466941
4538		0.465046
4539		0.470212
4540		0.465583
4541		0.465918
4542		0.470463
4543		0.476736
4544		0.466782
4545		0.456373
4546		0.457747
4547		0.463372
4548		0.466759
4549		0.465486
4550		0.464761
4551		0.458565
4552		0.461389
4553		0.461273
4554		0.468916
4555		0.478576
4556		0.477311
4557		0.479954
4558		0.450633
4559		0.451528
4560		0.446184
4561		0.446856
4562		0.445262
4563		0.439444
4564		0.453916
4565		0.448341
4566		0.447492
4567		0.446242
4568		0.447585
4569		0.449213
4570		0.438117
4571		0.419761
4572		0.429498
4573		0.440679
4574		0.444464
4575		0.451512
4576		0.45772
4577		0.448677
4578		0.453754
4579		0.450799
4580		0.452485
4581		0.446871
4582		0.450208
4583		0.451894
4584		0.455135
4585		0.447631
4586		0.445899
4587		0.446238
4588		0.438873
4589		0.446061
4590		0.449734
4591		0.454329
4592		0.463264
4593		0.473985
4594		0.472133
4595		0.441925
4596		0.443862
4597		0.451474
4598		0.458673
4599		0.447739
4600		0.453191
4601		0.448522
4602		0.448688
4603		0.441146
4604		0.439892
4605		0.443835
4606		0.434892
4607		0.42772
4608		0.431065
4609		0.433804
4610		0.434799
4611		0.430309
4612		0.424873
4613		0.414228
4614		0.41125
4615		0.408696
4616		0.407099
4617		0.408603
4618		0.409113
4619		0.397832
4620		0.384923
4621		0.382022
4622		0.385143
4623		0.385204
4624		0.372106
4625		0.362431
4626		0.357438
4627		0.357103
4628		0.34983
4629		0.345421
4630		0.34343
4631		0.344306
4632		0.34544
4633		0.349448
4634		0.341566
4635		0.336246
4636		0.337423
4637		0.333731
4638		0.336111
4639		0.340251
4640		0.351007
4641		0.351898
4642		0.341964
4643		0.351644
4644		0.350316
4645		0.351412
4646		0.357118
4647		0.361528
4648		0.36564
4649		0.372658
4650		0.373094
4651		0.383356
4652		0.393735
4653		0.392508
4654		0.396643
4655		0.408985
4656		0.408275
4657		0.415509
4658		0.41875
4659		0.416366
4660		0.399225
4661		0.398056
4662		0.398171
4663		0.405467
4664		0.397801
4665		0.397948
4666		0.392616
4667		0.393897
4668		0.39554
4669		0.393897
4670		0.391686
4671		0.389807
4672		0.373758
4673		0.36684
4674		0.366196
4675		0.361304
4676		0.352415
4677		0.350224
4678		0.345598
4679		0.339576
4680		0.332975
4681		0.320031
4682		0.317762
4683		0.316914
4684		0.313148
4685		0.310077
4686		0.303519
4687		0.31164
4688		0.317207
4689		0.317269
4690		0.317554
4691		0.315046
4692		0.315664
4693		0.304938
4694		0.30473
4695		0.290818
4696		0.293137
4697		0.285
4698		0.28902
4699		0.293557
4700		0.302083
4701		0.297238
4702		0.303565
4703		0.303387
4704		0.299028
4705		0.311458
4706		0.314468
4707		0.317708
4708		0.320378
4709		0.326404
4710		0.333646
4711		0.342299
4712		0.340694
4713		0.344838
4714		0.35162
4715		0.358719
4716		0.359448
4717		0.363148
4718		0.370378
4719		0.371026
4720		0.379317
4721		0.372585
4722		0.359664
4723		0.365289
4724		0.366563
4725		0.367917
4726		0.355644
4727		0.363669
4728		0.362311
4729		0.367334
4730		0.357299
4731		0.35272
4732		0.351686
4733		0.350174
4734		0.347886
4735		0.348117
4736		0.350579
4737		0.353071
4738		0.349444
4739		0.34071
4740		0.343499
4741		0.336806
4742		0.33765
4743		0.337323
4744		0.333434
4745		0.315
4746		0.314653
4747		0.306655
4748		0.305621
4749		0.304514
4750		0.296381
4751		0.268511
4752		0.272924
4753		0.279884
4754		0.268484
4755		0.26549
4756		0.25446
4757		0.238137
4758		0.231991
4759		0.218488
4760		0.211586
4761		0.207743
4762		0.198804
4763		0.18804
4764		0.181728
4765		0.176119
4766		0.167357
4767		0.163781
4768		0.161489
4769		0.16392
4770		0.156536
4771		0.148117
4772		0.1513
4773		0.156466
4774		0.149375
4775		0.133094
4776		0.130729
4777		0.120324
4778		0.111613
4779		0.110984
4780		0.107357
4781		0.0993248
4782		0.0988735
4783		0.0903009
4784		0.0831134
4785		0.0793711
4786		0.0707253
4787		0.0667245
4788		0.0635069
4789		0.0554437
4790		0.0516898
4791		0.0469367
4792		0.0421103
4793		0.0348843
4794		0.0326698
4795		0.0276042
4796		0.0244753
4797		0.0219907
4798		0.0194676
4799		0.0177816
4800		0.0163966
4801		0.0133179
4802		0.0101466
4803		0.00845679
4804		0.00566744
4805		0.00490741
4806		0.00501543
4807		0.00555556
4808		0.00628086
4809		0.00568287
4810		0.00603395
4811		0.00566358
4812		0.00601852
4813		0.00596065
4814		0.00638889
4815		0.00625386
4816		0.00672839
4817		0.00689815
4818		0.00625386
4819		0.00632716
4820		0.00632716
4821		0.00641975
4822		0.00662037
4823		0.00682099
4824		0.00685571
4825		0.00757716
4826		0.00740741
4827		0.00774691
4828		0.00794753
4829		0.00751929
4830		0.00780864
4831		0.00747299
4832		0.00762346
4833		0.00753086
4834		0.0133642
4835		0.0136265
4836		0.013615
4837		0.0132253
4838		0.0136574
4839		0.0139506
4840		0.0141088
4841		0.0142747
4842		0.0143866
4843		0.0152315
4844		0.0151273
4845		0.0153279
4846		0.0157562
4847		0.0156481
4848		0.0151543
4849		0.0154475
4850		0.0151389
4851		0.0145988
4852		0.0152045
4853		0.0154321
4854		0.0154514
4855		0.0159414
4856		0.0155131
4857		0.0154938
4858		0.0148804
4859		0.0116049
4860		0.0119599
4861		0.0122377
4862		0.0117901
4863		0.0120833
4864		0.0114545
4865		0.0109105
4866		0.0112809
4867		0.00992284
4868		0.0108796
4869		0.0101427
4870		0.0103241
4871		0.00994213
4872		0.00973765
4873		0.00966049
4874		0.00912037
4875		0.00969136
4876		0.0109568
4877		0.0111574
4878		0.0112847
4879		0.0111728
4880		0.0110031
4881		0.011034
4882		0.0119444
4883		0.0128704
4884		0.0145563
4885		0.0140432
4886		0.0140278
4887		0.0143056
4888		0.0147685
4889		0.015
4890		0.0146181
4891		0.0149691
4892		0.01451
4893		0.0151698
4894		0.0149074
4895		0.0138002
4896		0.0149537
4897		0.0162346
4898		0.0166667
4899		0.0180247
4900		0.0188272
4901		0.0191551
4902		0.0204167
4903		0.0203549
4904		0.0202662
4905		0.0204012
4906		0.0191975
4907		0.0183526
4908		0.0171296
4909		0.0151273
4910		0.0146142
4911		0.0114969
4912		0.00952161
4913		0.00936728
4914		0.00702161
4915		0.00617284
4916		0.00893519
4917		0.0153704
4918		0.0213464
4919		0.0253858
4920		0.0326852
4921		0.0354938
4922		0.0363117
4923		0.0386111
4924		0.040787
4925		0.0425926
4926		0.0508642
4927		0.0625309
4928		0.0676235
4929		0.077936
4930		0.0877161
4931		0.0919637
4932		0.0963889
4933		0.0951543
4934		0.0913735
4935		0.0931173
4936		0.0939043
4937		0.095787
4938		0.0970062
4939		0.0980864
4940		0.098858
4941		0.101034
4942		0.103488
4943		0.102145
4944		0.103873
4945		0.101852
4946		0.104186
4947		0.10652
4948		0.106698
4949		0.105802
4950		0.109537
4951		0.10973
4952		0.107847
4953		0.10407
4954		0.102396
4955		0.100617
4956		0.0998611
4957		0.0925656
4958		0.0938079
4959		0.0813966
4960		0.0862731
4961		0.0866821
4962		0.0794637
4963		0.0728241
4964		0.0742052
4965		0.0693287
4966		0.0655324
4967		0.0678935
4968		0.062284
4969		0.0663465
4970		0.0616975
4971		0.0610147
4972		0.0516551
4973		0.0582099
4974		0.0580247
4975		0.0631327
4976		0.0637191
4977		0.0659491
4978		0.0618287
4979		0.0630286
4980		0.0568981
4981		0.0551312
4982		0.0575656
4983		0.0582022
4984		0.0528935
4985		0.0495563
4986		0.0510648
4987		0.0521026
4988		0.0507716
4989		0.0513272
4990		0.0563889
4991		0.0551852
4992		0.0542438
4993		0.0579012
4994		0.0562809
4995		0.0555556
4996		0.0613889
4997		0.0647878
4998		0.0658488
4999		0.0698032
5000		0.0705594
5001		0.0705247
5002		0.0669907
5003		0.0664506
5004		0.0656173
5005		0.0703395
5006		0.072716
5007		0.0770679
5008		0.0831713
5009		0.0668982
5010		0.0622377
5011		0.0612809
5012		0.0595332
5013		0.0566744
5014		0.0515664
5015		0.0471682
5016		0.0376698
5017		0.0370988
5018		0.0395911
5019		0.0427855
5020		0.0436265
5021		0.0445833
5022		0.042284
5023		0.0375154
5024		0.0386883
5025		0.0355633
5026		0.0359645
5027		0.0332562
5028		0.0308565
5029		0.0274614
5030		0.0257099
5031		0.0214661
5032		0.0189969
5033		0.0169136
5034		0.015625
5035		0.0151389
5036		0.0148302
5037		0.0165278
5038		0.0158642
5039		0.0149537
5040		0.0141821
5041		0.0156636
5042		0.0162654
5043		0.016466
5044		0.0217361
5045		0.0229128
5046		0.0292863
5047		0.0337886
5048		0.0384722
5049		0.0459414
5050		0.057936
5051		0.0662037
5052		0.0800926
5053		0.0914815
5054		0.0989815
5055		0.110123
5056		0.120625
5057		0.125992
5058		0.139267
5059		0.147573
5060		0.152562
5061		0.167284
5062		0.174545
5063		0.179892
5064		0.192068
5065		0.201929
5066		0.206088
5067		0.221057
5068		0.229306
5069		0.235594
5070		0.2449
5071		0.257978
5072		0.259398
5073		0.265355
5074		0.268457
5075		0.270617
5076		0.283056
5077		0.283549
5078		0.285031
5079		0.294784
5080		0.288048
5081		0.286667
5082		0.278387
5083		0.282214
5084		0.296312
5085		0.293403
5086		0.285054
5087		0.285324
5088		0.28034
5089		0.268341
5090		0.267106
5091		0.260521
5092		0.255251
5093		0.254522
5094		0.25419
5095		0.249826
5096		0.249753
5097		0.245008
5098		0.241921
5099		0.238808
5100		0.232037
5101		0.228573
5102		0.223557
5103		0.216196
5104		0.207469
5105		0.204915
5106		0.198241
5107		0.186597
5108		0.179749
5109		0.178657
5110		0.164969
5111		0.159846
5112		0.147948
5113		0.135802
5114		0.130583
5115		0.120799
5116		0.107924
5117		0.102423
5118		0.0931019
5119		0.0818596
5120		0.0793827
5121		0.0690586
5122		0.0549537
5123		0.0496142
5124		0.0432099
5125		0.0362037
5126		0.0312346
5127		0.0235494
5128		0.0202701
5129		0.0183488
5130		0.0140586
5131		0.00832562
5132		0.00554012
5133		0.00487654
5134		0.00325617
5135		0.00237654
5136		0.00166667
5137		0.00166667
5138		0.00148148
5139		0.00166667
5140		0.00166667
5141		0.00166667
5142		0.00166667
5143		0.00125
5144		0.00208333
5145		0.00166667
5146		0.00208333
5147		0.00125
5148		0.00148148
5149		0.00148148
5150		0.00166667
5151		0.00125
5152		0.00208333
5153		0.00125
5154		0.00208333
5155		0.00166667
5156		0.00166667
5157		0.00166667
5158		0.00166667
5159		0.00302469
5160		0.00231481
5161		0.00231481
5162		0.00231481
5163		0.00268519
5164		0.00212963
5165		0.00212963
5166		0.00226852
5167		0.00226852
5168		0.00268519
5169		0.00226852
5170		0.00171296
5171		0.0025463
5172		0.00296296
5173		0.00296296
5174		0.00296296
5175		0.00296296
5176		0.0025463
5177		0.00296296
5178		0.00212963
5179		0.00251543
5180		0.00212963
5181		0.00212963
5182		0.00152778
5183		0.00212963
5184		0.00152778
5185		0.00195216
5186		0.00155864
5187		0.00155864
5188		0.00194444
5189		0.00194444
5190		0.00152778
5191		0.00150463
5192		0.00125
5193		0.00166667
5194		0.00106481
5195		0.00125
5196		0.00125
5197		0.00125
5198		0.00125
5199		0.00106481
5200		0.00125
5201		0.00166667
5202		0.00125
5203		0.00106481
5204		0.000833333
5205		0.00125
5206		0.00106481
5207		0.00125
5208		0.00166667
5209		0.00125
5210		0.000648148
5211		0.000833333
5212		0.00125
5213		0.00166667
5214		0.00125
5215		0.00166667
5216		0.00125
5217		0.00166667
5218		0.00125
5219		0.00166667
5220		0.00180556
5221		0.00180556
5222		0.00177469
5223		0.00180556
5224		0.00205247
5225		0.00166667
5226		0.00208333
5227		0.00166667
5228		0.00125
5229		0.00125
5230		0.00208333
5231		0.00125
5232		0.00166667
5233		0.0016358
5234		0.0016358
5235		0.0016358
5236		0.00166667
5237		0.00166667
5238		0.00166667
5239		0.00152778
5240		0.00166667
5241		0.00166667
5242		0.00208333
5243		0.00208333
5244		0.00208333
5245		0.00208333
5246		0.00166667
5247		0.00208333
5248		0.00166667
5249		0.00208333
5250		0.00166667
5251		0.00236111
5252		0.00236111
5253		0.00236111
5254		0.00208333
5255		0.00208333
5256		0.00166667
5257		0.00660494
5258		0.0145833
5259		0.0183179
5260		0.0267901
5261		0.0341049
5262		0.0371605
5263		0.0417593
5264		0.0459722
5265		0.046929
5266		0.0487963
5267		0.0522994
5268		0.0528086
5269		0.0535648
5270		0.0566821
5271		0.0572531
5272		0.0562346
5273		0.0563889
5274		0.0597377
5275		0.0601543
5276		0.0614043
5277		0.0588117
5278		0.0591975
5279		0.0580401
5280		0.0583179
5281		0.058723
5282		0.0593056
5283		0.0592284
5284		0.058179
5285		0.0632099
5286		0.0642438
5287		0.0649228
5288		0.0707407
5289		0.0730556
5290		0.0781636
5291		0.0832677
5292		0.0889622
5293		0.0961844
5294		0.104167
5295		0.106235
5296		0.112145
5297		0.116744
5298		0.119429
5299		0.120417
5300		0.122361
5301		0.123657
5302		0.130231
5303		0.132006
5304		0.132346
5305		0.130941
5306		0.132793
5307		0.131698
5308		0.131682
5309		0.135864
5310		0.13429
5311		0.132639
5312		0.136481
5313		0.137454
5314		0.135972
5315		0.136327
5316		0.137207
5317		0.13284
5318		0.134645
5319		0.135231
5320		0.137315
5321		0.129275
5322		0.128488
5323		0.130231
5324		0.130741
5325		0.129074
5326		0.128596
5327		0.128688
5328		0.130525
5329		0.131373
5330		0.130988
5331		0.129799
5332		0.129606
5333		0.133457
5334		0.132932
5335		0.135062
5336		0.135602
5337		0.136605
5338		0.139938
5339		0.142392
5340		0.144645
5341		0.146574
5342		0.144753
5343		0.144306
5344		0.146173
5345		0.137731
5346		0.14037
5347		0.147623
5348		0.148025
5349		0.144352
5350		0.145926
5351		0.151836
5352		0.155185
5353		0.162022
5354		0.164645
5355		0.166173
5356		0.171975
5357		0.175293
5358		0.177535
5359		0.183642
5360		0.19206
5361		0.191829
5362		0.195961
5363		0.197319
5364		0.1986
5365		0.199915
5366		0.200745
5367		0.20125
5368		0.202438
5369		0.199468
5370		0.190278
5371		0.192346
5372		0.189398
5373		0.194506
5374		0.197731
5375		0.200417
5376		0.205046
5377		0.205
5378		0.207346
5379		0.204552
5380		0.201929
5381		0.204383
5382		0.20603
5383		0.204529
5384		0.208488
5385		0.212191
5386		0.219321
5387		0.22669
5388		0.225733
5389		0.231528
5390		0.235895
5391		0.235255
5392		0.244005
5393		0.243407
5394		0.241015
5395		0.248113
5396		0.246157
5397		0.240285
5398		0.244101
5399		0.240104
5400		0.236327
5401		0.232218
5402		0.224008
5403		0.225926
5404		0.225478
5405		0.224417
5406		0.2275
5407		0.22559
5408		0.22625
5409		0.225324
5410		0.22429
5411		0.225787
5412		0.227978
5413		0.228488
5414		0.223588
5415		0.227616
5416		0.231871
5417		0.232315
5418		0.23358
5419		0.238735
5420		0.213333
5421		0.215494
5422		0.217901
5423		0.22537
5424		0.226466
5425		0.231435
5426		0.229811
5427		0.230336
5428		0.23804
5429		0.243117
5430		0.246127
5431		0.251806
5432		0.264414
5433		0.270833
5434		0.2775
5435		0.283318
5436		0.286142
5437		0.290772
5438		0.29858
5439		0.302145
5440		0.311651
5441		0.317299
5442		0.319846
5443		0.33088
5444		0.334151
5445		0.339985
5446		0.344306
5447		0.355556
5448		0.353071
5449		0.355309
5450		0.358441
5451		0.356728
5452		0.355139
5453		0.354815
5454		0.357269
5455		0.358935
5456		0.357809
5457		0.355772
5458		0.356929
5459		0.36059
5460		0.358441
5461		0.359444
5462		0.357531
5463		0.357778
5464		0.353302
5465		0.352238
5466		0.351759
5467		0.346269
5468		0.348765
5469		0.347052
5470		0.370139
5471		0.368584
5472		0.368187
5473		0.366555
5474		0.368711
5475		0.365922
5476		0.367014
5477		0.366806
5478		0.369167
5479		0.374599
5480		0.37995
5481		0.38211
5482		0.392106
5483		0.401798
5484		0.404252
5485		0.411343
5486		0.415339
5487		0.414012
5488		0.421482
5489		0.430108
5490		0.430864
5491		0.433241
5492		0.440031
5493		0.441759
5494		0.442809
5495		0.434367
5496		0.433279
5497		0.433657
5498		0.437481
5499		0.440903
5500		0.439468
5501		0.436582
5502		0.439645
5503		0.442461
5504		0.445054
5505		0.445656
5506		0.447461
5507		0.44777
5508		0.447878
5509		0.449792
5510		0.453912
5511		0.455965
5512		0.45564
5513		0.453804
5514		0.456088
5515		0.454946
5516		0.455363
5517		0.45473
5518		0.454591
5519		0.45544
5520		0.46963
5521		0.468773
5522		0.471705
5523		0.47169
5524		0.474437
5525		0.480764
5526		0.480031
5527		0.482184
5528		0.487909
5529		0.489425
5530		0.494537
5531		0.498218
5532		0.500764
5533		0.506123
5534		0.507747
5535		0.512284
5536		0.519051
5537		0.520463
5538		0.522295
5539		0.526103
5540		0.529151
5541		0.535069
5542		0.535474
5543		0.538603
5544		0.536582
5545		0.533962
5546		0.537334
5547		0.536007
5548		0.537492
5549		0.539282
5550		0.53892
5551		0.538333
5552		0.54267
5553		0.541767
5554		0.545702
5555		0.548742
5556		0.549151
5557		0.553326
5558		0.555779
5559		0.55441
5560		0.554456
5561		0.554599
5562		0.55441
5563		0.559668
5564		0.5676
5565		0.570255
5566		0.571412
5567		0.572369
5568		0.578009
5569		0.580177
5570		0.572828
5571		0.573654
5572		0.57662
5573		0.584302
5574		0.586107
5575		0.591053
5576		0.5888
5577		0.588573
5578		0.590463
5579		0.596435
5580		0.599846
5581		0.600147
5582		0.600907
5583		0.601157
5584		0.603283
5585		0.604657
5586		0.608519
5587		0.610536
5588		0.612662
5589		0.614217
5590		0.611038
5591		0.614958
5592		0.61341
5593		0.616744
5594		0.612901
5595		0.606238
5596		0.608152
5597		0.610428
5598		0.607566
5599		0.604495
5600		0.607056
5601		0.608985
5602		0.611211
5603		0.607353
5604		0.611829
5605		0.613414
5606		0.61711
5607		0.615382
5608		0.620282
5609		0.623546
5610		0.622558
5611		0.622295
5612		0.624965
5613		0.625162
5614		0.624294
5615		0.62417
5616		0.625829
5617		0.626547
5618		0.627851
5619		0.629541
5620		0.627234
5621		0.627789
5622		0.627959
5623		0.628503
5624		0.625069
5625		0.629182
5626		0.63012
5627		0.630336
5628		0.63473
5629		0.634522
5630		0.63777
5631		0.633974
5632		0.638048
5633		0.636304
5634		0.637153
5635		0.635671
5636		0.635567
5637		0.638222
5638		0.639576
5639		0.638407
5640		0.637878
5641		0.638573
5642		0.636327
5643		0.639834
5644		0.640332
5645		0.672751
5646		0.674622
5647		0.674105
5648		0.675309
5649		0.674001
5650		0.672978
5651		0.672168
5652		0.671902
5653		0.670185
5654		0.670841
5655		0.670718
5656		0.670957
5657		0.668156
5658		0.6724
5659		0.670366
5660		0.669406
5661		0.669676
5662		0.671138
5663		0.67174
5664		0.673345
5665		0.673638
5666		0.675382
5667		0.673989
5668		0.675347
5669		0.673322
5670		0.666914
5671		0.664884
5672		0.668063
5673		0.668819
5674		0.671119
5675		0.674398
5676		0.671373
5677		0.668804
5678		0.671512
5679		0.669089
5680		0.67412
5681		0.672786
5682		0.674483
5683		0.672284
5684		0.674367
5685		0.677161
5686		0.675756
5687		0.676235
5688		0.67402
5689		0.67517
5690		0.680795
5691		0.678086
5692		0.676219
5693		0.675856
5694		0.681875
5695		0.672431
5696		0.673179
5697		0.67304
5698		0.670463
5699		0.673094
5700		0.67402
5701		0.674749
5702		0.681157
5703		0.682222
5704		0.686991
5705		0.69223
5706		0.696231
5707		0.694877
5708		0.696655
5709		0.698954
5710		0.699788
5711		0.719232
5712		0.722967
5713		0.724109
5714		0.729093
5715		0.728083
5716		0.731678
5717		0.735914
5718		0.738758
5719		0.7386
5720		0.763727
5721		0.7649
5722		0.766011
5723		0.764938
5724		0.758935
5725		0.765039
5726		0.76316
5727		0.763272
5728		0.766779
5729		0.764294
5730		0.765521
5731		0.768912
5732		0.773175
5733		0.774448
5734		0.773584
5735		0.775949
5736		0.773341
5737		0.7774
