The video is over!
Frame Number 	Queue Density
1		0.0784838
2		0.081605
3		0.0852623
4		0.0917593
5		0.0929938
6		0.0944136
7		0.10235
8		0.10517
9		0.10216
10		0.103345
11		0.105166
12		0.107145
13		0.108268
14		0.110073
15		0.111076
16		0.112103
17		0.113785
18		0.11336
19		0.11527
20		0.118789
21		0.119637
22		0.11988
23		0.12483
24		0.127793
25		0.129232
26		0.131547
27		0.134086
28		0.134637
29		0.134444
30		0.137446
31		0.136292
32		0.136528
33		0.14037
34		0.13809
35		0.141127
36		0.139132
37		0.140197
38		0.142242
39		0.140158
40		0.140262
41		0.14086
42		0.140262
43		0.141921
44		0.145181
45		0.14228
46		0.143889
47		0.1411
48		0.139722
49		0.145166
50		0.144707
51		0.145764
52		0.149286
53		0.153796
54		0.156362
55		0.158337
56		0.162257
57		0.163414
58		0.166952
59		0.169198
60		0.168241
61		0.170752
62		0.165806
63		0.1687
64		0.164826
65		0.168796
66		0.165907
67		0.164379
68		0.16735
69		0.167473
70		0.166115
71		0.169591
72		0.170355
73		0.169375
74		0.173368
75		0.173762
76		0.171971
77		0.171582
78		0.175112
79		0.173954
80		0.174637
81		0.177631
82		0.179333
83		0.187272
84		0.19081
85		0.19353
86		0.199633
87		0.200914
88		0.206794
89		0.214306
90		0.213708
91		0.21787
92		0.221674
93		0.222261
94		0.224468
95		0.218997
96		0.219695
97		0.223989
98		0.223171
99		0.222423
100		0.221169
101		0.219718
102		0.218048
103		0.21657
104		0.216084
105		0.215305
106		0.212392
107		0.214313
108		0.216115
109		0.22059
110		0.22387
111		0.223904
112		0.228333
113		0.232708
114		0.233349
115		0.236022
116		0.240162
117		0.243295
118		0.242477
119		0.24613
120		0.246647
121		0.251127
122		0.248337
123		0.249086
124		0.252604
125		0.252477
126		0.252049
127		0.250918
128		0.25206
129		0.253534
130		0.255613
131		0.257774
132		0.25912
133		0.258275
134		0.258295
135		0.260999
136		0.26147
137		0.262299
138		0.262508
139		0.265876
140		0.266836
141		0.266165
142		0.263873
143		0.263715
144		0.26669
145		0.256042
146		0.255687
147		0.260849
148		0.259826
149		0.25711
150		0.258989
151		0.259904
152		0.258387
153		0.259556
154		0.259475
155		0.25912
156		0.257608
157		0.25456
158		0.254429
159		0.249576
160		0.247319
161		0.246968
162		0.24941
163		0.249803
164		0.247847
165		0.247346
166		0.248322
167		0.248978
168		0.248133
169		0.244784
170		0.248029
171		0.247569
172		0.244796
173		0.244336
174		0.243306
175		0.240995
176		0.241431
177		0.240594
178		0.241647
179		0.240332
180		0.2386
181		0.241335
182		0.240957
183		0.240644
184		0.240637
185		0.240922
186		0.238889
187		0.240004
188		0.238654
189		0.237546
190		0.235779
191		0.236698
192		0.237029
193		0.239414
194		0.23924
195		0.245687
196		0.243881
197		0.245482
198		0.247901
199		0.244954
200		0.24461
201		0.245243
202		0.244811
203		0.2449
204		0.245131
205		0.243457
206		0.243746
207		0.246227
208		0.245868
209		0.245108
210		0.244001
211		0.243611
212		0.244502
213		0.242149
214		0.241848
215		0.240174
216		0.242774
217		0.244059
218		0.244819
219		0.245012
220		0.235216
221		0.234992
222		0.235193
223		0.238465
224		0.237222
225		0.237311
226		0.236647
227		0.238156
228		0.239198
229		0.237801
230		0.238357
231		0.239718
232		0.240938
233		0.242153
234		0.240031
235		0.240201
236		0.2401
237		0.238916
238		0.237604
239		0.234688
240		0.23485
241		0.233067
242		0.23375
243		0.236165
244		0.236647
245		0.236883
246		0.237647
247		0.238519
248		0.235613
249		0.235787
250		0.237319
251		0.235505
252		0.236914
253		0.235127
254		0.235799
255		0.234988
256		0.23826
257		0.238218
258		0.23576
259		0.237681
260		0.236165
261		0.236427
262		0.234606
263		0.233958
264		0.232542
265		0.236061
266		0.234414
267		0.23289
268		0.233804
269		0.234487
270		0.230914
271		0.229834
272		0.228121
273		0.230131
274		0.233665
275		0.235312
276		0.236377
277		0.238673
278		0.242126
279		0.242905
280		0.246578
281		0.249101
282		0.250783
283		0.252207
284		0.25561
285		0.256022
286		0.259699
287		0.254865
288		0.257492
289		0.255243
290		0.253152
291		0.251979
292		0.254491
293		0.250143
294		0.249232
295		0.244082
296		0.241038
297		0.238576
298		0.241485
299		0.239676
300		0.242504
301		0.241424
302		0.240324
303		0.241532
304		0.239298
305		0.236968
306		0.238908
307		0.237789
308		0.239923
309		0.236636
310		0.237485
311		0.237986
312		0.240262
313		0.239356
314		0.238422
315		0.239788
316		0.238121
317		0.237527
318		0.234711
319		0.234576
320		0.238916
321		0.238337
322		0.237581
323		0.236937
324		0.23843
325		0.23934
326		0.236898
327		0.238538
328		0.238248
329		0.239047
330		0.23909
331		0.239333
332		0.239379
333		0.239221
334		0.241061
335		0.24113
336		0.238009
337		0.239101
338		0.236995
339		0.238133
340		0.239703
341		0.24341
342		0.243592
343		0.243546
344		0.243576
345		0.236069
346		0.238592
347		0.242346
348		0.241331
349		0.24267
350		0.241412
351		0.243472
352		0.240826
353		0.241478
354		0.241007
355		0.242307
356		0.242315
357		0.245177
358		0.245444
359		0.244934
360		0.244394
361		0.24485
362		0.244082
363		0.244417
364		0.24581
365		0.24733
366		0.248611
367		0.246663
368		0.246948
369		0.24706
370		0.245752
371		0.244973
372		0.246744
373		0.248075
374		0.248654
375		0.249117
376		0.247461
377		0.246416
378		0.247207
379		0.247789
380		0.248237
381		0.24843
382		0.250772
383		0.251678
384		0.253935
385		0.252384
386		0.256285
387		0.25549
388		0.257257
389		0.261416
390		0.259838
391		0.26201
392		0.262832
393		0.259448
394		0.260189
395		0.255332
396		0.257446
397		0.258075
398		0.25858
399		0.260459
400		0.262133
401		0.257523
402		0.26267
403		0.26267
404		0.26946
405		0.271427
406		0.277627
407		0.280922
408		0.286308
409		0.294919
410		0.302049
411		0.30706
412		0.312438
413		0.316894
414		0.320876
415		0.325123
416		0.331813
417		0.333885
418		0.340042
419		0.343133
420		0.344923
421		0.352743
422		0.356744
423		0.357527
424		0.363696
425		0.372604
426		0.373978
427		0.37924
428		0.386188
429		0.389641
430		0.39304
431		0.397049
432		0.401397
433		0.40733
434		0.413148
435		0.414884
436		0.413916
437		0.419622
438		0.417288
439		0.423113
440		0.4225
441		0.42137
442		0.425567
443		0.428368
444		0.42713
445		0.420247
446		0.421813
447		0.427149
448		0.428688
449		0.431408
450		0.433881
451		0.435367
452		0.436856
453		0.440247
454		0.443407
455		0.441613
456		0.443387
457		0.445158
458		0.450069
459		0.449248
460		0.452207
461		0.451354
462		0.452234
463		0.453492
464		0.453993
465		0.452959
466		0.45184
467		0.452404
468		0.449676
469		0.452423
470		0.461636
471		0.459387
472		0.464942
473		0.461724
474		0.461879
475		0.467276
476		0.466759
477		0.463295
478		0.464309
479		0.464996
480		0.463634
481		0.465972
482		0.467334
483		0.468079
484		0.46782
485		0.465853
486		0.465583
487		0.467496
488		0.465795
489		0.467739
490		0.468125
491		0.467608
492		0.466312
493		0.466223
494		0.467257
495		0.467596
496		0.466875
497		0.47115
498		0.470664
499		0.475775
500		0.47853
501		0.479043
502		0.483256
503		0.486883
504		0.49115
505		0.496944
506		0.501906
507		0.503391
508		0.510139
509		0.515139
510		0.515482
511		0.517141
512		0.519815
513		0.523387
514		0.524012
515		0.524691
516		0.525791
517		0.526617
518		0.527477
519		0.527137
520		0.533137
521		0.534788
522		0.541103
523		0.541686
524		0.543476
525		0.542026
526		0.542882
527		0.541732
528		0.545328
529		0.546929
530		0.545779
531		0.544873
532		0.546292
533		0.544475
534		0.545621
535		0.546127
536		0.545031
537		0.5424
538		0.54701
539		0.547126
540		0.547897
541		0.545891
542		0.548808
543		0.550316
544		0.550648
545		0.524595
546		0.527731
547		0.527049
548		0.529032
549		0.529255
550		0.526597
551		0.527261
552		0.528434
553		0.531512
554		0.530235
555		0.528083
556		0.530216
557		0.529012
558		0.529892
559		0.52478
560		0.524221
561		0.528781
562		0.527288
563		0.525498
564		0.523677
565		0.522724
566		0.523993
567		0.525282
568		0.525907
569		0.526049
570		0.526551
571		0.529522
572		0.534252
573		0.534294
574		0.538302
575		0.53875
576		0.544086
577		0.540706
578		0.543233
579		0.547496
580		0.55081
581		0.553164
582		0.553735
583		0.554896
584		0.555525
585		0.556555
586		0.561366
587		0.56363
588		0.563206
589		0.563345
590		0.564116
591		0.564464
592		0.56179
593		0.56358
594		0.565505
595		0.553453
596		0.557762
597		0.555822
598		0.559711
599		0.560687
600		0.562546
601		0.564143
602		0.566084
603		0.56745
604		0.565463
605		0.568187
606		0.568299
607		0.570887
608		0.57679
609		0.574279
610		0.574221
611		0.583302
612		0.584637
613		0.587585
614		0.592504
615		0.593545
616		0.593094
617		0.598245
618		0.60034
619		0.600868
620		0.598387
621		0.601574
622		0.605343
623		0.608542
624		0.609252
625		0.610112
626		0.612766
627		0.612739
628		0.612496
629		0.612161
630		0.613036
631		0.613943
632		0.617388
633		0.618727
634		0.619228
635		0.61804
636		0.620108
637		0.615864
638		0.613943
639		0.615475
640		0.616042
641		0.617272
642		0.613773
643		0.615729
644		0.616088
645		0.625247
646		0.629398
647		0.628789
648		0.630721
649		0.63216
650		0.632793
651		0.633372
652		0.632157
653		0.633229
654		0.634873
655		0.636887
656		0.636316
657		0.639934
658		0.641142
659		0.638989
660		0.639255
661		0.639063
662		0.643233
663		0.639915
664		0.640841
665		0.644468
666		0.643241
667		0.64429
668		0.646867
669		0.646208
670		0.625012
671		0.628519
672		0.626894
673		0.630228
674		0.631721
675		0.631497
676		0.631836
677		0.63385
678		0.637126
679		0.634093
680		0.635031
681		0.638839
682		0.636524
683		0.639252
684		0.640818
685		0.639973
686		0.642631
687		0.64238
688		0.642446
689		0.644012
690		0.643785
691		0.643191
692		0.642481
693		0.642612
694		0.644259
695		0.630806
696		0.63054
697		0.631462
698		0.632863
699		0.632215
700		0.633237
701		0.633754
702		0.633912
703		0.635316
704		0.637419
705		0.636655
706		0.637369
707		0.637947
708		0.637951
709		0.640316
710		0.637299
711		0.638731
712		0.63858
713		0.64032
714		0.640031
715		0.641177
716		0.641898
717		0.642913
718		0.64292
719		0.643086
720		0.64049
721		0.639267
722		0.639853
723		0.643499
724		0.643951
725		0.643893
726		0.64561
727		0.646485
728		0.644321
729		0.64463
730		0.644668
731		0.643765
732		0.643839
733		0.643881
734		0.648646
735		0.648596
736		0.648792
737		0.648071
738		0.64973
739		0.649321
740		0.649398
741		0.649136
742		0.653044
743		0.652172
744		0.653164
745		0.628426
746		0.631308
747		0.632103
748		0.634155
749		0.631944
750		0.634352
751		0.618337
752		0.6201
753		0.622446
754		0.62505
755		0.622674
756		0.62233
757		0.626933
758		0.625054
759		0.624313
760		0.627905
761		0.628522
762		0.629653
763		0.629093
764		0.628808
765		0.63044
766		0.630729
767		0.632959
768		0.629637
769		0.629556
770		0.641991
771		0.640733
772		0.639417
773		0.641281
774		0.637955
775		0.642485
776		0.642357
777		0.647457
778		0.648576
779		0.648183
780		0.646929
781		0.647106
782		0.654379
783		0.653638
784		0.653873
785		0.654155
786		0.653279
787		0.654495
788		0.655571
789		0.653329
790		0.656076
791		0.662485
792		0.666914
793		0.669197
794		0.672218
795		0.634352
796		0.631975
797		0.635282
798		0.640621
799		0.640559
800		0.64468
801		0.649398
802		0.649896
803		0.648615
804		0.645312
805		0.652913
806		0.652427
807		0.654568
808		0.658873
809		0.657728
810		0.658094
811		0.655972
812		0.65662
813		0.657458
814		0.658283
815		0.662272
816		0.661107
817		0.665814
818		0.664992
819		0.667867
820		0.659352
821		0.659761
822		0.659051
823		0.660336
824		0.664448
825		0.662608
826		0.663742
827		0.665366
828		0.666292
829		0.667269
830		0.66723
831		0.669961
832		0.669529
833		0.669985
834		0.6726
835		0.67304
836		0.67321
837		0.674657
838		0.672793
839		0.67495
840		0.67483
841		0.676443
842		0.676489
843		0.679599
844		0.679676
845		0.676933
846		0.67365
847		0.675386
848		0.678935
849		0.675131
850		0.681242
851		0.680077
852		0.681887
853		0.678565
854		0.680613
855		0.679267
856		0.682982
857		0.679865
858		0.683291
859		0.684795
860		0.683059
861		0.685949
862		0.685093
863		0.685313
864		0.685201
865		0.685764
866		0.685181
867		0.685833
868		0.687843
869		0.687535
870		0.667974
871		0.668067
872		0.666786
873		0.667357
874		0.669421
875		0.669495
876		0.667485
877		0.668542
878		0.670968
879		0.672068
880		0.659892
881		0.659734
882		0.659738
883		0.657431
884		0.658052
885		0.659232
886		0.659603
887		0.660432
888		0.662701
889		0.66402
890		0.663576
891		0.663889
892		0.666238
893		0.665309
894		0.665617
895		0.665513
896		0.668013
897		0.667519
898		0.667759
899		0.668738
900		0.668414
901		0.670637
902		0.673233
903		0.675289
904		0.674734
905		0.684834
906		0.684479
907		0.684001
908		0.685532
909		0.686346
910		0.686165
911		0.686343
912		0.686107
913		0.686265
914		0.685216
915		0.686505
916		0.687041
917		0.683738
918		0.683021
919		0.683924
920		0.681759
921		0.68414
922		0.6874
923		0.68787
924		0.687106
925		0.686894
926		0.687654
927		0.689024
928		0.690143
929		0.692593
930		0.665891
931		0.665297
932		0.665964
933		0.668526
934		0.666593
935		0.670864
936		0.673106
937		0.674672
938		0.678476
939		0.677913
940		0.682218
941		0.681725
942		0.681829
943		0.684896
944		0.685563
945		0.685803
946		0.685374
947		0.683951
948		0.684452
949		0.686663
950		0.683985
951		0.680849
952		0.682986
953		0.679522
954		0.679653
955		0.677161
956		0.67657
957		0.678279
958		0.676362
959		0.681921
960		0.678287
961		0.678032
962		0.68189
963		0.680999
964		0.680887
965		0.684707
966		0.684267
967		0.685567
968		0.684877
969		0.682446
970		0.683981
971		0.685772
972		0.685845
973		0.68814
974		0.688584
975		0.687361
976		0.688376
977		0.691154
978		0.688931
979		0.689691
980		0.682342
981		0.682739
982		0.685548
983		0.684769
984		0.686593
985		0.689742
986		0.686898
987		0.686235
988		0.682897
989		0.686806
990		0.690691
991		0.688592
992		0.687095
993		0.691073
994		0.692554
995		0.691231
996		0.696049
997		0.695455
998		0.697623
999		0.697411
1000		0.695459
1001		0.675768
1002		0.676061
1003		0.675193
1004		0.674923
1005		0.672616
1006		0.671983
1007		0.673993
1008		0.674252
1009		0.676304
1010		0.676046
1011		0.668711
1012		0.6676
1013		0.668164
1014		0.670756
1015		0.669197
1016		0.669788
1017		0.670988
1018		0.668792
1019		0.669167
1020		0.670216
1021		0.669568
1022		0.673221
1023		0.672662
1024		0.673445
1025		0.674919
1026		0.673434
1027		0.672863
1028		0.673684
1029		0.67331
1030		0.673854
1031		0.673572
1032		0.676076
1033		0.675787
1034		0.675305
1035		0.676161
1036		0.673491
1037		0.670008
1038		0.672627
1039		0.674977
1040		0.67662
1041		0.676242
1042		0.675656
1043		0.67554
1044		0.674796
1045		0.676018
1046		0.677056
1047		0.678453
1048		0.68211
1049		0.682473
1050		0.683931
1051		0.68414
1052		0.683804
1053		0.684834
1054		0.684934
1055		0.685498
1056		0.683939
1057		0.683769
1058		0.683549
1059		0.683993
1060		0.682411
1061		0.675548
1062		0.676701
1063		0.676802
1064		0.674448
1065		0.675181
1066		0.677164
1067		0.676439
1068		0.676277
1069		0.678399
1070		0.674938
1071		0.679583
1072		0.677662
1073		0.679008
1074		0.679626
1075		0.683765
1076		0.683164
1077		0.684495
1078		0.683619
1079		0.685992
1080		0.685448
1081		0.689607
1082		0.690428
1083		0.690432
1084		0.688719
1085		0.690216
1086		0.679039
1087		0.679742
1088		0.680837
1089		0.680876
1090		0.678079
1091		0.679672
1092		0.678113
1093		0.683468
1094		0.679132
1095		0.681485
1096		0.681115
1097		0.680247
1098		0.68054
1099		0.679591
1100		0.68164
1101		0.680837
1102		0.681015
1103		0.67951
1104		0.682758
1105		0.682693
1106		0.679572
1107		0.681566
1108		0.680582
1109		0.680667
1110		0.680151
1111		0.676312
1112		0.67512
1113		0.676065
1114		0.67833
1115		0.679846
1116		0.678958
1117		0.678306
1118		0.678013
1119		0.67696
1120		0.676655
1121		0.677338
1122		0.677874
1123		0.681181
1124		0.68032
1125		0.679487
1126		0.679441
1127		0.681061
1128		0.677519
1129		0.678939
1130		0.682863
1131		0.683603
1132		0.684552
1133		0.683125
1134		0.681115
1135		0.684687
1136		0.670093
1137		0.670239
1138		0.668792
1139		0.670069
1140		0.673067
1141		0.671725
1142		0.672384
1143		0.667261
1144		0.668449
1145		0.667161
1146		0.669641
1147		0.673264
1148		0.674074
1149		0.67456
1150		0.674429
1151		0.675305
1152		0.676443
1153		0.677751
1154		0.678665
1155		0.674236
1156		0.676292
1157		0.677153
1158		0.674286
1159		0.676408
1160		0.678993
1161		0.686316
1162		0.684093
1163		0.684456
1164		0.68593
1165		0.684452
1166		0.6824
1167		0.686628
1168		0.680976
1169		0.683549
1170		0.683592
1171		0.684572
1172		0.689722
1173		0.684961
1174		0.683052
1175		0.683133
1176		0.684591
1177		0.686493
1178		0.686709
1179		0.685448
1180		0.689711
1181		0.689603
1182		0.687886
1183		0.689487
1184		0.689448
1185		0.689471
1186		0.681053
1187		0.682052
1188		0.683017
1189		0.685359
1190		0.683156
1191		0.682855
1192		0.678611
1193		0.681053
1194		0.682029
1195		0.684398
1196		0.680884
1197		0.682377
1198		0.685058
1199		0.686096
1200		0.684603
1201		0.685054
1202		0.684063
1203		0.683804
1204		0.687353
1205		0.684448
1206		0.683565
1207		0.68591
1208		0.686015
1209		0.685872
1210		0.686219
1211		0.680197
1212		0.677747
1213		0.676732
1214		0.676609
1215		0.679807
1216		0.676763
1217		0.678677
1218		0.678781
1219		0.681524
1220		0.68186
1221		0.684414
1222		0.68522
1223		0.685687
1224		0.68387
1225		0.684884
1226		0.685698
1227		0.684039
1228		0.68272
1229		0.683781
1230		0.685903
1231		0.687083
1232		0.685224
1233		0.685386
1234		0.684981
1235		0.68414
1236		0.68853
1237		0.689217
1238		0.689749
1239		0.693395
1240		0.695201
1241		0.693414
1242		0.696859
1243		0.699421
1244		0.700004
1245		0.700336
1246		0.692168
1247		0.695903
1248		0.697874
1249		0.695988
1250		0.697631
1251		0.686771
1252		0.685667
1253		0.687384
1254		0.684904
1255		0.688434
1256		0.688206
1257		0.691304
1258		0.693924
1259		0.694869
1260		0.698233
1261		0.677677
1262		0.68208
1263		0.68174
1264		0.681667
1265		0.683222
1266		0.683727
1267		0.684726
1268		0.681624
1269		0.687951
1270		0.687847
1271		0.690081
1272		0.687554
1273		0.687203
1274		0.688966
1275		0.686343
1276		0.686894
1277		0.687982
1278		0.686964
1279		0.685887
1280		0.684128
1281		0.682758
1282		0.681018
1283		0.680343
1284		0.682288
1285		0.681547
1286		0.684394
1287		0.685872
1288		0.68659
1289		0.688449
1290		0.690482
1291		0.692685
1292		0.691887
1293		0.692519
1294		0.695297
1295		0.694329
1296		0.695475
1297		0.694537
1298		0.692554
1299		0.689637
1300		0.69174
1301		0.689417
1302		0.691701
1303		0.693403
1304		0.691798
1305		0.689811
1306		0.68767
1307		0.687141
1308		0.687099
1309		0.68841
1310		0.68887
1311		0.665104
1312		0.665367
1313		0.664826
1314		0.666771
1315		0.668549
1316		0.665096
1317		0.669583
1318		0.670467
1319		0.672353
1320		0.674583
1321		0.673858
1322		0.675644
1323		0.67336
1324		0.672608
1325		0.672373
1326		0.678584
1327		0.67505
1328		0.67821
1329		0.677855
1330		0.675548
1331		0.67777
1332		0.676829
1333		0.676227
1334		0.676138
1335		0.674309
1336		0.669468
1337		0.670683
1338		0.671034
1339		0.670613
1340		0.668885
1341		0.672697
1342		0.671358
1343		0.67071
1344		0.672778
1345		0.673376
1346		0.671964
1347		0.674633
1348		0.675355
1349		0.675822
1350		0.67488
1351		0.674387
1352		0.675633
1353		0.674873
1354		0.676076
1355		0.67767
1356		0.677944
1357		0.679144
1358		0.67505
1359		0.674066
1360		0.674942
1361		0.663372
1362		0.666385
1363		0.666335
1364		0.668696
1365		0.66912
1366		0.671061
1367		0.669456
1368		0.671057
1369		0.670691
1370		0.673515
1371		0.672604
1372		0.670548
1373		0.672353
1374		0.670205
1375		0.672793
1376		0.672859
1377		0.670671
1378		0.673414
1379		0.672438
1380		0.672608
1381		0.674738
1382		0.674614
1383		0.672631
1384		0.673511
1385		0.672724
1386		0.673916
1387		0.675058
1388		0.676312
1389		0.677168
1390		0.675891
1391		0.680559
1392		0.679603
1393		0.680903
1394		0.680069
1395		0.684861
1396		0.683032
1397		0.683368
1398		0.684298
1399		0.684641
1400		0.683796
1401		0.683754
1402		0.686925
1403		0.686574
1404		0.68635
1405		0.685185
1406		0.684865
1407		0.683353
1408		0.685328
1409		0.686431
1410		0.68659
1411		0.676223
1412		0.675741
1413		0.677797
1414		0.681049
1415		0.679286
1416		0.676767
1417		0.680124
1418		0.682141
1419		0.68135
1420		0.681242
1421		0.682369
1422		0.685162
1423		0.683241
1424		0.685548
1425		0.686215
1426		0.688279
1427		0.689425
1428		0.689036
1429		0.692658
1430		0.694444
1431		0.698924
1432		0.700158
1433		0.700448
1434		0.703538
1435		0.705023
1436		0.708418
1437		0.705575
1438		0.709101
1439		0.709155
1440		0.708804
1441		0.713927
1442		0.7149
1443		0.717975
1444		0.722361
1445		0.720787
1446		0.725058
1447		0.727361
1448		0.726597
1449		0.73005
1450		0.732577
1451		0.735274
1452		0.738754
1453		0.741111
1454		0.744267
1455		0.747824
1456		0.75162
1457		0.752253
1458		0.75576
1459		0.758303
1460		0.7562
1461		0.726192
1462		0.73115
1463		0.730232
1464		0.724923
1465		0.725216
1466		0.724498
1467		0.73282
1468		0.73088
1469		0.730853
1470		0.733696
1471		0.733588
1472		0.740247
1473		0.745131
1474		0.748094
1475		0.743627
1476		0.745968
1477		0.742878
1478		0.750177
1479		0.749896
1480		0.749873
1481		0.752824
1482		0.750799
1483		0.754174
1484		0.758669
1485		0.760502
1486		0.759537
1487		0.759958
1488		0.760374
1489		0.760718
1490		0.761771
1491		0.763534
1492		0.763036
1493		0.763727
1494		0.764776
1495		0.763692
1496		0.762805
1497		0.762508
1498		0.765197
1499		0.759788
1500		0.751011
1501		0.713183
1502		0.715197
1503		0.706208
1504		0.710833
1505		0.717604
1506		0.718947
1507		0.719961
1508		0.723044
1509		0.71696
1510		0.720907
1511		0.729448
1512		0.724117
1513		0.730143
1514		0.728009
1515		0.731647
1516		0.7038
1517		0.694919
1518		0.689923
1519		0.68939
1520		0.682747
1521		0.673202
1522		0.657674
1523		0.659699
1524		0.648461
1525		0.649371
1526		0.650424
1527		0.640613
1528		0.643411
1529		0.642377
1530		0.640779
1531		0.636273
1532		0.631686
1533		0.631698
1534		0.627033
1535		0.633839
1536		0.6249
1537		0.633048
1538		0.632519
1539		0.626092
1540		0.629834
1541		0.633426
1542		0.627967
1543		0.61745
1544		0.623522
1545		0.621057
1546		0.617847
1547		0.624039
1548		0.620814
1549		0.616809
1550		0.602955
1551		0.600436
1552		0.598052
1553		0.599425
1554		0.591489
1555		0.585012
1556		0.590559
1557		0.585351
1558		0.583584
1559		0.58061
1560		0.577114
1561		0.55488
1562		0.555791
1563		0.557095
1564		0.558295
1565		0.562265
1566		0.561894
1567		0.562562
1568		0.563167
1569		0.563966
1570		0.564232
1571		0.567535
1572		0.566879
1573		0.572288
1574		0.571898
1575		0.575305
1576		0.579722
1577		0.585752
1578		0.586883
1579		0.588557
1580		0.587832
1581		0.590598
1582		0.590517
1583		0.589653
1584		0.586717
1585		0.588187
1586		0.571069
1587		0.565081
1588		0.568777
1589		0.576987
1590		0.574491
1591		0.578827
1592		0.575
1593		0.579757
1594		0.578885
1595		0.58566
1596		0.594545
1597		0.592485
1598		0.592133
1599		0.593164
1600		0.601474
1601		0.605424
1602		0.597716
1603		0.599865
1604		0.60086
1605		0.610309
1606		0.619587
1607		0.618704
1608		0.623075
1609		0.629803
1610		0.622701
1611		0.628291
1612		0.623546
1613		0.619884
1614		0.616998
1615		0.616925
1616		0.617874
1617		0.61282
1618		0.596894
1619		0.595251
1620		0.596559
1621		0.592481
1622		0.594649
1623		0.60108
1624		0.592928
1625		0.590459
1626		0.58863
1627		0.594441
1628		0.592164
1629		0.590575
1630		0.588569
1631		0.59189
1632		0.601327
1633		0.603465
1634		0.606999
1635		0.609008
1636		0.630579
1637		0.632681
1638		0.625961
1639		0.625783
1640		0.627585
1641		0.627265
1642		0.623079
1643		0.620166
1644		0.610424
1645		0.605563
1646		0.60963
1647		0.601196
1648		0.605455
1649		0.606377
1650		0.607488
1651		0.603607
1652		0.607137
1653		0.603823
1654		0.602214
1655		0.598927
1656		0.588329
1657		0.588206
1658		0.585301
1659		0.588904
1660		0.586937
1661		0.578499
1662		0.580656
1663		0.590324
1664		0.60142
1665		0.605637
1666		0.606096
1667		0.614113
1668		0.61456
1669		0.617226
1670		0.619904
1671		0.625158
1672		0.6225
1673		0.624232
1674		0.614182
1675		0.612751
1676		0.607523
1677		0.615806
1678		0.609761
1679		0.609826
1680		0.613569
1681		0.615683
1682		0.62054
1683		0.620714
1684		0.62309
1685		0.629414
1686		0.59257
1687		0.590563
1688		0.5976
1689		0.602373
1690		0.605116
1691		0.611786
1692		0.613812
1693		0.616165
1694		0.61505
1695		0.614525
1696		0.622191
1697		0.621767
1698		0.619394
1699		0.621601
1700		0.630787
1701		0.6326
1702		0.637647
1703		0.640382
1704		0.647242
1705		0.648538
1706		0.653036
1707		0.660698
1708		0.658816
1709		0.660768
1710		0.658036
1711		0.695123
1712		0.69588
1713		0.696983
1714		0.700093
1715		0.697851
1716		0.693518
1717		0.687755
1718		0.681181
1719		0.671535
1720		0.656416
1721		0.658773
1722		0.65162
1723		0.641852
1724		0.638526
1725		0.642851
1726		0.634417
1727		0.631705
1728		0.622554
1729		0.606771
1730		0.607458
1731		0.593299
1732		0.582963
1733		0.588646
1734		0.569514
1735		0.572365
1736		0.516292
1737		0.518453
1738		0.519097
1739		0.512164
1740		0.508661
1741		0.498102
1742		0.494263
1743		0.488862
1744		0.477932
1745		0.482373
1746		0.478827
1747		0.472674
1748		0.466308
1749		0.460259
1750		0.450748
1751		0.437569
1752		0.444622
1753		0.439857
1754		0.438904
1755		0.43613
1756		0.440845
1757		0.440567
1758		0.434572
1759		0.436458
1760		0.438823
1761		0.421258
1762		0.431921
1763		0.430972
1764		0.42939
1765		0.430278
1766		0.429217
1767		0.432461
1768		0.434082
1769		0.431065
1770		0.442353
1771		0.44255
1772		0.446674
1773		0.445231
1774		0.440031
1775		0.440829
1776		0.439811
1777		0.438889
1778		0.433229
1779		0.433364
1780		0.433762
1781		0.434992
1782		0.436447
1783		0.428893
1784		0.427778
1785		0.423553
1786		0.391987
1787		0.396134
1788		0.401524
1789		0.396798
1790		0.390004
1791		0.392697
1792		0.389753
1793		0.383931
1794		0.385154
1795		0.384938
1796		0.381296
1797		0.385359
1798		0.381732
1799		0.384765
1800		0.386096
1801		0.385297
1802		0.382647
1803		0.369641
1804		0.370197
1805		0.37184
1806		0.369549
1807		0.356211
1808		0.351335
1809		0.350336
1810		0.340598
1811		0.324356
1812		0.325475
1813		0.322353
1814		0.31738
1815		0.315814
1816		0.309649
1817		0.305822
1818		0.297704
1819		0.298951
1820		0.303302
1821		0.292029
1822		0.279479
1823		0.280216
1824		0.279074
1825		0.285679
1826		0.280617
1827		0.283603
1828		0.2786
1829		0.283904
1830		0.278669
1831		0.275455
1832		0.269757
1833		0.273322
1834		0.260498
1835		0.259958
1836		0.225787
1837		0.218615
1838		0.221373
1839		0.216833
1840		0.213075
1841		0.205664
1842		0.205069
1843		0.198823
1844		0.197284
1845		0.187635
1846		0.17669
1847		0.175185
1848		0.173005
1849		0.16735
1850		0.162778
1851		0.159194
1852		0.159167
1853		0.156277
1854		0.157508
1855		0.160567
1856		0.156555
1857		0.148985
1858		0.150316
1859		0.150999
1860		0.14865
1861		0.141867
1862		0.139877
1863		0.136308
1864		0.130166
1865		0.128719
1866		0.131628
1867		0.130135
1868		0.131555
1869		0.137203
1870		0.147515
1871		0.151127
1872		0.152978
1873		0.160378
1874		0.158121
1875		0.160193
1876		0.170698
1877		0.179653
1878		0.195077
1879		0.20853
1880		0.216107
1881		0.227897
1882		0.250177
1883		0.252257
1884		0.263407
1885		0.277515
1886		0.257207
1887		0.27659
1888		0.295197
1889		0.301335
1890		0.318403
1891		0.334568
1892		0.342377
1893		0.352153
1894		0.365532
1895		0.37463
1896		0.37743
1897		0.387195
1898		0.398295
1899		0.414807
1900		0.430158
1901		0.43429
1902		0.445872
1903		0.445826
1904		0.449529
1905		0.456906
1906		0.462087
1907		0.464907
1908		0.462998
1909		0.459668
1910		0.464062
1911		0.487647
1912		0.477365
1913		0.478422
1914		0.471721
1915		0.462978
1916		0.456539
1917		0.443329
1918		0.436748
1919		0.43125
1920		0.423623
1921		0.414186
1922		0.408337
1923		0.393862
1924		0.396875
1925		0.390922
1926		0.378368
1927		0.373928
1928		0.375752
1929		0.361458
1930		0.356937
1931		0.353044
1932		0.345513
1933		0.338218
1934		0.330988
1935		0.325046
1936		0.29336
1937		0.295042
1938		0.284248
1939		0.277157
1940		0.272242
1941		0.27169
1942		0.254649
1943		0.253534
1944		0.253017
1945		0.250617
1946		0.249417
1947		0.250945
1948		0.25446
1949		0.249649
1950		0.236049
1951		0.228846
1952		0.223106
1953		0.217724
1954		0.205691
1955		0.201617
1956		0.193831
1957		0.182975
1958		0.170158
1959		0.16586
1960		0.148862
1961		0.134352
1962		0.120104
1963		0.112755
1964		0.110039
1965		0.106427
1966		0.0977353
1967		0.0963465
1968		0.0897878
1969		0.0828318
1970		0.0852816
1971		0.0764352
1972		0.070081
1973		0.0630864
1974		0.0572724
1975		0.0534761
1976		0.0474383
1977		0.0415278
1978		0.0371335
1979		0.0318326
1980		0.0294059
1981		0.0234954
1982		0.0217554
1983		0.0213927
1984		0.0193017
1985		0.0194522
1986		0.0232407
1987		0.023287
1988		0.0241204
1989		0.0226157
1990		0.0205131
1991		0.0227778
1992		0.0256945
1993		0.0252701
1994		0.0233681
1995		0.0240085
1996		0.0239699
1997		0.0224498
1998		0.0240394
1999		0.025409
2000		0.0275039
2001		0.0375502
2002		0.0516319
2003		0.0577546
2004		0.072554
2005		0.0897839
2006		0.0983951
2007		0.118843
2008		0.129086
2009		0.139363
2010		0.156736
2011		0.172786
2012		0.182948
2013		0.204649
2014		0.222222
2015		0.229267
2016		0.250691
2017		0.27272
2018		0.2824
2019		0.304915
2020		0.312423
2021		0.322214
2022		0.33333
2023		0.347249
2024		0.356439
2025		0.361478
2026		0.372427
2027		0.382234
2028		0.381875
2029		0.395432
2030		0.389553
2031		0.397419
2032		0.399765
2033		0.399834
2034		0.405154
2035		0.402581
2036		0.394248
2037		0.384232
2038		0.382666
2039		0.376462
2040		0.362623
2041		0.352674
2042		0.350066
2043		0.336296
2044		0.328862
2045		0.321539
2046		0.317284
2047		0.309452
2048		0.306991
2049		0.306995
2050		0.293954
2051		0.293596
2052		0.284541
2053		0.274738
2054		0.270046
2055		0.254464
2056		0.239904
2057		0.233499
2058		0.228299
2059		0.21564
2060		0.21331
2061		0.206887
2062		0.196597
2063		0.192477
2064		0.186377
2065		0.171586
2066		0.163484
2067		0.15561
2068		0.149576
2069		0.143947
2070		0.13409
2071		0.122631
2072		0.113221
2073		0.104267
2074		0.09174
2075		0.0886343
2076		0.0808102
2077		0.074402
2078		0.0675039
2079		0.0624768
2080		0.0612114
2081		0.0571451
2082		0.0519946
2083		0.0437577
2084		0.0422377
2085		0.0370679
2086		0.0301157
2087		0.0315201
2088		0.0307407
2089		0.0280671
2090		0.0288387
2091		0.0288735
2092		0.0291435
2093		0.0279012
2094		0.0281906
2095		0.0292708
2096		0.029537
2097		0.0337539
2098		0.0404784
2099		0.040706
2100		0.0468943
2101		0.0498418
2102		0.055814
2103		0.0613272
2104		0.0738387
2105		0.0764815
2106		0.085679
2107		0.0948688
2108		0.101142
2109		0.106782
2110		0.116389
2111		0.116555
2112		0.126555
2113		0.133287
2114		0.139861
2115		0.152338
2116		0.158816
2117		0.166613
2118		0.174934
2119		0.186404
2120		0.192137
2121		0.203792
2122		0.213831
2123		0.217944
2124		0.227728
2125		0.227801
2126		0.235548
2127		0.23816
2128		0.25103
2129		0.246007
2130		0.254738
2131		0.258735
2132		0.254248
2133		0.254012
2134		0.250876
2135		0.246034
2136		0.258777
2137		0.254325
2138		0.258912
2139		0.259954
2140		0.271057
2141		0.262226
2142		0.265228
2143		0.265602
2144		0.26892
2145		0.266211
2146		0.26309
2147		0.263167
2148		0.258333
2149		0.254799
2150		0.259838
2151		0.253681
2152		0.241177
2153		0.238094
2154		0.2375
2155		0.243299
2156		0.244649
2157		0.250424
2158		0.239128
2159		0.23738
2160		0.229776
2161		0.220297
2162		0.21637
2163		0.223735
2164		0.232423
2165		0.231427
2166		0.227685
2167		0.220525
2168		0.218492
2169		0.21689
2170		0.212542
2171		0.210401
2172		0.215644
2173		0.20642
2174		0.20343
2175		0.206713
2176		0.201562
2177		0.197882
2178		0.188688
2179		0.188515
2180		0.184711
2181		0.174186
2182		0.168684
2183		0.162454
2184		0.153704
2185		0.143715
2186		0.132573
2187		0.126601
2188		0.121015
2189		0.118399
2190		0.112647
2191		0.104722
2192		0.101902
2193		0.0928434
2194		0.0919097
2195		0.0872068
2196		0.0847261
2197		0.0799537
2198		0.0736998
2199		0.0685841
2200		0.0661227
2201		0.0629861
2202		0.0576659
2203		0.0522955
2204		0.0525579
2205		0.0480208
2206		0.0411458
2207		0.0407369
2208		0.0380324
2209		0.0344715
2210		0.0334607
2211		0.0352469
2212		0.0320756
2213		0.0293789
2214		0.0249576
2215		0.0198264
2216		0.0207099
2217		0.0158681
2218		0.018696
2219		0.0154205
2220		0.0144174
2221		0.0155594
2222		0.0171605
2223		0.0142901
2224		0.0147762
2225		0.0160802
2226		0.0152701
2227		0.0171489
2228		0.0159877
2229		0.016223
2230		0.0162191
2231		0.0175386
2232		0.0170255
2233		0.0169406
2234		0.0179244
2235		0.0158796
2236		0.0163542
2237		0.0155208
2238		0.0163927
2239		0.0199846
2240		0.0199344
2241		0.0185571
2242		0.0182909
2243		0.0203086
2244		0.0219213
2245		0.0237269
2246		0.0205826
2247		0.0228511
2248		0.020135
2249		0.0205093
2250		0.0202315
2251		0.0230903
2252		0.0218711
2253		0.0181057
2254		0.0185918
2255		0.024348
2256		0.0256559
2257		0.0231173
2258		0.0256366
2259		0.026169
2260		0.0243094
2261		0.0300309
2262		0.0317863
2263		0.0315355
2264		0.0324653
2265		0.0324151
2266		0.038071
2267		0.0408449
2268		0.0481944
2269		0.0630054
2270		0.0674537
2271		0.0726466
2272		0.0817786
2273		0.0847917
2274		0.0896489
2275		0.0873302
2276		0.091632
2277		0.0901736
2278		0.0917323
2279		0.0933063
2280		0.0905324
2281		0.0929321
2282		0.0935957
2283		0.0965625
2284		0.102218
2285		0.10461
2286		0.102955
2287		0.105494
2288		0.107596
2289		0.107986
2290		0.108727
2291		0.111165
2292		0.109479
2293		0.110355
2294		0.110023
2295		0.107778
2296		0.107284
2297		0.110054
2298		0.110791
2299		0.115787
2300		0.119734
2301		0.123314
2302		0.120764
2303		0.122886
2304		0.119201
2305		0.121991
2306		0.124097
2307		0.122812
2308		0.122099
2309		0.120733
2310		0.128762
2311		0.118002
2312		0.123812
2313		0.126474
2314		0.125374
2315		0.12282
2316		0.117415
2317		0.11414
2318		0.110208
2319		0.107458
2320		0.105451
2321		0.106431
2322		0.103233
2323		0.104537
2324		0.102168
2325		0.0989892
2326		0.0983565
2327		0.0907407
2328		0.0887153
2329		0.0850656
2330		0.0837616
2331		0.0823418
2332		0.0752546
2333		0.0739313
2334		0.0701698
2335		0.06549
2336		0.0713773
2337		0.0685803
2338		0.0638426
2339		0.0633063
2340		0.0534877
2341		0.0548264
2342		0.0564506
2343		0.0542631
2344		0.0496991
2345		0.0489661
2346		0.0513272
2347		0.0488735
2348		0.0486381
2349		0.0448804
2350		0.0449074
2351		0.0422454
2352		0.0438503
2353		0.0404668
2354		0.0357485
2355		0.0339352
2356		0.0372608
2357		0.0340818
2358		0.0317863
2359		0.0248341
2360		0.023912
2361		0.022527
2362		0.0208603
2363		0.0230324
2364		0.0203742
2365		0.0213542
2366		0.0218519
2367		0.0201775
2368		0.0181211
2369		0.0175617
2370		0.0194599
2371		0.0164583
2372		0.0190702
2373		0.0164005
2374		0.0182639
2375		0.0170795
2376		0.0150694
2377		0.0173225
2378		0.0195062
2379		0.0193094
2380		0.0187423
2381		0.0203665
2382		0.0238079
2383		0.0309838
2384		0.0368326
2385		0.0407292
2386		0.0553974
2387		0.05674
2388		0.0643133
2389		0.0631404
2390		0.0628279
2391		0.0609568
2392		0.0558758
2393		0.0543827
2394		0.0534761
2395		0.0533218
2396		0.0514545
2397		0.0459645
2398		0.0416358
2399		0.0379745
2400		0.0384684
2401		0.0336381
2402		0.0373418
2403		0.0373611
2404		0.0440664
2405		0.0478164
2406		0.0411613
2407		0.0528125
2408		0.0559838
2409		0.0571528
2410		0.054267
2411		0.0477739
2412		0.0479398
2413		0.0472029
2414		0.0465586
2415		0.0571451
2416		0.0512577
2417		0.0496296
2418		0.0478009
2419		0.0444599
2420		0.0467747
2421		0.0441667
2422		0.0409182
2423		0.0350926
2424		0.0293364
2425		0.0196451
2426		0.0209799
2427		0.0198495
2428		0.0213387
2429		0.0200733
2430		0.0200347
2431		0.0193981
2432		0.0201196
2433		0.0290355
2434		0.0373534
2435		0.0420216
2436		0.050598
2437		0.0541744
2438		0.0543673
2439		0.0546181
2440		0.0589429
2441		0.0577045
2442		0.0601775
2443		0.0615471
2444		0.0637307
2445		0.0623727
2446		0.0667554
2447		0.0679784
2448		0.0669946
2449		0.0695293
2450		0.0692168
2451		0.0689082
2452		0.071385
2453		0.0710494
2454		0.0695486
2455		0.0724499
2456		0.0731867
2457		0.0747261
2458		0.0780247
2459		0.0777392
2460		0.0795062
2461		0.0835301
2462		0.0837191
2463		0.0886728
2464		0.0869676
2465		0.087608
2466		0.0833333
2467		0.0775964
2468		0.0721991
2469		0.0696605
2470		0.0652546
2471		0.0624499
2472		0.0598187
2473		0.053588
2474		0.0505748
2475		0.0464275
2476		0.0490779
2477		0.0489005
2478		0.0462847
2479		0.0441551
2480		0.0433835
2481		0.0416821
2482		0.0391667
2483		0.0388619
2484		0.0354012
2485		0.0331597
2486		0.0349306
2487		0.0344252
2488		0.0338966
2489		0.037963
2490		0.0370062
2491		0.0366705
2492		0.0335147
2493		0.0385918
2494		0.0399653
2495		0.0404668
2496		0.0393673
2497		0.0417593
2498		0.0400965
2499		0.0410995
2500		0.0411728
2501		0.0438812
2502		0.0431096
2503		0.0445177
2504		0.0452045
2505		0.0476428
2506		0.047338
2507		0.0475463
2508		0.0523804
2509		0.059784
2510		0.0623264
2511		0.06424
2512		0.0756829
2513		0.0792978
2514		0.0834491
2515		0.083912
2516		0.0881751
2517		0.0820525
2518		0.0799383
2519		0.0781404
2520		0.078233
2521		0.0779861
2522		0.0807678
2523		0.0792785
2524		0.0804707
2525		0.0844136
2526		0.0806713
2527		0.0776736
2528		0.0771335
2529		0.0777161
2530		0.0766358
2531		0.0802006
2532		0.0836497
2533		0.0783449
2534		0.0769637
2535		0.0806443
2536		0.0851736
2537		0.0821258
2538		0.0820756
2539		0.0852855
2540		0.0881173
2541		0.0926157
2542		0.0859259
2543		0.0868673
2544		0.0890934
2545		0.0930864
2546		0.0879977
2547		0.0851813
2548		0.0879475
2549		0.0871644
2550		0.0815779
2551		0.0817786
2552		0.0820409
2553		0.0870872
2554		0.0802585
2555		0.0770833
2556		0.0776466
2557		0.071713
2558		0.0701543
2559		0.0779012
2560		0.0782523
2561		0.0632523
2562		0.0553665
2563		0.0458681
2564		0.0443519
2565		0.0401042
2566		0.0378511
2567		0.0372569
2568		0.0349228
2569		0.0331096
2570		0.032446
2571		0.0271451
2572		0.0218094
2573		0.020189
2574		0.0205556
2575		0.0191358
2576		0.017365
2577		0.0190741
2578		0.018588
2579		0.0193133
2580		0.0181829
2581		0.0163735
2582		0.0192168
2583		0.0190046
2584		0.0176505
2585		0.0166821
2586		0.0172685
2587		0.0167863
2588		0.0163889
2589		0.0177315
2590		0.0175694
2591		0.0175965
2592		0.0199421
2593		0.0191667
2594		0.020081
2595		0.0178279
2596		0.0180324
2597		0.0190702
2598		0.0193017
2599		0.0188657
2600		0.0188503
2601		0.0189815
2602		0.01951
2603		0.0207292
2604		0.0189468
2605		0.0182639
2606		0.0199923
2607		0.0188812
2608		0.0208719
2609		0.0205286
2610		0.0205556
2611		0.0217014
2612		0.0203048
2613		0.0204244
2614		0.0230864
2615		0.0196991
2616		0.0190278
2617		0.0187307
2618		0.0204282
2619		0.0188156
2620		0.0195833
2621		0.0194174
2622		0.0180671
2623		0.0211073
2624		0.024213
2625		0.0260262
2626		0.0377778
2627		0.0413079
2628		0.0458989
2629		0.051142
2630		0.0546759
2631		0.0562963
2632		0.059348
2633		0.0604514
2634		0.0597107
2635		0.0627006
2636		0.0630787
2637		0.0693403
2638		0.0758796
2639		0.0814043
2640		0.0835918
2641		0.0937654
2642		0.0949884
2643		0.103673
2644		0.105378
2645		0.105899
2646		0.112022
2647		0.118978
2648		0.125085
2649		0.130494
2650		0.134595
2651		0.134425
2652		0.139059
2653		0.139633
2654		0.144167
2655		0.145741
2656		0.150394
2657		0.152265
2658		0.156096
2659		0.155968
2660		0.161223
2661		0.151038
2662		0.161258
2663		0.163495
2664		0.161339
2665		0.173314
2666		0.167593
2667		0.160822
2668		0.168673
2669		0.169537
2670		0.170239
2671		0.169819
2672		0.165856
2673		0.168507
2674		0.165779
2675		0.171204
2676		0.171208
2677		0.171863
2678		0.169931
2679		0.167076
2680		0.168997
2681		0.167396
2682		0.154143
2683		0.148974
2684		0.150532
2685		0.146875
2686		0.115309
2687		0.109194
2688		0.112045
2689		0.113947
2690		0.114167
2691		0.115768
2692		0.111154
2693		0.112909
2694		0.108719
2695		0.101713
2696		0.0994444
2697		0.0889545
2698		0.0814429
2699		0.0757446
2700		0.0671258
2701		0.0661574
2702		0.0681404
2703		0.0664699
2704		0.0652238
2705		0.0681366
2706		0.0708719
2707		0.0726273
2708		0.0712346
2709		0.0660224
2710		0.062473
2711		0.0630363
2712		0.0592207
2713		0.0575347
2714		0.0580363
2715		0.0593017
2716		0.060189
2717		0.0605015
2718		0.059811
2719		0.0594483
2720		0.0597762
2721		0.0598611
2722		0.058561
2723		0.060162
2724		0.0615008
2725		0.0625965
2726		0.0632948
2727		0.0626273
2728		0.0708025
2729		0.0733488
2730		0.0811535
2731		0.0869406
2732		0.0909568
2733		0.0927971
2734		0.0941049
2735		0.0972029
2736		0.0997107
2737		0.102299
2738		0.101408
2739		0.10091
2740		0.102419
2741		0.103441
2742		0.103623
2743		0.10402
2744		0.106674
2745		0.105478
2746		0.109001
2747		0.110262
2748		0.111458
2749		0.11294
2750		0.116381
2751		0.114552
2752		0.115367
2753		0.116304
2754		0.118962
2755		0.11892
2756		0.120166
2757		0.122708
2758		0.124865
2759		0.124117
2760		0.123862
2761		0.126157
2762		0.12625
2763		0.128075
2764		0.128465
2765		0.127577
2766		0.1312
2767		0.135054
2768		0.136389
2769		0.136123
2770		0.138634
2771		0.13723
2772		0.13674
2773		0.140309
2774		0.139552
2775		0.144101
2776		0.144086
2777		0.146173
2778		0.149907
2779		0.147261
2780		0.147639
2781		0.147693
2782		0.146836
2783		0.149008
2784		0.148927
2785		0.148954
2786		0.141875
2787		0.144757
2788		0.145285
2789		0.145725
2790		0.140922
2791		0.141825
2792		0.140235
2793		0.141458
2794		0.14059
2795		0.140131
2796		0.139842
2797		0.143202
2798		0.141752
2799		0.143183
2800		0.145278
2801		0.145559
2802		0.146516
2803		0.146937
2804		0.146559
2805		0.148553
2806		0.148889
2807		0.149479
2808		0.150818
2809		0.151431
2810		0.14907
2811		0.147045
2812		0.149618
2813		0.150509
2814		0.152461
2815		0.15115
2816		0.151273
2817		0.149066
2818		0.150482
2819		0.155278
2820		0.151875
2821		0.150872
2822		0.15169
2823		0.154363
2824		0.152311
2825		0.154267
2826		0.152689
2827		0.151968
2828		0.15277
2829		0.151736
2830		0.154286
2831		0.153981
2832		0.153368
2833		0.150783
2834		0.152149
2835		0.153291
2836		0.155775
2837		0.156674
2838		0.153873
2839		0.153816
2840		0.15642
2841		0.157041
2842		0.154587
2843		0.155401
2844		0.154888
2845		0.154255
2846		0.155559
2847		0.156204
2848		0.15794
2849		0.158322
2850		0.160791
2851		0.168279
2852		0.167631
2853		0.170023
2854		0.172955
2855		0.17098
2856		0.169252
2857		0.168765
2858		0.167704
2859		0.165274
2860		0.1626
2861		0.15684
2862		0.155644
2863		0.152863
2864		0.155104
2865		0.154603
2866		0.156474
2867		0.15728
2868		0.155583
2869		0.154961
2870		0.154888
2871		0.154942
2872		0.154452
2873		0.153989
2874		0.155571
2875		0.156331
2876		0.152639
2877		0.153488
2878		0.155945
2879		0.158445
2880		0.158499
2881		0.16189
2882		0.164996
2883		0.162728
2884		0.16588
2885		0.168488
2886		0.173978
2887		0.179961
2888		0.176987
2889		0.178873
2890		0.179144
2891		0.180073
2892		0.180008
2893		0.181582
2894		0.181601
2895		0.179765
2896		0.181192
2897		0.180633
2898		0.179614
2899		0.180143
2900		0.184117
2901		0.184093
2902		0.18488
2903		0.182311
2904		0.182704
2905		0.182199
2906		0.184306
2907		0.18385
2908		0.182994
2909		0.183673
2910		0.185475
2911		0.176177
2912		0.176933
2913		0.177488
2914		0.176466
2915		0.177357
2916		0.179545
2917		0.179537
2918		0.177701
2919		0.177523
2920		0.17995
2921		0.181605
2922		0.182106
2923		0.184232
2924		0.183561
2925		0.180787
2926		0.181231
2927		0.178233
2928		0.178368
2929		0.176404
2930		0.177986
2931		0.178596
2932		0.180475
2933		0.181154
2934		0.182948
2935		0.1813
2936		0.170887
2937		0.174406
2938		0.174668
2939		0.173221
2940		0.174047
2941		0.178472
2942		0.183229
2943		0.187207
2944		0.190162
2945		0.193013
2946		0.197546
2947		0.202114
2948		0.207226
2949		0.21223
2950		0.218711
2951		0.221219
2952		0.227083
2953		0.229668
2954		0.232033
2955		0.238221
2956		0.24213
2957		0.246497
2958		0.250262
2959		0.254653
2960		0.261929
2961		0.271914
2962		0.279066
2963		0.282878
2964		0.290849
2965		0.293978
2966		0.295733
2967		0.300528
2968		0.304884
2969		0.306335
2970		0.312778
2971		0.317396
2972		0.318368
2973		0.323715
2974		0.328588
2975		0.330941
2976		0.334205
2977		0.337473
2978		0.343989
2979		0.342542
2980		0.345394
2981		0.34657
2982		0.348434
2983		0.352033
2984		0.351995
2985		0.356582
2986		0.357338
2987		0.357481
2988		0.359726
2989		0.363025
2990		0.365096
2991		0.369518
2992		0.376111
2993		0.380259
2994		0.381493
2995		0.382901
2996		0.388654
2997		0.392909
2998		0.399363
2999		0.401902
3000		0.405795
3001		0.403414
3002		0.406682
3003		0.408889
3004		0.416119
3005		0.418912
3006		0.421393
3007		0.427446
3008		0.429263
3009		0.435706
3010		0.445339
3011		0.446995
3012		0.455405
3013		0.46186
3014		0.458696
3015		0.466694
3016		0.474803
3017		0.480116
3018		0.489734
3019		0.490957
3020		0.49196
3021		0.49586
3022		0.504321
3023		0.514695
3024		0.509954
3025		0.519996
3026		0.517785
3027		0.517037
3028		0.514734
3029		0.524996
3030		0.522199
3031		0.521929
3032		0.521454
3033		0.518441
3034		0.52064
3035		0.522708
3036		0.51262
3037		0.507662
3038		0.506813
3039		0.5113
3040		0.518731
3041		0.515274
3042		0.52191
3043		0.517145
3044		0.523376
3045		0.520351
3046		0.520505
3047		0.518897
3048		0.520679
3049		0.5225
3050		0.520228
3051		0.525116
3052		0.51892
3053		0.523152
3054		0.523881
3055		0.520513
3056		0.520208
3057		0.519471
3058		0.51853
3059		0.518619
3060		0.525409
3061		0.50147
3062		0.498314
3063		0.497226
3064		0.501208
3065		0.508576
3066		0.516836
3067		0.524348
3068		0.53091
3069		0.533908
3070		0.534082
3071		0.533738
3072		0.530008
3073		0.527461
3074		0.528079
3075		0.531883
3076		0.536323
3077		0.532878
3078		0.528846
3079		0.532647
3080		0.535988
3081		0.54517
3082		0.555941
3083		0.558657
3084		0.558287
3085		0.566917
3086		0.562442
3087		0.565517
3088		0.564479
3089		0.567342
3090		0.567716
3091		0.565374
3092		0.56809
3093		0.565216
3094		0.566998
3095		0.569842
3096		0.573303
3097		0.571586
3098		0.574348
3099		0.568079
3100		0.57059
3101		0.569653
3102		0.578789
3103		0.57588
3104		0.575779
3105		0.57233
3106		0.57343
3107		0.576219
3108		0.576539
3109		0.575463
3110		0.57792
3111		0.545467
3112		0.543534
3113		0.547747
3114		0.548549
3115		0.549672
3116		0.550405
3117		0.548812
3118		0.551254
3119		0.555552
3120		0.558727
3121		0.555027
3122		0.555756
3123		0.558117
3124		0.564147
3125		0.568503
3126		0.568873
3127		0.573071
3128		0.573434
3129		0.573237
3130		0.574664
3131		0.576894
3132		0.571011
3133		0.572689
3134		0.57272
3135		0.575965
3136		0.573156
3137		0.575359
3138		0.579259
3139		0.577064
3140		0.579688
3141		0.581597
3142		0.585455
3143		0.585158
3144		0.585529
3145		0.587662
3146		0.590783
3147		0.596343
3148		0.595617
3149		0.593364
3150		0.599151
3151		0.599012
3152		0.598507
3153		0.596435
3154		0.601763
3155		0.600636
3156		0.60223
3157		0.604032
3158		0.602893
3159		0.605394
3160		0.607353
3161		0.571408
3162		0.573345
3163		0.571042
3164		0.566277
3165		0.572986
3166		0.567936
3167		0.569028
3168		0.572874
3169		0.575613
3170		0.578121
3171		0.57767
3172		0.57718
3173		0.576223
3174		0.574927
3175		0.574525
3176		0.576481
3177		0.580185
3178		0.582654
3179		0.589252
3180		0.589888
3181		0.595309
3182		0.600679
3183		0.603453
3184		0.604163
3185		0.604298
3186		0.610239
3187		0.614838
3188		0.617758
3189		0.619981
3190		0.623252
3191		0.622292
3192		0.626501
3193		0.627222
3194		0.628414
3195		0.632728
3196		0.636146
3197		0.635189
3198		0.631682
3199		0.631671
3200		0.6324
3201		0.63505
3202		0.63613
3203		0.636663
3204		0.640887
3205		0.640698
3206		0.641443
3207		0.639823
3208		0.639379
3209		0.641462
3210		0.639163
3211		0.585529
3212		0.586752
3213		0.587747
3214		0.594194
3215		0.594464
3216		0.592674
3217		0.595058
3218		0.592978
3219		0.598183
3220		0.594352
3221		0.597292
3222		0.595702
3223		0.597724
3224		0.604765
3225		0.601929
3226		0.60603
3227		0.605309
3228		0.606725
3229		0.611667
3230		0.612079
3231		0.614282
3232		0.615949
3233		0.617361
3234		0.619217
3235		0.619298
3236		0.605424
3237		0.606674
3238		0.607454
3239		0.604958
3240		0.609078
3241		0.606975
3242		0.609699
3243		0.609911
3244		0.611015
3245		0.611107
3246		0.609637
3247		0.61201
3248		0.610019
3249		0.608399
3250		0.610613
3251		0.58679
3252		0.586759
3253		0.588484
3254		0.588121
3255		0.587859
3256		0.59125
3257		0.593029
3258		0.589988
3259		0.590702
3260		0.595382
3261		0.592759
3262		0.592242
3263		0.595197
3264		0.601914
3265		0.600413
3266		0.602434
3267		0.600598
3268		0.597674
3269		0.602998
3270		0.602959
3271		0.60392
3272		0.603067
3273		0.60331
3274		0.608005
3275		0.608175
3276		0.610934
3277		0.609537
3278		0.611119
3279		0.615073
3280		0.611694
3281		0.613299
3282		0.61333
3283		0.615417
3284		0.615463
3285		0.614564
3286		0.619144
3287		0.618326
3288		0.620432
3289		0.622014
3290		0.621748
3291		0.622226
3292		0.622597
3293		0.625853
3294		0.626859
3295		0.624433
3296		0.625401
3297		0.624734
3298		0.62637
3299		0.627735
3300		0.627288
3301		0.627168
3302		0.627531
3303		0.62718
3304		0.628287
3305		0.628083
3306		0.626516
3307		0.625814
3308		0.628152
3309		0.626458
3310		0.62811
3311		0.579942
3312		0.579101
3313		0.585501
3314		0.58588
3315		0.585289
3316		0.589398
3317		0.590864
3318		0.593422
3319		0.590702
3320		0.590166
3321		0.589525
3322		0.591327
3323		0.59314
3324		0.592072
3325		0.593044
3326		0.600787
3327		0.597882
3328		0.595201
3329		0.595934
3330		0.598144
3331		0.59814
3332		0.599325
3333		0.602037
3334		0.604749
3335		0.605108
3336		0.607407
3337		0.608198
3338		0.605822
3339		0.608522
3340		0.607191
3341		0.607072
3342		0.609321
3343		0.614398
3344		0.614178
3345		0.614761
3346		0.615394
3347		0.615478
3348		0.616443
3349		0.613877
3350		0.619417
3351		0.620521
3352		0.622477
3353		0.621516
3354		0.623252
3355		0.623383
3356		0.622674
3357		0.621736
3358		0.622878
3359		0.622427
3360		0.623688
3361		0.626605
3362		0.627392
3363		0.623546
3364		0.626061
3365		0.627805
3366		0.628885
3367		0.627859
3368		0.62821
3369		0.625374
3370		0.627693
3371		0.629965
3372		0.626636
3373		0.631941
3374		0.628704
3375		0.631312
3376		0.632523
3377		0.632986
3378		0.630652
3379		0.627488
3380		0.627519
3381		0.631157
3382		0.630293
3383		0.631825
3384		0.630883
3385		0.630401
3386		0.591377
3387		0.5899
3388		0.592141
3389		0.595158
3390		0.597874
3391		0.600474
3392		0.601624
3393		0.601439
3394		0.600899
3395		0.597095
3396		0.60135
3397		0.604306
3398		0.604383
3399		0.606813
3400		0.60772
3401		0.60809
3402		0.608391
3403		0.610039
3404		0.609171
3405		0.612346
3406		0.615262
3407		0.615251
3408		0.615567
3409		0.613669
3410		0.614221
3411		0.600374
3412		0.59784
3413		0.599001
3414		0.60358
3415		0.600729
3416		0.604136
3417		0.602056
3418		0.604965
3419		0.601181
3420		0.601987
3421		0.59924
3422		0.605918
3423		0.603353
3424		0.604784
3425		0.606412
3426		0.607211
3427		0.604938
3428		0.607878
3429		0.609294
3430		0.60863
3431		0.61064
3432		0.610995
3433		0.609047
3434		0.610154
3435		0.609742
3436		0.607913
3437		0.610158
3438		0.610702
3439		0.6111
3440		0.611559
3441		0.611836
3442		0.608754
3443		0.612025
3444		0.61184
3445		0.61174
3446		0.612828
3447		0.611235
3448		0.613333
3449		0.614263
3450		0.61564
3451		0.618302
3452		0.617242
3453		0.617041
3454		0.619961
3455		0.618337
3456		0.619352
3457		0.620536
3458		0.622843
3459		0.624564
3460		0.62238
3461		0.597666
3462		0.598256
3463		0.601061
3464		0.603507
3465		0.6038
3466		0.603719
3467		0.604711
3468		0.607195
3469		0.604765
3470		0.607971
3471		0.608735
3472		0.608615
3473		0.611238
3474		0.611053
3475		0.61314
3476		0.608719
3477		0.609552
3478		0.610251
3479		0.613584
3480		0.61446
3481		0.620251
3482		0.618823
3483		0.61826
3484		0.619942
3485		0.619344
3486		0.614109
3487		0.61353
3488		0.614005
3489		0.617789
3490		0.619329
3491		0.627469
3492		0.626161
3493		0.632149
3494		0.633106
3495		0.634765
3496		0.633904
3497		0.637631
3498		0.63517
3499		0.637886
3500		0.63794
3501		0.621898
3502		0.622006
3503		0.623133
3504		0.621836
3505		0.623843
3506		0.625069
3507		0.626821
3508		0.626142
3509		0.626771
3510		0.627303
3511		0.570783
3512		0.570228
3513		0.573441
3514		0.569348
3515		0.57287
3516		0.57488
3517		0.576427
3518		0.580336
3519		0.580413
3520		0.582361
3521		0.583372
3522		0.585359
3523		0.586929
3524		0.589217
3525		0.590617
3526		0.59331
3527		0.596678
3528		0.601088
3529		0.600926
3530		0.60385
3531		0.603098
3532		0.606852
3533		0.604865
3534		0.605868
3535		0.607454
3536		0.612241
3537		0.613711
3538		0.612423
3539		0.612434
3540		0.613183
3541		0.613376
3542		0.614086
3543		0.619387
3544		0.620097
3545		0.620436
3546		0.621763
3547		0.621316
3548		0.622245
3549		0.624641
3550		0.626682
3551		0.625154
3552		0.626821
3553		0.62816
3554		0.627542
3555		0.627068
3556		0.627701
3557		0.626671
3558		0.629487
3559		0.630162
3560		0.629834
3561		0.620243
3562		0.618974
3563		0.623924
3564		0.619591
3565		0.623306
3566		0.625139
3567		0.624525
3568		0.625536
3569		0.628376
3570		0.638368
3571		0.638179
3572		0.643916
3573		0.642137
3574		0.644676
3575		0.64816
3576		0.647735
3577		0.649965
3578		0.650903
3579		0.654425
3580		0.652253
3581		0.652812
3582		0.655814
3583		0.657253
3584		0.654892
3585		0.654526
3586		0.65424
3587		0.652766
3588		0.652843
3589		0.65265
3590		0.656813
3591		0.654055
3592		0.655332
3593		0.654807
3594		0.654526
3595		0.623302
3596		0.622843
3597		0.625143
3598		0.628411
3599		0.629776
3600		0.631123
3601		0.630961
3602		0.633727
3603		0.630062
3604		0.632465
3605		0.633723
3606		0.634221
3607		0.635548
3608		0.635795
3609		0.636404
3610		0.634529
3611		0.636184
3612		0.636516
3613		0.636771
3614		0.63838
3615		0.637855
3616		0.635147
3617		0.636412
3618		0.638434
3619		0.640849
3620		0.596574
3621		0.599954
3622		0.604788
3623		0.601188
3624		0.60652
3625		0.611192
3626		0.611589
3627		0.611451
3628		0.612998
3629		0.61336
3630		0.615355
3631		0.618237
3632		0.620116
3633		0.621497
3634		0.619587
3635		0.624776
3636		0.627091
3637		0.632137
3638		0.636809
3639		0.636651
3640		0.637982
3641		0.6361
3642		0.636794
3643		0.640035
3644		0.640729
3645		0.645914
3646		0.644317
3647		0.645216
3648		0.646354
3649		0.644811
3650		0.647639
3651		0.648302
3652		0.65309
3653		0.649595
3654		0.650509
3655		0.649722
3656		0.648978
3657		0.651566
3658		0.652589
3659		0.649128
3660		0.645594
3661		0.648113
3662		0.6487
3663		0.646632
3664		0.648823
3665		0.646362
3666		0.650162
3667		0.648565
3668		0.647415
3669		0.647461
3670		0.619213
3671		0.619842
3672		0.627145
3673		0.624282
3674		0.62782
3675		0.623904
3676		0.624244
3677		0.626524
3678		0.621543
3679		0.62586
3680		0.620309
3681		0.623989
3682		0.631852
3683		0.632407
3684		0.630972
3685		0.633889
3686		0.634842
3687		0.637103
3688		0.632963
3689		0.63466
3690		0.634502
3691		0.636937
3692		0.631921
3693		0.637103
3694		0.636701
3695		0.632245
3696		0.633727
3697		0.635181
3698		0.634452
3699		0.632122
3700		0.627369
3701		0.628808
3702		0.629244
3703		0.631786
3704		0.62897
3705		0.632365
3706		0.631674
3707		0.63228
3708		0.635671
3709		0.636161
3710		0.640386
3711		0.639946
3712		0.638295
3713		0.643063
3714		0.646813
3715		0.644336
3716		0.644533
3717		0.64539
3718		0.646273
3719		0.645004
3720		0.614884
3721		0.616497
3722		0.617203
3723		0.621177
3724		0.622932
3725		0.622685
3726		0.621593
3727		0.622816
3728		0.621663
3729		0.620802
3730		0.622465
3731		0.621115
3732		0.622851
3733		0.623353
3734		0.621424
3735		0.621354
3736		0.623827
3737		0.623098
3738		0.625899
3739		0.627639
3740		0.627103
3741		0.626987
3742		0.624217
3743		0.624907
3744		0.623538
3745		0.61179
3746		0.612766
3747		0.613133
3748		0.615525
3749		0.611489
3750		0.614109
3751		0.598407
3752		0.605448
3753		0.604167
3754		0.604255
3755		0.607759
3756		0.60784
3757		0.610282
3758		0.613164
3759		0.612975
3760		0.616798
3761		0.615856
3762		0.616207
3763		0.61262
3764		0.617492
3765		0.614911
3766		0.61914
3767		0.614768
3768		0.617006
3769		0.615235
3770		0.565822
3771		0.569402
3772		0.574097
3773		0.573785
3774		0.57358
3775		0.576856
3776		0.577643
3777		0.577458
3778		0.577944
3779		0.57794
3780		0.576508
3781		0.578677
3782		0.57988
3783		0.58137
3784		0.581451
3785		0.583468
3786		0.585671
3787		0.587542
3788		0.589583
3789		0.591022
3790		0.591076
3791		0.590968
3792		0.593218
3793		0.596007
3794		0.597419
3795		0.585644
3796		0.587731
3797		0.591073
3798		0.593025
3799		0.592423
3800		0.592828
3801		0.592492
3802		0.594167
3803		0.600683
3804		0.60262
3805		0.60164
3806		0.599606
3807		0.60174
3808		0.602477
3809		0.606628
3810		0.606123
3811		0.607307
3812		0.604637
3813		0.607631
3814		0.608032
3815		0.609313
3816		0.61218
3817		0.614591
3818		0.616262
3819		0.618067
3820		0.626628
3821		0.627438
3822		0.628198
3823		0.629969
3824		0.630845
3825		0.627994
3826		0.634398
3827		0.630174
3828		0.63223
3829		0.635093
3830		0.635343
3831		0.638202
3832		0.642006
3833		0.643561
3834		0.642812
3835		0.645687
3836		0.646532
3837		0.652106
3838		0.652419
3839		0.653434
3840		0.6511
3841		0.652519
3842		0.655787
3843		0.657766
3844		0.658943
3845		0.654313
3846		0.652002
3847		0.653831
3848		0.656555
3849		0.657766
3850		0.660232
3851		0.663225
3852		0.664491
3853		0.664853
3854		0.668368
3855		0.670478
3856		0.674514
3857		0.677114
3858		0.680868
3859		0.67836
3860		0.679379
3861		0.687539
3862		0.690502
3863		0.686586
3864		0.690648
3865		0.689853
3866		0.687245
3867		0.687913
3868		0.683912
3869		0.681319
3870		0.627357
3871		0.627022
3872		0.629028
3873		0.629869
3874		0.630529
3875		0.632905
3876		0.632878
3877		0.631501
3878		0.635297
3879		0.636038
3880		0.636466
3881		0.643191
3882		0.646574
3883		0.643654
3884		0.641285
3885		0.643704
3886		0.644209
3887		0.64608
3888		0.644298
3889		0.646416
3890		0.645671
3891		0.647816
3892		0.649051
3893		0.651381
3894		0.652573
3895		0.658148
3896		0.653646
3897		0.660316
3898		0.65912
3899		0.664958
3900		0.662241
3901		0.662778
3902		0.660482
3903		0.668773
3904		0.667056
3905		0.670239
3906		0.67939
3907		0.676628
3908		0.675455
3909		0.677311
3910		0.677025
3911		0.680752
3912		0.68059
3913		0.680841
3914		0.68238
3915		0.683765
3916		0.681794
3917		0.680687
3918		0.677454
3919		0.680594
3920		0.653893
3921		0.65466
3922		0.651867
3923		0.657797
3924		0.660332
3925		0.659564
3926		0.660258
3927		0.660868
3928		0.661752
3929		0.65522
3930		0.659209
3931		0.662519
3932		0.66262
3933		0.663754
3934		0.662114
3935		0.662936
3936		0.663403
3937		0.660729
3938		0.662928
3939		0.664614
3940		0.665397
3941		0.663191
3942		0.668272
3943		0.66696
3944		0.669603
3945		0.642596
3946		0.646296
3947		0.649645
3948		0.650444
3949		0.651532
3950		0.647187
3951		0.648943
3952		0.646948
3953		0.651227
3954		0.64914
3955		0.652658
3956		0.653958
3957		0.661015
3958		0.658819
3959		0.655914
3960		0.65696
3961		0.654911
3962		0.653623
3963		0.656748
3964		0.658947
3965		0.658283
3966		0.657253
3967		0.662053
3968		0.665857
3969		0.662411
3970		0.670289
3971		0.672365
3972		0.672597
3973		0.671817
3974		0.671937
3975		0.674865
3976		0.676061
3977		0.676489
3978		0.67517
3979		0.675552
3980		0.681821
3981		0.685039
3982		0.687539
3983		0.685887
3984		0.685104
3985		0.685382
3986		0.680517
3987		0.680718
3988		0.67691
3989		0.681196
3990		0.684147
3991		0.689267
3992		0.68902
3993		0.688985
3994		0.688418
3995		0.669101
3996		0.667392
3997		0.667361
3998		0.662828
3999		0.664209
4000		0.662068
4001		0.638121
4002		0.640567
4003		0.643831
4004		0.643156
4005		0.64625
4006		0.657685
4007		0.658592
4008		0.659958
4009		0.661667
4010		0.664958
4011		0.665575
4012		0.66409
4013		0.662361
4014		0.663904
4015		0.666235
4016		0.667496
4017		0.668862
4018		0.66701
4019		0.667431
4020		0.633376
4021		0.632218
4022		0.630093
4023		0.629367
4024		0.636053
4025		0.634414
4026		0.632384
4027		0.636107
4028		0.638441
4029		0.645266
4030		0.645309
4031		0.649645
4032		0.646011
4033		0.646694
4034		0.655953
4035		0.651771
4036		0.648754
4037		0.651933
4038		0.657627
4039		0.667735
4040		0.669522
4041		0.671227
4042		0.663449
4043		0.660941
4044		0.659807
4045		0.614545
4046		0.61152
4047		0.610108
4048		0.615833
4049		0.622261
4050		0.617639
4051		0.620872
4052		0.628592
4053		0.624738
4054		0.621902
4055		0.630718
4056		0.639309
4057		0.639498
4058		0.629838
4059		0.625853
4060		0.632072
4061		0.629221
4062		0.636906
4063		0.638175
4064		0.643816
4065		0.643175
4066		0.64841
4067		0.637488
4068		0.638924
4069		0.63564
4070		0.657265
4071		0.657936
4072		0.660062
4073		0.669884
4074		0.667161
4075		0.660583
4076		0.669811
4077		0.668252
4078		0.664865
4079		0.658214
4080		0.666192
4081		0.663669
4082		0.666254
4083		0.670895
4084		0.671709
4085		0.672643
4086		0.671358
4087		0.67358
4088		0.677392
4089		0.676736
4090		0.675714
4091		0.675702
4092		0.677064
4093		0.675436
4094		0.67527
4095		0.654209
4096		0.656516
4097		0.654113
4098		0.656767
4099		0.658368
4100		0.662087
4101		0.665544
4102		0.658634
4103		0.661551
4104		0.664533
4105		0.659282
4106		0.667724
4107		0.66522
4108		0.665231
4109		0.656509
4110		0.658557
4111		0.65951
4112		0.664012
4113		0.666771
4114		0.669753
4115		0.663488
4116		0.667816
4117		0.670459
4118		0.668831
4119		0.672188
4120		0.680556
4121		0.682504
4122		0.683491
4123		0.68115
4124		0.685907
4125		0.683993
4126		0.684645
4127		0.684028
4128		0.684749
4129		0.682411
4130		0.681424
4131		0.679232
4132		0.683368
4133		0.684128
4134		0.689884
4135		0.689144
4136		0.690529
4137		0.689086
4138		0.681902
4139		0.685166
4140		0.680424
4141		0.684147
4142		0.681289
4143		0.685069
4144		0.681605
4145		0.618939
4146		0.621123
4147		0.620251
4148		0.621404
4149		0.624595
4150		0.623866
4151		0.624819
4152		0.625945
4153		0.634398
4154		0.629958
4155		0.62985
4156		0.635698
4157		0.636242
4158		0.641825
4159		0.650282
4160		0.654406
4161		0.650968
4162		0.658067
4163		0.660752
4164		0.661755
4165		0.660305
4166		0.665224
4167		0.665451
4168		0.668021
4169		0.669637
4170		0.657434
4171		0.661238
4172		0.662303
4173		0.656443
4174		0.659356
4175		0.674923
4176		0.67436
4177		0.672072
4178		0.678422
4179		0.678858
4180		0.681748
4181		0.692388
4182		0.692253
4183		0.697635
4184		0.700837
4185		0.696663
4186		0.694414
4187		0.695529
4188		0.694333
4189		0.698472
4190		0.701493
4191		0.704236
4192		0.709622
4193		0.703669
4194		0.70814
4195		0.696084
4196		0.695556
4197		0.698164
4198		0.698951
4199		0.702917
4200		0.701998
4201		0.712724
4202		0.706366
4203		0.709738
4204		0.70669
4205		0.705868
4206		0.712886
4207		0.714205
4208		0.719498
4209		0.717106
4210		0.722523
4211		0.724934
4212		0.716833
4213		0.720309
4214		0.723237
4215		0.723495
4216		0.722188
4217		0.72343
4218		0.721875
4219		0.722056
4220		0.686269
4221		0.68512
4222		0.680787
4223		0.686192
4224		0.68745
4225		0.675637
4226		0.677859
4227		0.672623
4228		0.679244
4229		0.681971
4230		0.681273
4231		0.681995
4232		0.676616
4233		0.677431
4234		0.687361
4235		0.692523
4236		0.6937
4237		0.694529
4238		0.689537
4239		0.688252
4240		0.650108
4241		0.641528
4242		0.653306
4243		0.639414
4244		0.621061
4245		0.616879
4246		0.620513
4247		0.618071
4248		0.611377
4249		0.604437
4250		0.611065
4251		0.572392
4252		0.577334
4253		0.575675
4254		0.576343
4255		0.554595
4256		0.554251
4257		0.553545
4258		0.553997
4259		0.549089
4260		0.55206
4261		0.550204
4262		0.548291
4263		0.537867
4264		0.539784
4265		0.544174
4266		0.544626
4267		0.553827
4268		0.557516
4269		0.56012
4270		0.552326
4271		0.570023
4272		0.574934
4273		0.582083
4274		0.590085
4275		0.592704
4276		0.594506
4277		0.593491
4278		0.594186
4279		0.591354
4280		0.592674
4281		0.59929
4282		0.604178
4283		0.609607
4284		0.607249
4285		0.612739
4286		0.617577
4287		0.624919
4288		0.630891
4289		0.637843
4290		0.6361
4291		0.641335
4292		0.657103
4293		0.646678
4294		0.643237
4295		0.64988
4296		0.648295
4297		0.652415
4298		0.663314
4299		0.665664
4300		0.675243
4301		0.666485
4302		0.660768
4303		0.655131
4304		0.655691
4305		0.650741
4306		0.655814
4307		0.651127
4308		0.652388
4309		0.656844
4310		0.661748
4311		0.659691
4312		0.668152
4313		0.668329
4314		0.673083
4315		0.669572
4316		0.673283
4317		0.67267
4318		0.661725
4319		0.663426
4320		0.642454
4321		0.645471
4322		0.650181
4323		0.644541
4324		0.641632
4325		0.634059
4326		0.630116
4327		0.636231
4328		0.627577
4329		0.625748
4330		0.618738
4331		0.613399
4332		0.615066
4333		0.616941
4334		0.613931
4335		0.613727
4336		0.609244
4337		0.600706
4338		0.600953
4339		0.598835
4340		0.597658
4341		0.607469
4342		0.60985
4343		0.613229
4344		0.614236
4345		0.602828
4346		0.609213
4347		0.613912
4348		0.62892
4349		0.630247
4350		0.630012
4351		0.635374
4352		0.635729
4353		0.631605
4354		0.633337
4355		0.636154
4356		0.632454
4357		0.632176
4358		0.626485
4359		0.625656
4360		0.622901
4361		0.624402
4362		0.628731
4363		0.622434
4364		0.622824
4365		0.619803
4366		0.622546
4367		0.62157
4368		0.61716
4369		0.623399
4370		0.630008
4371		0.627442
4372		0.632994
4373		0.636532
4374		0.633704
4375		0.636466
4376		0.63554
4377		0.63201
4378		0.634421
4379		0.630856
4380		0.631381
4381		0.633206
4382		0.629456
4383		0.626485
4384		0.633677
4385		0.630633
4386		0.633981
4387		0.637782
4388		0.628673
4389		0.625872
4390		0.622515
4391		0.624618
4392		0.62054
4393		0.616786
4394		0.602373
4395		0.600393
4396		0.596983
4397		0.585104
4398		0.577747
4399		0.569537
4400		0.556003
4401		0.556682
4402		0.553615
4403		0.544691
4404		0.542002
4405		0.545532
4406		0.539406
4407		0.536038
4408		0.53713
4409		0.539151
4410		0.536875
4411		0.535343
4412		0.531975
4413		0.528102
4414		0.53316
4415		0.535316
4416		0.532438
4417		0.526551
4418		0.521879
4419		0.521663
4420		0.509815
4421		0.511597
4422		0.507473
4423		0.516786
4424		0.515467
4425		0.513723
4426		0.517573
4427		0.519695
4428		0.522805
4429		0.534055
4430		0.535401
4431		0.541181
4432		0.547589
4433		0.549846
4434		0.555019
4435		0.552921
4436		0.553522
4437		0.552743
4438		0.548738
4439		0.546987
4440		0.547438
4441		0.551609
4442		0.553221
4443		0.551057
4444		0.554348
4445		0.569587
4446		0.575166
4447		0.573499
4448		0.576262
4449		0.573904
4450		0.580093
4451		0.584965
4452		0.591003
4453		0.589684
4454		0.59789
4455		0.599147
4456		0.6051
4457		0.610162
4458		0.6175
4459		0.62206
4460		0.624475
4461		0.62593
4462		0.629985
4463		0.633113
4464		0.629826
4465		0.632299
4466		0.626698
4467		0.625085
4468		0.62309
4469		0.625625
4470		0.595143
4471		0.592793
4472		0.593403
4473		0.594163
4474		0.596038
4475		0.59772
4476		0.585718
4477		0.587701
4478		0.58696
4479		0.585961
4480		0.581906
4481		0.58044
4482		0.575216
4483		0.568437
4484		0.562018
4485		0.562326
4486		0.550359
4487		0.54054
4488		0.532974
4489		0.526879
4490		0.516481
4491		0.51836
4492		0.507218
4493		0.497863
4494		0.49125
4495		0.483279
4496		0.478526
4497		0.482427
4498		0.483534
4499		0.480197
4500		0.478823
4501		0.468441
4502		0.469225
4503		0.473897
4504		0.48218
4505		0.489325
4506		0.489703
4507		0.496713
4508		0.493831
4509		0.492812
4510		0.494298
4511		0.495224
4512		0.490521
4513		0.495189
4514		0.490972
4515		0.494155
4516		0.491485
4517		0.490748
4518		0.487288
4519		0.479564
4520		0.446914
4521		0.456269
4522		0.4601
4523		0.455691
4524		0.458781
4525		0.472809
4526		0.461142
4527		0.47027
4528		0.472847
4529		0.484826
4530		0.497708
4531		0.496732
4532		0.498171
4533		0.49559
4534		0.489008
4535		0.485069
4536		0.483083
4537		0.474406
4538		0.472712
4539		0.47691
4540		0.471489
4541		0.475783
4542		0.476343
4543		0.484286
4544		0.476806
4545		0.463457
4546		0.465733
4547		0.469823
4548		0.47206
4549		0.472488
4550		0.470991
4551		0.466157
4552		0.467994
4553		0.469599
4554		0.47831
4555		0.483449
4556		0.483021
4557		0.484506
4558		0.457681
4559		0.455339
4560		0.451894
4561		0.453947
4562		0.451319
4563		0.447319
4564		0.461543
4565		0.454861
4566		0.455883
4567		0.451721
4568		0.454221
4569		0.455494
4570		0.444437
4571		0.427936
4572		0.439028
4573		0.446346
4574		0.453592
4575		0.456998
4576		0.467064
4577		0.456049
4578		0.458985
4579		0.455579
4580		0.455752
4581		0.453164
4582		0.458198
4583		0.460494
4584		0.462014
4585		0.457504
4586		0.455737
4587		0.454707
4588		0.448762
4589		0.453206
4590		0.457025
4591		0.463499
4592		0.473229
4593		0.482728
4594		0.482431
4595		0.450594
4596		0.45289
4597		0.460347
4598		0.464931
4599		0.455764
4600		0.45865
4601		0.453966
4602		0.454823
4603		0.446659
4604		0.446586
4605		0.451439
4606		0.440035
4607		0.43478
4608		0.436721
4609		0.438167
4610		0.439441
4611		0.438808
4612		0.430556
4613		0.421902
4614		0.417631
4615		0.415019
4616		0.413121
4617		0.4137
4618		0.415413
4619		0.403634
4620		0.38907
4621		0.384379
4622		0.388677
4623		0.390559
4624		0.374788
4625		0.366042
4626		0.362535
4627		0.360887
4628		0.354645
4629		0.350849
4630		0.348823
4631		0.3499
4632		0.351339
4633		0.354877
4634		0.34745
4635		0.343773
4636		0.344977
4637		0.341458
4638		0.342099
4639		0.344174
4640		0.354171
4641		0.355039
4642		0.349815
4643		0.358241
4644		0.357423
4645		0.359591
4646		0.366412
4647		0.369842
4648		0.372508
4649		0.380297
4650		0.381204
4651		0.389877
4652		0.401655
4653		0.400772
4654		0.404375
4655		0.413823
4656		0.413978
4657		0.420872
4658		0.424348
4659		0.422369
4660		0.404973
4661		0.402731
4662		0.402917
4663		0.412654
4664		0.407438
4665		0.405058
4666		0.397118
4667		0.40042
4668		0.401335
4669		0.399066
4670		0.396184
4671		0.394522
4672		0.377905
4673		0.370405
4674		0.370872
4675		0.366829
4676		0.359437
4677		0.355324
4678		0.35086
4679		0.34664
4680		0.339769
4681		0.326497
4682		0.322025
4683		0.32385
4684		0.318735
4685		0.312485
4686		0.308245
4687		0.316674
4688		0.324336
4689		0.323866
4690		0.323086
4691		0.32115
4692		0.321281
4693		0.312635
4694		0.3113
4695		0.299016
4696		0.299931
4697		0.293306
4698		0.297326
4699		0.300212
4700		0.309425
4701		0.303488
4702		0.311084
4703		0.307716
4704		0.304861
4705		0.317365
4706		0.319614
4707		0.322191
4708		0.325532
4709		0.332002
4710		0.337728
4711		0.344552
4712		0.343437
4713		0.350884
4714		0.358268
4715		0.36363
4716		0.367292
4717		0.372693
4718		0.379174
4719		0.379144
4720		0.386887
4721		0.381447
4722		0.368846
4723		0.370999
4724		0.37338
4725		0.374252
4726		0.362346
4727		0.36799
4728		0.368993
4729		0.372924
4730		0.361647
4731		0.35799
4732		0.357492
4733		0.355934
4734		0.352477
4735		0.354649
4736		0.355972
4737		0.35853
4738		0.355822
4739		0.345559
4740		0.348484
4741		0.340181
4742		0.34309
4743		0.345062
4744		0.33811
4745		0.320517
4746		0.321003
4747		0.311759
4748		0.312029
4749		0.309826
4750		0.299784
4751		0.27147
4752		0.276412
4753		0.282211
4754		0.271512
4755		0.269479
4756		0.257758
4757		0.241736
4758		0.234587
4759		0.222353
4760		0.215995
4761		0.211462
4762		0.20333
4763		0.193665
4764		0.190224
4765		0.181246
4766		0.172581
4767		0.169495
4768		0.166501
4769		0.167508
4770		0.160968
4771		0.153472
4772		0.15728
4773		0.160868
4774		0.153962
4775		0.138364
4776		0.13735
4777		0.126404
4778		0.116605
4779		0.115694
4780		0.111169
4781		0.103839
4782		0.107149
4783		0.0967477
4784		0.0897454
4785		0.0844406
4786		0.0764005
4787		0.0727585
4788		0.0686265
4789		0.0595409
4790		0.0540432
4791		0.0518171
4792		0.0462269
4793		0.0416744
4794		0.0363272
4795		0.0320872
4796		0.0263117
4797		0.0245525
4798		0.0241512
4799		0.0222994
4800		0.0205864
4801		0.0152392
4802		0.0105941
4803		0.0105015
4804		0.00484954
4805		0.00554398
4806		0.0056713
4807		0.00646605
4808		0.00974537
4809		0.00663966
4810		0.00782407
4811		0.00832176
4812		0.00809028
4813		0.0102778
4814		0.0087037
4815		0.010517
4816		0.00977238
4817		0.00902006
4818		0.0068017
4819		0.00735725
4820		0.00959105
4821		0.00829861
4822		0.00766204
4823		0.00849537
4824		0.00951775
4825		0.0100154
4826		0.0103009
4827		0.0102932
4828		0.0110262
4829		0.0105748
4830		0.0110108
4831		0.0116281
4832		0.0124035
4833		0.0115664
4834		0.0159684
4835		0.0141782
4836		0.0151466
4837		0.0156019
4838		0.0166088
4839		0.0151852
4840		0.0159066
4841		0.0152855
4842		0.0169676
4843		0.0165818
4844		0.0160532
4845		0.0158873
4846		0.0164468
4847		0.0177971
4848		0.0164545
4849		0.0182215
4850		0.0164738
4851		0.0161265
4852		0.0201157
4853		0.0172608
4854		0.0168017
4855		0.0178472
4856		0.0193519
4857		0.0179244
4858		0.0156597
4859		0.0135301
4860		0.0128125
4861		0.0131674
4862		0.0122184
4863		0.0121836
4864		0.0123148
4865		0.0115123
4866		0.0117207
4867		0.0115818
4868		0.0124884
4869		0.0122415
4870		0.013588
4871		0.0131211
4872		0.0122762
4873		0.0127932
4874		0.0113889
4875		0.0121798
4876		0.0149267
4877		0.0121605
4878		0.0121258
4879		0.0147878
4880		0.0136921
4881		0.014838
4882		0.0149846
4883		0.0151659
4884		0.0173187
4885		0.0166127
4886		0.0168017
4887		0.016385
4888		0.0185494
4889		0.0166011
4890		0.0169406
4891		0.0179707
4892		0.0172338
4893		0.0177546
4894		0.0169097
4895		0.016169
4896		0.0163966
4897		0.0212886
4898		0.0198534
4899		0.0214506
4900		0.021875
4901		0.0226505
4902		0.0241551
4903		0.0253434
4904		0.0223187
4905		0.0249614
4906		0.0210918
4907		0.0208218
4908		0.0197029
4909		0.0190162
4910		0.0163349
4911		0.0122338
4912		0.0112693
4913		0.0127122
4914		0.0084375
4915		0.00810185
4916		0.0111806
4917		0.0169599
4918		0.0242863
4919		0.0283603
4920		0.0358565
4921		0.0398418
4922		0.0389468
4923		0.0428627
4924		0.0487037
4925		0.0467207
4926		0.0547994
4927		0.0668287
4928		0.0731289
4929		0.0850077
4930		0.0923534
4931		0.0968094
4932		0.101964
4933		0.100802
4934		0.0966396
4935		0.098206
4936		0.101798
4937		0.10162
4938		0.104869
4939		0.106084
4940		0.103573
4941		0.105818
4942		0.10914
4943		0.110386
4944		0.112299
4945		0.111647
4946		0.112886
4947		0.112878
4948		0.114194
4949		0.109244
4950		0.114603
4951		0.112654
4952		0.112311
4953		0.106069
4954		0.10434
4955		0.104186
4956		0.105123
4957		0.100714
4958		0.0973804
4959		0.0850887
4960		0.0903356
4961		0.0888735
4962		0.0803125
4963		0.074132
4964		0.0779244
4965		0.0735957
4966		0.071115
4967		0.0706674
4968		0.0693519
4969		0.072392
4970		0.0668094
4971		0.0653627
4972		0.05674
4973		0.0598997
4974		0.0581597
4975		0.0641667
4976		0.069402
4977		0.0695949
4978		0.0629437
4979		0.0668248
4980		0.0608526
4981		0.0567593
4982		0.0602315
4983		0.0613233
4984		0.055054
4985		0.0519715
4986		0.0549537
4987		0.0544136
4988		0.0520139
4989		0.0531366
4990		0.0603318
4991		0.0583372
4992		0.0556443
4993		0.0619946
4994		0.0597801
4995		0.0581134
4996		0.0642863
4997		0.0691821
4998		0.0690856
4999		0.0741088
5000		0.0759221
5001		0.0740741
5002		0.0715586
5003		0.0705208
5004		0.0699383
5005		0.0740162
5006		0.0760147
5007		0.0811767
5008		0.0872106
5009		0.071223
5010		0.0671875
5011		0.0629784
5012		0.0624923
5013		0.0596489
5014		0.055162
5015		0.0507022
5016		0.0380054
5017		0.0377469
5018		0.0420795
5019		0.0446335
5020		0.0466705
5021		0.0471373
5022		0.0448148
5023		0.0380131
5024		0.0408025
5025		0.038615
5026		0.0378627
5027		0.0355208
5028		0.0335417
5029		0.0307292
5030		0.0293133
5031		0.0266165
5032		0.0239236
5033		0.0191744
5034		0.019159
5035		0.0175926
5036		0.0189969
5037		0.0193866
5038		0.0182446
5039		0.0190316
5040		0.0174267
5041		0.0190972
5042		0.0197029
5043		0.0223225
5044		0.0271451
5045		0.027419
5046		0.0330556
5047		0.0370833
5048		0.0417014
5049		0.0489892
5050		0.0589236
5051		0.0667168
5052		0.0817824
5053		0.0917901
5054		0.10012
5055		0.112932
5056		0.122978
5057		0.128927
5058		0.14113
5059		0.150675
5060		0.156481
5061		0.169039
5062		0.175054
5063		0.182735
5064		0.193106
5065		0.204456
5066		0.208275
5067		0.222697
5068		0.231505
5069		0.237978
5070		0.248256
5071		0.261975
5072		0.262496
5073		0.26762
5074		0.270432
5075		0.273712
5076		0.286451
5077		0.287766
5078		0.289479
5079		0.298754
5080		0.287022
5081		0.288376
5082		0.281636
5083		0.28304
5084		0.296856
5085		0.293569
5086		0.28554
5087		0.287674
5088		0.281165
5089		0.271138
5090		0.269537
5091		0.263808
5092		0.255374
5093		0.255004
5094		0.252477
5095		0.247531
5096		0.247461
5097		0.24216
5098		0.241535
5099		0.240432
5100		0.235131
5101		0.230197
5102		0.228067
5103		0.219155
5104		0.208981
5105		0.207172
5106		0.201057
5107		0.187963
5108		0.180239
5109		0.181555
5110		0.169448
5111		0.164977
5112		0.150405
5113		0.13892
5114		0.134857
5115		0.125382
5116		0.113935
5117		0.104973
5118		0.0957446
5119		0.0866358
5120		0.0822917
5121		0.0736767
5122		0.0596875
5123		0.0543634
5124		0.0478434
5125		0.0415972
5126		0.0346489
5127		0.0245177
5128		0.0205401
5129		0.0216242
5130		0.015409
5131		0.0098534
5132		0.00753858
5133		0.00680941
5134		0.00447917
5135		0.00390432
5136		0.00310185
5137		0.00113812
5138		0.00349923
5139		0.00266204
5140		0.00268133
5141		0.0032446
5142		0.00277392
5143		0.00116898
5144		0.00175154
5145		0.00340664
5146		0.00338735
5147		0.00121528
5148		0.00273534
5149		0.00413966
5150		0.00516589
5151		0.00329475
5152		0.00570988
5153		0.00431327
5154		0.00487654
5155		0.00564815
5156		0.00345679
5157		0.00450617
5158		0.00202546
5159		0.00479938
5160		0.00417438
5161		0.00512731
5162		0.00241512
5163		0.00277006
5164		0.00374614
5165		0.00196373
5166		0.0037963
5167		0.00516204
5168		0.00377701
5169		0.00200617
5170		0.00175154
5171		0.00429784
5172		0.00527778
5173		0.00247299
5174		0.00279321
5175		0.00268133
5176		0.00397762
5177		0.00229938
5178		0.00367284
5179		0.00237654
5180		0.00185957
5181		0.00155864
5182		0.00246528
5183		0.0022608
5184		0.00219522
5185		0.00183256
5186		0.00208719
5187		0.00209877
5188		0.00216435
5189		0.00243441
5190		0.00191358
5191		0.00214892
5192		0.00377315
5193		0.00341049
5194		0.00235725
5195		0.00155093
5196		0.0016088
5197		0.00186343
5198		0.00194059
5199		0.00264661
5200		0.00280093
5201		0.00174769
5202		0.00155093
5203		0.00329861
5204		0.00185571
5205		0.00202546
5206		0.00166667
5207		0.00337191
5208		0.00286265
5209		0.000802469
5210		0.00402006
5211		0.00371914
5212		0.00340278
5213		0.00183642
5214		0.0013233
5215		0.00167438
5216		0.00136574
5217		0.00179012
5218		0.00168596
5219		0.00180556
5220		0.00268519
5221		0.00421682
5222		0.00552469
5223		0.00472222
5224		0.00407793
5225		0.00302469
5226		0.00264275
5227		0.00189043
5228		0.00209877
5229		0.00493441
5230		0.00462577
5231		0.00205247
5232		0.00390432
5233		0.00351852
5234		0.00324846
5235		0.00326775
5236		0.000798611
5237		0.00155093
5238		0.00298997
5239		0.00394676
5240		0.00298225
5241		0.00304398
5242		0.00544367
5243		0.00316744
5244		0.00508488
5245		0.00524306
5246		0.00265046
5247		0.00545139
5248		0.0046412
5249		0.00545525
5250		0.00408565
5251		0.00369213
5252		0.00563272
5253		0.00390046
5254		0.00371142
5255		0.00373843
5256		0.00505787
5257		0.0104668
5258		0.0168673
5259		0.0204475
5260		0.027037
5261		0.0332369
5262		0.0373611
5263		0.0429167
5264		0.0465895
5265		0.0496451
5266		0.0503588
5267		0.0521566
5268		0.0547106
5269		0.054267
5270		0.057635
5271		0.0571991
5272		0.0583218
5273		0.0581944
5274		0.0609722
5275		0.0631674
5276		0.0622994
5277		0.0598688
5278		0.0617168
5279		0.061331
5280		0.0609144
5281		0.0622106
5282		0.0632755
5283		0.0625309
5284		0.0601968
5285		0.0658603
5286		0.0656019
5287		0.0678086
5288		0.0754552
5289		0.0749421
5290		0.0813619
5291		0.0872492
5292		0.0926389
5293		0.100181
5294		0.106316
5295		0.110718
5296		0.116566
5297		0.12076
5298		0.123742
5299		0.123912
5300		0.127469
5301		0.128472
5302		0.13358
5303		0.134726
5304		0.136046
5305		0.135509
5306		0.1374
5307		0.135756
5308		0.135563
5309		0.140069
5310		0.139757
5311		0.140139
5312		0.141427
5313		0.144753
5314		0.141987
5315		0.140984
5316		0.142261
5317		0.139618
5318		0.139433
5319		0.141393
5320		0.141123
5321		0.129919
5322		0.12941
5323		0.131111
5324		0.131624
5325		0.129421
5326		0.132685
5327		0.12956
5328		0.132797
5329		0.134178
5330		0.133191
5331		0.133071
5332		0.13184
5333		0.135664
5334		0.138345
5335		0.139985
5336		0.138758
5337		0.140189
5338		0.146651
5339		0.148106
5340		0.148333
5341		0.150779
5342		0.147793
5343		0.146678
5344		0.148808
5345		0.14093
5346		0.144136
5347		0.151547
5348		0.152867
5349		0.145926
5350		0.149394
5351		0.154653
5352		0.159402
5353		0.163492
5354		0.169089
5355		0.169749
5356		0.175876
5357		0.179792
5358		0.181539
5359		0.18495
5360		0.195887
5361		0.196119
5362		0.198588
5363		0.20235
5364		0.203738
5365		0.206346
5366		0.206524
5367		0.204695
5368		0.204178
5369		0.202689
5370		0.193924
5371		0.195378
5372		0.193218
5373		0.19738
5374		0.201651
5375		0.204684
5376		0.210683
5377		0.207542
5378		0.210401
5379		0.20892
5380		0.206736
5381		0.209707
5382		0.211944
5383		0.210988
5384		0.215058
5385		0.217577
5386		0.22414
5387		0.231289
5388		0.231215
5389		0.235251
5390		0.23875
5391		0.237458
5392		0.246184
5393		0.245224
5394		0.24385
5395		0.249024
5396		0.246944
5397		0.243908
5398		0.247492
5399		0.242728
5400		0.238823
5401		0.236022
5402		0.226717
5403		0.228715
5404		0.229043
5405		0.22907
5406		0.231223
5407		0.23061
5408		0.229961
5409		0.229198
5410		0.229244
5411		0.229035
5412		0.231667
5413		0.231385
5414		0.22522
5415		0.228453
5416		0.234174
5417		0.234433
5418		0.237357
5419		0.239988
5420		0.217708
5421		0.219113
5422		0.22326
5423		0.229711
5424		0.228954
5425		0.232828
5426		0.232137
5427		0.23211
5428		0.240694
5429		0.247079
5430		0.249691
5431		0.25669
5432		0.268372
5433		0.273387
5434		0.281701
5435		0.288781
5436		0.291026
5437		0.295575
5438		0.301933
5439		0.307847
5440		0.315289
5441		0.32088
5442		0.324012
5443		0.334645
5444		0.340066
5445		0.345548
5446		0.349954
5447		0.357512
5448		0.355517
5449		0.35838
5450		0.361609
5451		0.360911
5452		0.36179
5453		0.360162
5454		0.362573
5455		0.361296
5456		0.360251
5457		0.358522
5458		0.360123
5459		0.365108
5460		0.362515
5461		0.366952
5462		0.364583
5463		0.364769
5464		0.360633
5465		0.357955
5466		0.358329
5467		0.352569
5468		0.353194
5469		0.351636
5470		0.371601
5471		0.371867
5472		0.369695
5473		0.372512
5474		0.373819
5475		0.371771
5476		0.371393
5477		0.370475
5478		0.373063
5479		0.378218
5480		0.383333
5481		0.385748
5482		0.39515
5483		0.403322
5484		0.407292
5485		0.414167
5486		0.416489
5487		0.414796
5488		0.422315
5489		0.431046
5490		0.432566
5491		0.43338
5492		0.440328
5493		0.442747
5494		0.446273
5495		0.437948
5496		0.437701
5497		0.435069
5498		0.440752
5499		0.444171
5500		0.444356
5501		0.440602
5502		0.440374
5503		0.443727
5504		0.448005
5505		0.4475
5506		0.451335
5507		0.450498
5508		0.451651
5509		0.452126
5510		0.45691
5511		0.459456
5512		0.459691
5513		0.456339
5514		0.458646
5515		0.457488
5516		0.459198
5517		0.459194
5518		0.457149
5519		0.457562
5520		0.474745
5521		0.473075
5522		0.47772
5523		0.478013
5524		0.480968
5525		0.488233
5526		0.486462
5527		0.489201
5528		0.494634
5529		0.49554
5530		0.501223
5531		0.50228
5532		0.506566
5533		0.510424
5534		0.512812
5535		0.516343
5536		0.523422
5537		0.523526
5538		0.525046
5539		0.52912
5540		0.534761
5541		0.540787
5542		0.540116
5543		0.542049
5544		0.541281
5545		0.537743
5546		0.540455
5547		0.543546
5548		0.543237
5549		0.545721
5550		0.544634
5551		0.544506
5552		0.548538
5553		0.548673
5554		0.549279
5555		0.553638
5556		0.553719
5557		0.558117
5558		0.559826
5559		0.560378
5560		0.558187
5561		0.559348
5562		0.558191
5563		0.564479
5564		0.571721
5565		0.574464
5566		0.576898
5567		0.576327
5568		0.580872
5569		0.583179
5570		0.578387
5571		0.579028
5572		0.581925
5573		0.590147
5574		0.591088
5575		0.597759
5576		0.594495
5577		0.595258
5578		0.599182
5579		0.602959
5580		0.605463
5581		0.605428
5582		0.606323
5583		0.607751
5584		0.609097
5585		0.61086
5586		0.614495
5587		0.61561
5588		0.616991
5589		0.620027
5590		0.615293
5591		0.620008
5592		0.617589
5593		0.621269
5594		0.617666
5595		0.611566
5596		0.613314
5597		0.614564
5598		0.613113
5599		0.60946
5600		0.611852
5601		0.61272
5602		0.615513
5603		0.612029
5604		0.615089
5605		0.616628
5606		0.619452
5607		0.620363
5608		0.623117
5609		0.627049
5610		0.626898
5611		0.625405
5612		0.628985
5613		0.628179
5614		0.62735
5615		0.627257
5616		0.629275
5617		0.630598
5618		0.630266
5619		0.631115
5620		0.631975
5621		0.632836
5622		0.632431
5623		0.634221
5624		0.627214
5625		0.633461
5626		0.635748
5627		0.634475
5628		0.638437
5629		0.638171
5630		0.642052
5631		0.637434
5632		0.640559
5633		0.639417
5634		0.640366
5635		0.639151
5636		0.639425
5637		0.64147
5638		0.643013
5639		0.641975
5640		0.641848
5641		0.642164
5642		0.639028
5643		0.644317
5644		0.645042
5645		0.676285
5646		0.676998
5647		0.676532
5648		0.67728
5649		0.675004
5650		0.675475
5651		0.67429
5652		0.675961
5653		0.6725
5654		0.67478
5655		0.674661
5656		0.675181
5657		0.673441
5658		0.675262
5659		0.674541
5660		0.673268
5661		0.674047
5662		0.676015
5663		0.676906
5664		0.677963
5665		0.676863
5666		0.678302
5667		0.678634
5668		0.679147
5669		0.678781
5670		0.674421
5671		0.673889
5672		0.676917
5673		0.674406
5674		0.677855
5675		0.679572
5676		0.677377
5677		0.674302
5678		0.677195
5679		0.67603
5680		0.680552
5681		0.679614
5682		0.680316
5683		0.678727
5684		0.681659
5685		0.683904
5686		0.681941
5687		0.682843
5688		0.678754
5689		0.678499
5690		0.684059
5691		0.683333
5692		0.680397
5693		0.680864
5694		0.686211
5695		0.673966
5696		0.67559
5697		0.675328
5698		0.672369
5699		0.675864
5700		0.674672
5701		0.676879
5702		0.68326
5703		0.684174
5704		0.68902
5705		0.693985
5706		0.698218
5707		0.696616
5708		0.69865
5709		0.701327
5710		0.702037
5711		0.721944
5712		0.725262
5713		0.726817
5714		0.731404
5715		0.730714
5716		0.735702
5717		0.738951
5718		0.742705
5719		0.742222
5720		0.767886
5721		0.76885
5722		0.771759
5723		0.769483
5724		0.764391
5725		0.769892
5726		0.769117
5727		0.768075
5728		0.77211
5729		0.769977
5730		0.771671
5731		0.773792
5732		0.778715
5733		0.779688
5734		0.778588
5735		0.780552
5736		0.777045
5737		0.781755
