The video is over!
Frame Number 	Queue Density
1		0.0752161
2		0.0798457
3		0.0828472
4		0.0881327
5		0.0925617
6		0.0938889
7		0.100239
8		0.103333
9		0.101782
10		0.102855
11		0.103495
12		0.105394
13		0.106458
14		0.109109
15		0.110023
16		0.110965
17		0.111782
18		0.1125
19		0.11419
20		0.116651
21		0.117199
22		0.118673
23		0.121678
24		0.123873
25		0.125185
26		0.127797
27		0.129942
28		0.131003
29		0.134043
30		0.135285
31		0.13544
32		0.136173
33		0.137924
34		0.138719
35		0.138735
36		0.138742
37		0.139985
38		0.14142
39		0.14125
40		0.141289
41		0.141057
42		0.140787
43		0.141281
44		0.142161
45		0.140278
46		0.14189
47		0.140617
48		0.138256
49		0.144514
50		0.145185
51		0.14608
52		0.149421
53		0.151991
54		0.154136
55		0.155386
56		0.158981
57		0.160278
58		0.164502
59		0.164691
60		0.165687
61		0.167539
62		0.166196
63		0.165413
64		0.163681
65		0.16385
66		0.162693
67		0.162747
68		0.16287
69		0.163611
70		0.163387
71		0.164298
72		0.165316
73		0.164946
74		0.168665
75		0.169606
76		0.169934
77		0.168858
78		0.171613
79		0.174282
80		0.176026
81		0.176721
82		0.178349
83		0.185235
84		0.186659
85		0.19186
86		0.197569
87		0.198673
88		0.204414
89		0.212176
90		0.212083
91		0.219159
92		0.220077
93		0.220247
94		0.220417
95		0.217932
96		0.219587
97		0.224394
98		0.223113
99		0.221092
100		0.221015
101		0.218121
102		0.21738
103		0.215181
104		0.214572
105		0.213654
106		0.212218
107		0.216235
108		0.217056
109		0.2188
110		0.225783
111		0.226501
112		0.230289
113		0.232029
114		0.234255
115		0.237758
116		0.242234
117		0.242056
118		0.243414
119		0.244927
120		0.246767
121		0.24929
122		0.24625
123		0.246482
124		0.250745
125		0.250872
126		0.251605
127		0.250505
128		0.251628
129		0.252623
130		0.25473
131		0.256497
132		0.257677
133		0.25625
134		0.258646
135		0.260864
136		0.261979
137		0.264379
138		0.264892
139		0.264568
140		0.26576
141		0.266073
142		0.263808
143		0.263754
144		0.264961
145		0.255841
146		0.256732
147		0.258225
148		0.257847
149		0.256466
150		0.256628
151		0.257785
152		0.25745
153		0.259255
154		0.257052
155		0.257353
156		0.257724
157		0.254043
158		0.25059
159		0.249599
160		0.248627
161		0.246937
162		0.2474
163		0.24912
164		0.248083
165		0.247369
166		0.246574
167		0.246474
168		0.245336
169		0.242978
170		0.247168
171		0.245015
172		0.242824
173		0.242662
174		0.241644
175		0.241343
176		0.241782
177		0.240818
178		0.240941
179		0.240031
180		0.239248
181		0.240262
182		0.239066
183		0.239568
184		0.237573
185		0.237458
186		0.237446
187		0.236759
188		0.236505
189		0.236481
190		0.236088
191		0.235741
192		0.235571
193		0.235239
194		0.236211
195		0.245166
196		0.243688
197		0.244298
198		0.244884
199		0.243179
200		0.243329
201		0.242886
202		0.242593
203		0.241798
204		0.242353
205		0.241798
206		0.241713
207		0.24152
208		0.241242
209		0.240679
210		0.241196
211		0.241173
212		0.24294
213		0.240432
214		0.241034
215		0.241929
216		0.242284
217		0.24086
218		0.24213
219		0.242326
220		0.232948
221		0.232191
222		0.233025
223		0.233657
224		0.235556
225		0.235772
226		0.236049
227		0.239363
228		0.237724
229		0.235733
230		0.236775
231		0.237647
232		0.236759
233		0.237377
234		0.237531
235		0.237639
236		0.238318
237		0.2374
238		0.23713
239		0.235556
240		0.234776
241		0.232986
242		0.234398
243		0.234838
244		0.236211
245		0.236242
246		0.236597
247		0.236601
248		0.235162
249		0.235648
250		0.236127
251		0.235401
252		0.237361
253		0.235054
254		0.234483
255		0.235463
256		0.235166
257		0.236883
258		0.235158
259		0.234734
260		0.234252
261		0.234645
262		0.233981
263		0.234151
264		0.234051
265		0.234066
266		0.23527
267		0.234066
268		0.234205
269		0.234529
270		0.230706
271		0.230837
272		0.232052
273		0.232685
274		0.233711
275		0.236088
276		0.237188
277		0.240428
278		0.243877
279		0.244078
280		0.247269
281		0.249417
282		0.249931
283		0.251744
284		0.254097
285		0.255228
286		0.256694
287		0.25485
288		0.256543
289		0.254201
290		0.252612
291		0.251265
292		0.251281
293		0.249772
294		0.249834
295		0.242596
296		0.241651
297		0.240278
298		0.242006
299		0.242014
300		0.241682
301		0.240066
302		0.238256
303		0.239614
304		0.237323
305		0.235289
306		0.236481
307		0.236165
308		0.237199
309		0.235714
310		0.235201
311		0.235
312		0.236049
313		0.235293
314		0.236481
315		0.236281
316		0.235193
317		0.233673
318		0.232292
319		0.231188
320		0.23662
321		0.236011
322		0.235934
323		0.237145
324		0.23696
325		0.23706
326		0.235887
327		0.235694
328		0.236265
329		0.236358
330		0.236659
331		0.235216
332		0.237114
333		0.237805
334		0.237404
335		0.237052
336		0.236848
337		0.236458
338		0.236478
339		0.236802
340		0.238476
341		0.240336
342		0.241049
343		0.242311
344		0.244711
345		0.235849
346		0.23858
347		0.242562
348		0.241902
349		0.242701
350		0.240617
351		0.240602
352		0.238912
353		0.238935
354		0.239089
355		0.238318
356		0.240702
357		0.241134
358		0.243549
359		0.242762
360		0.244074
361		0.244691
362		0.24473
363		0.244977
364		0.245401
365		0.246296
366		0.245031
367		0.245772
368		0.245131
369		0.245247
370		0.244028
371		0.243727
372		0.243704
373		0.245571
374		0.245309
375		0.244772
376		0.244915
377		0.245602
378		0.24517
379		0.244823
380		0.245579
381		0.245031
382		0.248904
383		0.249506
384		0.250417
385		0.252114
386		0.255502
387		0.256142
388		0.257346
389		0.259483
390		0.259128
391		0.258835
392		0.257924
393		0.259205
394		0.261505
395		0.255938
396		0.255976
397		0.259433
398		0.260671
399		0.260093
400		0.259819
401		0.258318
402		0.259545
403		0.262816
404		0.266435
405		0.269151
406		0.27527
407		0.279707
408		0.282377
409		0.291497
410		0.297323
411		0.301736
412		0.308349
413		0.313619
414		0.319128
415		0.321713
416		0.328318
417		0.329668
418		0.335448
419		0.339506
420		0.342423
421		0.349456
422		0.353866
423		0.35554
424		0.365015
425		0.37186
426		0.372068
427		0.377724
428		0.38064
429		0.386242
430		0.391285
431		0.396227
432		0.398804
433		0.40485
434		0.408812
435		0.410795
436		0.410575
437		0.416489
438		0.418777
439		0.422392
440		0.421022
441		0.42005
442		0.424333
443		0.427157
444		0.427504
445		0.420185
446		0.421184
447		0.426543
448		0.427041
449		0.430131
450		0.431798
451		0.433669
452		0.437824
453		0.437785
454		0.44037
455		0.440019
456		0.4426
457		0.442415
458		0.446381
459		0.447924
460		0.445687
461		0.447338
462		0.448202
463		0.448634
464		0.450255
465		0.44973
466		0.44833
467		0.44843
468		0.446053
469		0.451427
470		0.460544
471		0.459537
472		0.461867
473		0.46098
474		0.46115
475		0.462218
476		0.463086
477		0.460972
478		0.462323
479		0.4626
480		0.462824
481		0.46561
482		0.467091
483		0.465876
484		0.468098
485		0.467566
486		0.465822
487		0.46441
488		0.465127
489		0.465752
490		0.465806
491		0.465567
492		0.466501
493		0.46718
494		0.468368
495		0.469167
496		0.4687
497		0.471215
498		0.470934
499		0.475328
500		0.479124
501		0.478958
502		0.483522
503		0.489649
504		0.491825
505		0.494873
506		0.502025
507		0.505035
508		0.50985
509		0.51461
510		0.51588
511		0.518457
512		0.521979
513		0.52353
514		0.523823
515		0.525698
516		0.525112
517		0.524159
518		0.527704
519		0.529699
520		0.534302
521		0.537072
522		0.540953
523		0.541582
524		0.542095
525		0.541898
526		0.54184
527		0.54358
528		0.544753
529		0.546481
530		0.545733
531		0.545255
532		0.547037
533		0.54581
534		0.545872
535		0.544823
536		0.54662
537		0.544618
538		0.544221
539		0.547137
540		0.548029
541		0.54505
542		0.549174
543		0.550413
544		0.551539
545		0.524753
546		0.52738
547		0.527253
548		0.527616
549		0.528654
550		0.527971
551		0.527562
552		0.52939
553		0.530718
554		0.530463
555		0.529344
556		0.528476
557		0.527577
558		0.529228
559		0.525243
560		0.525073
561		0.528549
562		0.529583
563		0.526335
564		0.526223
565		0.525378
566		0.525189
567		0.52657
568		0.523426
569		0.52659
570		0.528704
571		0.531242
572		0.534244
573		0.535667
574		0.538252
575		0.540957
576		0.542994
577		0.542272
578		0.54424
579		0.547477
580		0.552184
581		0.553094
582		0.553399
583		0.554498
584		0.5562
585		0.557616
586		0.560378
587		0.562697
588		0.563372
589		0.562936
590		0.56348
591		0.564055
592		0.561755
593		0.563306
594		0.565887
595		0.552326
596		0.556146
597		0.554695
598		0.557681
599		0.559703
600		0.561674
601		0.562504
602		0.564008
603		0.565745
604		0.566833
605		0.569124
606		0.568723
607		0.572458
608		0.576505
609		0.57684
610		0.577558
611		0.584595
612		0.585478
613		0.587936
614		0.593665
615		0.595806
616		0.595976
617		0.599444
618		0.598951
619		0.602485
620		0.601146
621		0.602458
622		0.606424
623		0.60924
624		0.60968
625		0.612415
626		0.61336
627		0.613148
628		0.612608
629		0.612234
630		0.61189
631		0.613719
632		0.61701
633		0.618912
634		0.617137
635		0.617886
636		0.619533
637		0.618071
638		0.615787
639		0.615212
640		0.615428
641		0.616339
642		0.615351
643		0.616694
644		0.617242
645		0.628441
646		0.630023
647		0.63137
648		0.631493
649		0.633225
650		0.633225
651		0.633804
652		0.633978
653		0.633723
654		0.635104
655		0.63745
656		0.63897
657		0.640544
658		0.64201
659		0.640374
660		0.640096
661		0.640289
662		0.642319
663		0.641944
664		0.642554
665		0.645228
666		0.643376
667		0.645239
668		0.645474
669		0.644487
670		0.623596
671		0.628457
672		0.625625
673		0.63
674		0.630895
675		0.632099
676		0.631644
677		0.632712
678		0.635374
679		0.632971
680		0.634255
681		0.637809
682		0.636736
683		0.640791
684		0.641204
685		0.640274
686		0.642157
687		0.642527
688		0.642863
689		0.64429
690		0.643403
691		0.643727
692		0.64414
693		0.644888
694		0.645988
695		0.631096
696		0.629144
697		0.633553
698		0.634475
699		0.633711
700		0.632492
701		0.634167
702		0.633326
703		0.634336
704		0.636308
705		0.636076
706		0.637496
707		0.637662
708		0.638484
709		0.640193
710		0.638063
711		0.63973
712		0.639688
713		0.641173
714		0.640247
715		0.640698
716		0.640841
717		0.641721
718		0.642685
719		0.642589
720		0.638326
721		0.637431
722		0.637994
723		0.641242
724		0.641011
725		0.641698
726		0.643333
727		0.644938
728		0.644198
729		0.644352
730		0.644614
731		0.644437
732		0.644807
733		0.644437
734		0.647083
735		0.645911
736		0.64686
737		0.647292
738		0.646906
739		0.648218
740		0.648233
741		0.648002
742		0.652068
743		0.650548
744		0.651242
745		0.625532
746		0.629406
747		0.62956
748		0.633048
749		0.63071
750		0.633148
751		0.61755
752		0.618843
753		0.621188
754		0.622786
755		0.621833
756		0.621381
757		0.627724
758		0.625073
759		0.624946
760		0.625185
761		0.626451
762		0.626971
763		0.627261
764		0.627361
765		0.628102
766		0.629082
767		0.630586
768		0.628673
769		0.629074
770		0.641875
771		0.640447
772		0.640069
773		0.640926
774		0.637647
775		0.642384
776		0.640594
777		0.646805
778		0.647145
779		0.6476
780		0.646435
781		0.646065
782		0.651443
783		0.652307
784		0.653059
785		0.651559
786		0.651273
787		0.654117
788		0.653476
789		0.6551
790		0.656238
791		0.664471
792		0.666022
793		0.668152
794		0.670953
795		0.63402
796		0.63152
797		0.634491
798		0.639498
799		0.639961
800		0.644514
801		0.648735
802		0.649124
803		0.649286
804		0.646505
805		0.652006
806		0.651073
807		0.652801
808		0.657161
809		0.657635
810		0.656728
811		0.657674
812		0.658206
813		0.659198
814		0.660405
815		0.662288
816		0.660544
817		0.664888
818		0.66451
819		0.66706
820		0.658194
821		0.658295
822		0.657647
823		0.658951
824		0.663638
825		0.661003
826		0.662253
827		0.664313
828		0.665394
829		0.665991
830		0.665799
831		0.668434
832		0.668611
833		0.668326
834		0.671721
835		0.672554
836		0.672099
837		0.674294
838		0.673819
839		0.67608
840		0.676281
841		0.677824
842		0.677477
843		0.67978
844		0.679691
845		0.676995
846		0.675216
847		0.676146
848		0.679317
849		0.674865
850		0.679606
851		0.679367
852		0.681979
853		0.678137
854		0.679684
855		0.677932
856		0.681343
857		0.678711
858		0.681991
859		0.684093
860		0.681921
861		0.683746
862		0.683773
863		0.684614
864		0.684525
865		0.685783
866		0.685004
867		0.686697
868		0.686354
869		0.686991
870		0.666524
871		0.666941
872		0.666713
873		0.667488
874		0.669977
875		0.668954
876		0.668048
877		0.669066
878		0.670467
879		0.671833
880		0.658646
881		0.65924
882		0.658978
883		0.658538
884		0.659267
885		0.660363
886		0.660069
887		0.66115
888		0.663152
889		0.663727
890		0.665212
891		0.665193
892		0.665872
893		0.665185
894		0.666717
895		0.664661
896		0.666057
897		0.668862
898		0.668989
899		0.669128
900		0.669174
901		0.670602
902		0.673025
903		0.674522
904		0.67483
905		0.684306
906		0.684714
907		0.685448
908		0.686057
909		0.686034
910		0.685702
911		0.685602
912		0.685671
913		0.686319
914		0.684838
915		0.686161
916		0.685563
917		0.683958
918		0.683688
919		0.682438
920		0.682106
921		0.683349
922		0.685367
923		0.685355
924		0.684541
925		0.685046
926		0.685108
927		0.686798
928		0.689252
929		0.690471
930		0.666265
931		0.666235
932		0.666053
933		0.669606
934		0.669506
935		0.671262
936		0.672222
937		0.675301
938		0.677739
939		0.677137
940		0.681127
941		0.680637
942		0.681154
943		0.683889
944		0.685648
945		0.683904
946		0.684456
947		0.683804
948		0.683202
949		0.684622
950		0.684745
951		0.682068
952		0.683989
953		0.681026
954		0.681281
955		0.677716
956		0.676582
957		0.676744
958		0.67495
959		0.680853
960		0.677249
961		0.677006
962		0.680783
963		0.681412
964		0.680285
965		0.682851
966		0.682643
967		0.684336
968		0.683017
969		0.682554
970		0.684097
971		0.68598
972		0.685671
973		0.687276
974		0.687338
975		0.687106
976		0.68973
977		0.69098
978		0.688291
979		0.688252
980		0.681682
981		0.682404
982		0.684255
983		0.686373
984		0.686991
985		0.688063
986		0.687716
987		0.685822
988		0.683495
989		0.685652
990		0.691115
991		0.689464
992		0.689414
993		0.694155
994		0.694545
995		0.695914
996		0.697153
997		0.696829
998		0.697361
999		0.697118
1000		0.698522
1001		0.676782
1002		0.676771
1003		0.676682
1004		0.676196
1005		0.674001
1006		0.672674
1007		0.673981
1008		0.673441
1009		0.676003
1010		0.677515
1011		0.669055
1012		0.666979
1013		0.667454
1014		0.670158
1015		0.669776
1016		0.670378
1017		0.672268
1018		0.669799
1019		0.670205
1020		0.670478
1021		0.672338
1022		0.672855
1023		0.67294
1024		0.673164
1025		0.6749
1026		0.674109
1027		0.671968
1028		0.673322
1029		0.672801
1030		0.671914
1031		0.67189
1032		0.675887
1033		0.674927
1034		0.675305
1035		0.675745
1036		0.672492
1037		0.669599
1038		0.672936
1039		0.674298
1040		0.676285
1041		0.676308
1042		0.67669
1043		0.676813
1044		0.675741
1045		0.675085
1046		0.677099
1047		0.67814
1048		0.679753
1049		0.681049
1050		0.682191
1051		0.683194
1052		0.683893
1053		0.683187
1054		0.684464
1055		0.6839
1056		0.682955
1057		0.6839
1058		0.682261
1059		0.682623
1060		0.681894
1061		0.676219
1062		0.677276
1063		0.676111
1064		0.673989
1065		0.675012
1066		0.676617
1067		0.676833
1068		0.67765
1069		0.676597
1070		0.675548
1071		0.679533
1072		0.678796
1073		0.679402
1074		0.67914
1075		0.683144
1076		0.682315
1077		0.684147
1078		0.682824
1079		0.684958
1080		0.685405
1081		0.687782
1082		0.688314
1083		0.689641
1084		0.688098
1085		0.689765
1086		0.680166
1087		0.679637
1088		0.679992
1089		0.679888
1090		0.678673
1091		0.679815
1092		0.677245
1093		0.681906
1094		0.677882
1095		0.679105
1096		0.679406
1097		0.680023
1098		0.680015
1099		0.680718
1100		0.680239
1101		0.680054
1102		0.681096
1103		0.679653
1104		0.683411
1105		0.681647
1106		0.67985
1107		0.680698
1108		0.680459
1109		0.68113
1110		0.68012
1111		0.676196
1112		0.675077
1113		0.676829
1114		0.679059
1115		0.679367
1116		0.678245
1117		0.678557
1118		0.678287
1119		0.678465
1120		0.678812
1121		0.679915
1122		0.680077
1123		0.680849
1124		0.680471
1125		0.681273
1126		0.680806
1127		0.680934
1128		0.679792
1129		0.678387
1130		0.682562
1131		0.682323
1132		0.682662
1133		0.682492
1134		0.680941
1135		0.682654
1136		0.668789
1137		0.668731
1138		0.668206
1139		0.668904
1140		0.673357
1141		0.670529
1142		0.671767
1143		0.66831
1144		0.66924
1145		0.668696
1146		0.669811
1147		0.673113
1148		0.672789
1149		0.676096
1150		0.674992
1151		0.675976
1152		0.678179
1153		0.677739
1154		0.678777
1155		0.673183
1156		0.673218
1157		0.673862
1158		0.672404
1159		0.674877
1160		0.676397
1161		0.68488
1162		0.682867
1163		0.683194
1164		0.684699
1165		0.68358
1166		0.683079
1167		0.686813
1168		0.680725
1169		0.6825
1170		0.683438
1171		0.6838
1172		0.688758
1173		0.684117
1174		0.682867
1175		0.682678
1176		0.68326
1177		0.684969
1178		0.685583
1179		0.684221
1180		0.688329
1181		0.688484
1182		0.686806
1183		0.68841
1184		0.689888
1185		0.687708
1186		0.679715
1187		0.681072
1188		0.682226
1189		0.684024
1190		0.681844
1191		0.681767
1192		0.679097
1193		0.681624
1194		0.681798
1195		0.682955
1196		0.681447
1197		0.683495
1198		0.6849
1199		0.686775
1200		0.684394
1201		0.685004
1202		0.68588
1203		0.6837
1204		0.685621
1205		0.685579
1206		0.684892
1207		0.686211
1208		0.684792
1209		0.684769
1210		0.685235
1211		0.679113
1212		0.676651
1213		0.675316
1214		0.675413
1215		0.678283
1216		0.674919
1217		0.678191
1218		0.677762
1219		0.680401
1220		0.681312
1221		0.682951
1222		0.683611
1223		0.684194
1224		0.684448
1225		0.686466
1226		0.684032
1227		0.684807
1228		0.682681
1229		0.684475
1230		0.686825
1231		0.688129
1232		0.686177
1233		0.686782
1234		0.685039
1235		0.685027
1236		0.689502
1237		0.68973
1238		0.689699
1239		0.693511
1240		0.693773
1241		0.694035
1242		0.697832
1243		0.698515
1244		0.699167
1245		0.698449
1246		0.693221
1247		0.694271
1248		0.697894
1249		0.696478
1250		0.697454
1251		0.686983
1252		0.686258
1253		0.687701
1254		0.685401
1255		0.688349
1256		0.688152
1257		0.691439
1258		0.692994
1259		0.693592
1260		0.6962
1261		0.675405
1262		0.67973
1263		0.680964
1264		0.680718
1265		0.682458
1266		0.683916
1267		0.683399
1268		0.680347
1269		0.686674
1270		0.686794
1271		0.68897
1272		0.68784
1273		0.687446
1274		0.690413
1275		0.686532
1276		0.686049
1277		0.687623
1278		0.686586
1279		0.686138
1280		0.683638
1281		0.682338
1282		0.680401
1283		0.680482
1284		0.681709
1285		0.681532
1286		0.685745
1287		0.686505
1288		0.687446
1289		0.688268
1290		0.690417
1291		0.692631
1292		0.691863
1293		0.690259
1294		0.694599
1295		0.693804
1296		0.694757
1297		0.694055
1298		0.692967
1299		0.689213
1300		0.689537
1301		0.689707
1302		0.689452
1303		0.692434
1304		0.692018
1305		0.689117
1306		0.687751
1307		0.687712
1308		0.68765
1309		0.686964
1310		0.686632
1311		0.664252
1312		0.664008
1313		0.664097
1314		0.665309
1315		0.666991
1316		0.664367
1317		0.668943
1318		0.669475
1319		0.670938
1320		0.673125
1321		0.672755
1322		0.675768
1323		0.672662
1324		0.671705
1325		0.671462
1326		0.676323
1327		0.673974
1328		0.677195
1329		0.676454
1330		0.673661
1331		0.676532
1332		0.675251
1333		0.675714
1334		0.675548
1335		0.673256
1336		0.669888
1337		0.671296
1338		0.671925
1339		0.671782
1340		0.67066
1341		0.671898
1342		0.671616
1343		0.670968
1344		0.671755
1345		0.672542
1346		0.671941
1347		0.673997
1348		0.673993
1349		0.674965
1350		0.674711
1351		0.673889
1352		0.674726
1353		0.673812
1354		0.675424
1355		0.677346
1356		0.675845
1357		0.678503
1358		0.674919
1359		0.674224
1360		0.673812
1361		0.662662
1362		0.663534
1363		0.666543
1364		0.669236
1365		0.669294
1366		0.669842
1367		0.669151
1368		0.668981
1369		0.66946
1370		0.672184
1371		0.670571
1372		0.668461
1373		0.670471
1374		0.668002
1375		0.669753
1376		0.670278
1377		0.670471
1378		0.673175
1379		0.672269
1380		0.671296
1381		0.672461
1382		0.672724
1383		0.672145
1384		0.67289
1385		0.67152
1386		0.672288
1387		0.673221
1388		0.675625
1389		0.676397
1390		0.676076
1391		0.680313
1392		0.679753
1393		0.679826
1394		0.679985
1395		0.683522
1396		0.682423
1397		0.683129
1398		0.683322
1399		0.684622
1400		0.682785
1401		0.683407
1402		0.686439
1403		0.685536
1404		0.685432
1405		0.684313
1406		0.684101
1407		0.681998
1408		0.68439
1409		0.684653
1410		0.684869
1411		0.675035
1412		0.674356
1413		0.676975
1414		0.680741
1415		0.678461
1416		0.676817
1417		0.680104
1418		0.682099
1419		0.681373
1420		0.681389
1421		0.683287
1422		0.683526
1423		0.683048
1424		0.684294
1425		0.686292
1426		0.68684
1427		0.689556
1428		0.688704
1429		0.691073
1430		0.69331
1431		0.697847
1432		0.69816
1433		0.700386
1434		0.702681
1435		0.705293
1436		0.707666
1437		0.704684
1438		0.708221
1439		0.708391
1440		0.708372
1441		0.713437
1442		0.714333
1443		0.717319
1444		0.721424
1445		0.720965
1446		0.726254
1447		0.727103
1448		0.725999
1449		0.729637
1450		0.730775
1451		0.73505
1452		0.737762
1453		0.740833
1454		0.743515
1455		0.747234
1456		0.750737
1457		0.752002
1458		0.754888
1459		0.75733
1460		0.757245
1461		0.726084
1462		0.731991
1463		0.730008
1464		0.72561
1465		0.725768
1466		0.726528
1467		0.733117
1468		0.73206
1469		0.732735
1470		0.73515
1471		0.735741
1472		0.739796
1473		0.744672
1474		0.747944
1475		0.742512
1476		0.74811
1477		0.743457
1478		0.750471
1479		0.750826
1480		0.751732
1481		0.754811
1482		0.753449
1483		0.755698
1484		0.760945
1485		0.762315
1486		0.760428
1487		0.760768
1488		0.761042
1489		0.76137
1490		0.761771
1491		0.762535
1492		0.761678
1493		0.762585
1494		0.763812
1495		0.762762
1496		0.761134
1497		0.761003
1498		0.764198
1499		0.757793
1500		0.749583
1501		0.712751
1502		0.715035
1503		0.705953
1504		0.711671
1505		0.718465
1506		0.719101
1507		0.719757
1508		0.722905
1509		0.716948
1510		0.718696
1511		0.72711
1512		0.723611
1513		0.729757
1514		0.728063
1515		0.730934
1516		0.70348
1517		0.694394
1518		0.688106
1519		0.688121
1520		0.681412
1521		0.671806
1522		0.656833
1523		0.657978
1524		0.647242
1525		0.649541
1526		0.649603
1527		0.639155
1528		0.642654
1529		0.641512
1530		0.639965
1531		0.636979
1532		0.633052
1533		0.631887
1534		0.626304
1535		0.63294
1536		0.623669
1537		0.631937
1538		0.63321
1539		0.625822
1540		0.628912
1541		0.632361
1542		0.62848
1543		0.617269
1544		0.62348
1545		0.620355
1546		0.61804
1547		0.624641
1548		0.620305
1549		0.61664
1550		0.603322
1551		0.600965
1552		0.59686
1553		0.598071
1554		0.590772
1555		0.584637
1556		0.589136
1557		0.585135
1558		0.584024
1559		0.580714
1560		0.577307
1561		0.554317
1562		0.556478
1563		0.55608
1564		0.556937
1565		0.561262
1566		0.56179
1567		0.562843
1568		0.563565
1569		0.563692
1570		0.564213
1571		0.566991
1572		0.566713
1573		0.572265
1574		0.57331
1575		0.574769
1576		0.578908
1577		0.585096
1578		0.586088
1579		0.587994
1580		0.588167
1581		0.590961
1582		0.590571
1583		0.589502
1584		0.587199
1585		0.587168
1586		0.57071
1587		0.565054
1588		0.56701
1589		0.577153
1590		0.574873
1591		0.57914
1592		0.574641
1593		0.581339
1594		0.579059
1595		0.586358
1596		0.595698
1597		0.592261
1598		0.592739
1599		0.594807
1600		0.603017
1601		0.606242
1602		0.598954
1603		0.601821
1604		0.604294
1605		0.61289
1606		0.621373
1607		0.619869
1608		0.625212
1609		0.630818
1610		0.626281
1611		0.630432
1612		0.624306
1613		0.622214
1614		0.61733
1615		0.616366
1616		0.618754
1617		0.615394
1618		0.599078
1619		0.597566
1620		0.597874
1621		0.592677
1622		0.596674
1623		0.601763
1624		0.591451
1625		0.591497
1626		0.589279
1627		0.592631
1628		0.591601
1629		0.590081
1630		0.590027
1631		0.591736
1632		0.600606
1633		0.601999
1634		0.606686
1635		0.610073
1636		0.630008
1637		0.631748
1638		0.624595
1639		0.623669
1640		0.625775
1641		0.625779
1642		0.622218
1643		0.620123
1644		0.609634
1645		0.606686
1646		0.610386
1647		0.601995
1648		0.605475
1649		0.606817
1650		0.606019
1651		0.60397
1652		0.60532
1653		0.600856
1654		0.601003
1655		0.597739
1656		0.5875
1657		0.585613
1658		0.584583
1659		0.589653
1660		0.588071
1661		0.580992
1662		0.58336
1663		0.591377
1664		0.602392
1665		0.607083
1666		0.608407
1667		0.614749
1668		0.616871
1669		0.616752
1670		0.621173
1671		0.625413
1672		0.622527
1673		0.624255
1674		0.613862
1675		0.613333
1676		0.608156
1677		0.61505
1678		0.609379
1679		0.609761
1680		0.612674
1681		0.615
1682		0.620231
1683		0.621991
1684		0.624282
1685		0.630556
1686		0.593233
1687		0.591879
1688		0.597797
1689		0.602072
1690		0.606516
1691		0.613187
1692		0.616632
1693		0.615691
1694		0.616887
1695		0.614888
1696		0.621971
1697		0.622774
1698		0.618503
1699		0.624367
1700		0.63022
1701		0.63223
1702		0.638731
1703		0.640262
1704		0.647149
1705		0.651944
1706		0.651076
1707		0.662539
1708		0.660633
1709		0.661694
1710		0.657824
1711		0.696346
1712		0.697905
1713		0.696362
1714		0.700652
1715		0.695367
1716		0.692299
1717		0.686836
1718		0.679074
1719		0.671609
1720		0.655694
1721		0.659344
1722		0.650698
1723		0.640783
1724		0.638931
1725		0.643364
1726		0.634765
1727		0.632346
1728		0.622948
1729		0.607323
1730		0.607531
1731		0.593657
1732		0.582901
1733		0.588225
1734		0.569275
1735		0.573557
1736		0.51549
1737		0.518958
1738		0.519637
1739		0.512708
1740		0.50814
1741		0.497897
1742		0.49385
1743		0.49213
1744		0.479807
1745		0.485644
1746		0.478866
1747		0.474313
1748		0.468329
1749		0.462377
1750		0.451103
1751		0.43537
1752		0.44218
1753		0.438303
1754		0.437639
1755		0.434444
1756		0.439271
1757		0.438951
1758		0.43282
1759		0.435964
1760		0.438218
1761		0.419765
1762		0.43093
1763		0.429248
1764		0.426177
1765		0.428719
1766		0.428414
1767		0.431049
1768		0.43375
1769		0.429228
1770		0.440837
1771		0.44137
1772		0.445193
1773		0.443792
1774		0.439591
1775		0.438684
1776		0.440397
1777		0.438981
1778		0.432936
1779		0.433048
1780		0.430953
1781		0.434479
1782		0.436184
1783		0.428129
1784		0.427423
1785		0.421705
1786		0.391254
1787		0.395714
1788		0.400868
1789		0.399174
1790		0.391127
1791		0.391516
1792		0.387855
1793		0.38684
1794		0.384896
1795		0.383499
1796		0.378291
1797		0.383927
1798		0.38061
1799		0.384352
1800		0.383993
1801		0.385818
1802		0.379317
1803		0.366697
1804		0.368889
1805		0.368719
1806		0.367404
1807		0.355594
1808		0.349753
1809		0.351682
1810		0.339799
1811		0.323927
1812		0.324506
1813		0.321555
1814		0.316485
1815		0.314664
1816		0.305482
1817		0.305961
1818		0.297172
1819		0.299437
1820		0.29946
1821		0.291844
1822		0.279039
1823		0.278665
1824		0.27836
1825		0.283758
1826		0.279151
1827		0.2801
1828		0.276269
1829		0.281397
1830		0.275961
1831		0.272793
1832		0.267214
1833		0.270945
1834		0.257357
1835		0.258935
1836		0.22571
1837		0.218295
1838		0.221806
1839		0.21689
1840		0.211786
1841		0.205478
1842		0.205625
1843		0.198657
1844		0.19402
1845		0.185027
1846		0.174282
1847		0.17331
1848		0.171138
1849		0.16534
1850		0.160062
1851		0.154533
1852		0.154973
1853		0.152631
1854		0.155131
1855		0.154549
1856		0.150548
1857		0.146497
1858		0.148538
1859		0.148573
1860		0.14463
1861		0.139144
1862		0.136601
1863		0.134564
1864		0.129552
1865		0.127168
1866		0.131987
1867		0.127469
1868		0.127762
1869		0.135802
1870		0.144919
1871		0.147546
1872		0.151057
1873		0.15652
1874		0.154498
1875		0.156424
1876		0.168218
1877		0.17809
1878		0.192257
1879		0.206605
1880		0.213765
1881		0.224961
1882		0.246551
1883		0.249788
1884		0.261169
1885		0.275957
1886		0.256798
1887		0.27407
1888		0.293059
1889		0.299082
1890		0.315995
1891		0.332897
1892		0.339711
1893		0.349537
1894		0.363823
1895		0.372052
1896		0.374005
1897		0.385096
1898		0.394927
1899		0.411632
1900		0.426458
1901		0.434113
1902		0.442616
1903		0.444988
1904		0.44765
1905		0.456848
1906		0.460633
1907		0.463117
1908		0.462527
1909		0.459309
1910		0.463021
1911		0.486003
1912		0.475633
1913		0.477863
1914		0.470212
1915		0.461049
1916		0.453704
1917		0.442759
1918		0.43451
1919		0.427554
1920		0.421169
1921		0.412454
1922		0.406775
1923		0.392662
1924		0.393673
1925		0.386292
1926		0.378287
1927		0.372477
1928		0.373275
1929		0.360768
1930		0.355409
1931		0.351296
1932		0.345189
1933		0.337184
1934		0.328364
1935		0.324167
1936		0.29201
1937		0.292944
1938		0.284414
1939		0.276713
1940		0.27164
1941		0.269587
1942		0.253086
1943		0.253148
1944		0.251628
1945		0.248106
1946		0.246142
1947		0.247758
1948		0.251852
1949		0.24853
1950		0.235849
1951		0.229267
1952		0.220135
1953		0.213854
1954		0.203302
1955		0.19939
1956		0.190725
1957		0.17983
1958		0.170355
1959		0.164745
1960		0.147708
1961		0.133079
1962		0.118939
1963		0.111134
1964		0.106794
1965		0.102832
1966		0.0967631
1967		0.0953086
1968		0.0890586
1969		0.0797685
1970		0.0809722
1971		0.0748573
1972		0.067936
1973		0.0607948
1974		0.0528164
1975		0.0481134
1976		0.0459799
1977		0.0368981
1978		0.0343056
1979		0.030108
1980		0.0287886
1981		0.0227006
1982		0.0200463
1983		0.019892
1984		0.0193827
1985		0.018561
1986		0.0199769
1987		0.0194367
1988		0.0212886
1989		0.0204475
1990		0.0200694
1991		0.0202315
1992		0.0210455
1993		0.0214622
1994		0.0211034
1995		0.0221528
1996		0.0205131
1997		0.0206173
1998		0.0224074
1999		0.0232485
2000		0.0260802
2001		0.0349383
2002		0.0472917
2003		0.0571026
2004		0.0712191
2005		0.0878472
2006		0.0979552
2007		0.115193
2008		0.127755
2009		0.137099
2010		0.157079
2011		0.169911
2012		0.181532
2013		0.202747
2014		0.219167
2015		0.227924
2016		0.248418
2017		0.270285
2018		0.281296
2019		0.304398
2020		0.311821
2021		0.32169
2022		0.333295
2023		0.347292
2024		0.356146
2025		0.359691
2026		0.372377
2027		0.380988
2028		0.38189
2029		0.395239
2030		0.389159
2031		0.397218
2032		0.399491
2033		0.398519
2034		0.402392
2035		0.401304
2036		0.39076
2037		0.381254
2038		0.380471
2039		0.373642
2040		0.360224
2041		0.35125
2042		0.349005
2043		0.335633
2044		0.329302
2045		0.321042
2046		0.313414
2047		0.305837
2048		0.304853
2049		0.303356
2050		0.290826
2051		0.291659
2052		0.282137
2053		0.273931
2054		0.268954
2055		0.254205
2056		0.238492
2057		0.233005
2058		0.22635
2059		0.213453
2060		0.211196
2061		0.203981
2062		0.196177
2063		0.193681
2064		0.185309
2065		0.168912
2066		0.164877
2067		0.155949
2068		0.146481
2069		0.142207
2070		0.131698
2071		0.120285
2072		0.111019
2073		0.101543
2074		0.0886767
2075		0.0835957
2076		0.0782948
2077		0.0695833
2078		0.0646991
2079		0.0617593
2080		0.0571566
2081		0.0540509
2082		0.047608
2083		0.0431019
2084		0.0405787
2085		0.0351852
2086		0.0287191
2087		0.0282485
2088		0.0299614
2089		0.0284799
2090		0.0260571
2091		0.0269213
2092		0.0261343
2093		0.027554
2094		0.026196
2095		0.0282292
2096		0.0288812
2097		0.0314969
2098		0.0360764
2099		0.0383333
2100		0.042963
2101		0.0485417
2102		0.0517361
2103		0.0590586
2104		0.0716898
2105		0.0762461
2106		0.0859452
2107		0.0934529
2108		0.0983256
2109		0.104823
2110		0.114421
2111		0.116335
2112		0.126844
2113		0.132793
2114		0.138735
2115		0.152338
2116		0.15936
2117		0.167315
2118		0.174286
2119		0.186192
2120		0.191096
2121		0.201057
2122		0.211084
2123		0.214819
2124		0.223414
2125		0.225235
2126		0.232674
2127		0.234711
2128		0.247477
2129		0.244579
2130		0.253052
2131		0.256038
2132		0.251447
2133		0.250548
2134		0.246755
2135		0.242284
2136		0.258449
2137		0.251408
2138		0.257191
2139		0.256478
2140		0.269838
2141		0.2625
2142		0.264298
2143		0.264522
2144		0.266987
2145		0.264923
2146		0.262199
2147		0.259977
2148		0.256566
2149		0.252265
2150		0.256211
2151		0.250455
2152		0.237596
2153		0.236597
2154		0.236385
2155		0.240818
2156		0.242793
2157		0.248337
2158		0.23689
2159		0.234653
2160		0.230066
2161		0.218341
2162		0.216431
2163		0.224715
2164		0.232512
2165		0.232836
2166		0.229846
2167		0.221053
2168		0.219016
2169		0.217234
2170		0.212095
2171		0.209012
2172		0.214101
2173		0.204911
2174		0.203561
2175		0.205324
2176		0.2001
2177		0.195694
2178		0.18858
2179		0.185224
2180		0.182878
2181		0.173407
2182		0.167303
2183		0.162928
2184		0.153372
2185		0.144336
2186		0.132195
2187		0.127647
2188		0.118603
2189		0.117531
2190		0.110305
2191		0.10311
2192		0.0998148
2193		0.0921142
2194		0.0877971
2195		0.0839815
2196		0.0812693
2197		0.0779475
2198		0.0715509
2199		0.0662731
2200		0.0610648
2201		0.0596296
2202		0.0550772
2203		0.0490509
2204		0.0483951
2205		0.0451157
2206		0.0370023
2207		0.0369252
2208		0.0333102
2209		0.0316049
2210		0.029919
2211		0.0314429
2212		0.028017
2213		0.0258333
2214		0.0218827
2215		0.0182176
2216		0.0193287
2217		0.0137114
2218		0.0143287
2219		0.0130247
2220		0.0110262
2221		0.012091
2222		0.0138272
2223		0.0115123
2224		0.0134414
2225		0.0132948
2226		0.0140471
2227		0.013233
2228		0.0130941
2229		0.0133179
2230		0.0122994
2231		0.0147801
2232		0.0153781
2233		0.0154167
2234		0.0149614
2235		0.0133951
2236		0.0134259
2237		0.0147145
2238		0.0139198
2239		0.0159414
2240		0.017091
2241		0.0150309
2242		0.0152238
2243		0.0159645
2244		0.0198148
2245		0.0197299
2246		0.0197685
2247		0.0214198
2248		0.0204398
2249		0.0189043
2250		0.019213
2251		0.0205941
2252		0.0192477
2253		0.016412
2254		0.0163117
2255		0.0205247
2256		0.0214815
2257		0.0196451
2258		0.0221682
2259		0.0238503
2260		0.019784
2261		0.0248071
2262		0.0268133
2263		0.0265895
2264		0.026223
2265		0.0285687
2266		0.0343557
2267		0.0385031
2268		0.0453627
2269		0.0625926
2270		0.0660725
2271		0.0693287
2272		0.0774653
2273		0.0804244
2274		0.0845988
2275		0.0831327
2276		0.0872299
2277		0.0855093
2278		0.0882022
2279		0.089537
2280		0.0888272
2281		0.0889197
2282		0.0899151
2283		0.091304
2284		0.0982253
2285		0.100386
2286		0.100725
2287		0.101917
2288		0.103422
2289		0.104904
2290		0.106505
2291		0.107677
2292		0.105008
2293		0.106188
2294		0.106327
2295		0.1038
2296		0.10512
2297		0.107431
2298		0.107269
2299		0.111196
2300		0.115521
2301		0.120432
2302		0.118449
2303		0.119923
2304		0.116813
2305		0.117141
2306		0.120316
2307		0.119437
2308		0.119552
2309		0.118777
2310		0.127724
2311		0.116578
2312		0.123218
2313		0.123511
2314		0.123989
2315		0.121775
2316		0.115471
2317		0.110926
2318		0.106566
2319		0.104213
2320		0.1025
2321		0.102963
2322		0.0995525
2323		0.100579
2324		0.0973843
2325		0.0947068
2326		0.092608
2327		0.0879784
2328		0.0864738
2329		0.082311
2330		0.0789776
2331		0.0776582
2332		0.069892
2333		0.0690895
2334		0.0672608
2335		0.0637384
2336		0.0668711
2337		0.0639622
2338		0.058341
2339		0.0592863
2340		0.0519522
2341		0.0514275
2342		0.0523997
2343		0.0510802
2344		0.0468982
2345		0.0460995
2346		0.0478318
2347		0.0458218
2348		0.0451427
2349		0.0413696
2350		0.041767
2351		0.0415586
2352		0.0392863
2353		0.037446
2354		0.033588
2355		0.0317901
2356		0.0315355
2357		0.0297377
2358		0.0287731
2359		0.022037
2360		0.0219059
2361		0.0189738
2362		0.018314
2363		0.0189969
2364		0.0172299
2365		0.0182099
2366		0.0189506
2367		0.0157176
2368		0.0152662
2369		0.0148457
2370		0.0149769
2371		0.0133951
2372		0.0160725
2373		0.0142631
2374		0.0135417
2375		0.0141435
2376		0.0109105
2377		0.0124691
2378		0.0133873
2379		0.0141667
2380		0.0147377
2381		0.0162963
2382		0.0197839
2383		0.0276003
2384		0.0340432
2385		0.0398573
2386		0.0498688
2387		0.0530594
2388		0.0622377
2389		0.0592593
2390		0.0592901
2391		0.0561497
2392		0.0529244
2393		0.050216
2394		0.0490509
2395		0.0482215
2396		0.0478704
2397		0.0439738
2398		0.0372531
2399		0.0359182
2400		0.0345602
2401		0.0308603
2402		0.0337423
2403		0.0329051
2404		0.0406366
2405		0.0421528
2406		0.0390741
2407		0.0500849
2408		0.0527392
2409		0.0533526
2410		0.0511806
2411		0.0432562
2412		0.0455363
2413		0.0462809
2414		0.0449383
2415		0.0529552
2416		0.046983
2417		0.047473
2418		0.0448264
2419		0.0409259
2420		0.0428781
2421		0.0411343
2422		0.0383758
2423		0.0332948
2424		0.0245062
2425		0.0200154
2426		0.020162
2427		0.0167631
2428		0.0207022
2429		0.0178241
2430		0.0158333
2431		0.017608
2432		0.017091
2433		0.0260417
2434		0.0336806
2435		0.0370679
2436		0.0469444
2437		0.0492978
2438		0.051034
2439		0.0508218
2440		0.0555247
2441		0.0551312
2442		0.0574537
2443		0.0589468
2444		0.0612577
2445		0.0617361
2446		0.0621759
2447		0.0628549
2448		0.0633873
2449		0.0640779
2450		0.0657677
2451		0.0658218
2452		0.0676235
2453		0.0676466
2454		0.0660725
2455		0.0705826
2456		0.0706674
2457		0.0744907
2458		0.0768326
2459		0.0773843
2460		0.0788272
2461		0.0830247
2462		0.0829861
2463		0.0842593
2464		0.0844946
2465		0.083696
2466		0.0797222
2467		0.0730015
2468		0.0704475
2469		0.0651929
2470		0.0618943
2471		0.0599228
2472		0.0551505
2473		0.0500617
2474		0.0462153
2475		0.0430748
2476		0.0438426
2477		0.0454012
2478		0.0422145
2479		0.0402623
2480		0.0388966
2481		0.0374421
2482		0.0352238
2483		0.0337191
2484		0.0299614
2485		0.0313503
2486		0.0311651
2487		0.0298457
2488		0.0301543
2489		0.0312423
2490		0.0327739
2491		0.0325347
2492		0.0327585
2493		0.0334568
2494		0.0357793
2495		0.0370062
2496		0.0384259
2497		0.0377778
2498		0.0384336
2499		0.0382022
2500		0.0398881
2501		0.0385802
2502		0.0381327
2503		0.0391049
2504		0.0415201
2505		0.0427855
2506		0.0418017
2507		0.0435185
2508		0.0475
2509		0.0550154
2510		0.058071
2511		0.0644213
2512		0.0739352
2513		0.0766898
2514		0.0821991
2515		0.0820602
2516		0.0829012
2517		0.0781481
2518		0.0764429
2519		0.0757099
2520		0.0752932
2521		0.0772647
2522		0.0783951
2523		0.0768519
2524		0.0796605
2525		0.081875
2526		0.080081
2527		0.0755556
2528		0.0751157
2529		0.0740201
2530		0.0723071
2531		0.0762731
2532		0.0790779
2533		0.0743711
2534		0.0719406
2535		0.0786188
2536		0.0831134
2537		0.0791011
2538		0.0789969
2539		0.0814506
2540		0.0849383
2541		0.0889738
2542		0.0832407
2543		0.0836343
2544		0.087554
2545		0.0923225
2546		0.0866512
2547		0.0834568
2548		0.0854938
2549		0.0821451
2550		0.0778627
2551		0.0800154
2552		0.0787654
2553		0.0816049
2554		0.0783179
2555		0.076412
2556		0.0736844
2557		0.0706867
2558		0.0691898
2559		0.072338
2560		0.0718364
2561		0.0597415
2562		0.0528897
2563		0.0424576
2564		0.0401235
2565		0.0384877
2566		0.0340123
2567		0.0330478
2568		0.0328897
2569		0.030108
2570		0.0283256
2571		0.0248148
2572		0.019919
2573		0.0167554
2574		0.0173843
2575		0.0159491
2576		0.0142515
2577		0.0149614
2578		0.0138542
2579		0.0143133
2580		0.0145062
2581		0.0145293
2582		0.0137654
2583		0.0146065
2584		0.0148997
2585		0.0144907
2586		0.0146296
2587		0.0157099
2588		0.016034
2589		0.0161497
2590		0.0160802
2591		0.0151929
2592		0.0150849
2593		0.0153318
2594		0.0152546
2595		0.0160571
2596		0.0164622
2597		0.0161806
2598		0.0153395
2599		0.0151929
2600		0.0141821
2601		0.0152006
2602		0.0152238
2603		0.015216
2604		0.0174306
2605		0.0153935
2606		0.0159645
2607		0.0159105
2608		0.0159028
2609		0.0159182
2610		0.016794
2611		0.0181404
2612		0.0162963
2613		0.0159414
2614		0.015625
2615		0.016088
2616		0.0155324
2617		0.0171451
2618		0.0165972
2619		0.0171296
2620		0.0175386
2621		0.017716
2622		0.0165201
2623		0.0158796
2624		0.0186343
2625		0.0245679
2626		0.032392
2627		0.0367978
2628		0.0440509
2629		0.0501929
2630		0.0519869
2631		0.0537809
2632		0.0564738
2633		0.0568673
2634		0.059267
2635		0.0607948
2636		0.0603588
2637		0.0659529
2638		0.0720679
2639		0.0758642
2640		0.0815355
2641		0.0897608
2642		0.0930285
2643		0.100077
2644		0.101373
2645		0.103333
2646		0.109321
2647		0.113326
2648		0.120127
2649		0.124722
2650		0.130108
2651		0.130833
2652		0.137214
2653		0.13787
2654		0.139506
2655		0.145093
2656		0.148121
2657		0.150147
2658		0.152214
2659		0.156458
2660		0.160143
2661		0.148642
2662		0.158808
2663		0.160733
2664		0.161127
2665		0.168488
2666		0.164016
2667		0.15875
2668		0.164911
2669		0.166385
2670		0.16669
2671		0.166898
2672		0.163727
2673		0.167674
2674		0.165378
2675		0.170432
2676		0.168221
2677		0.172384
2678		0.166157
2679		0.164599
2680		0.167635
2681		0.163719
2682		0.149969
2683		0.148295
2684		0.149012
2685		0.144082
2686		0.110872
2687		0.106265
2688		0.108248
2689		0.112762
2690		0.11189
2691		0.114244
2692		0.108476
2693		0.108704
2694		0.106026
2695		0.097608
2696		0.0956289
2697		0.0852855
2698		0.0761188
2699		0.0697377
2700		0.064213
2701		0.0646219
2702		0.0672608
2703		0.0629321
2704		0.0614545
2705		0.0653549
2706		0.0683179
2707		0.0710571
2708		0.0676697
2709		0.0632485
2710		0.0575386
2711		0.0586921
2712		0.0557253
2713		0.0521451
2714		0.0523302
2715		0.0537616
2716		0.0551775
2717		0.0556559
2718		0.054946
2719		0.056115
2720		0.0571643
2721		0.0574074
2722		0.0556096
2723		0.0568056
2724		0.0568441
2725		0.0586343
2726		0.0567284
2727		0.0613349
2728		0.0675849
2729		0.071412
2730		0.077716
2731		0.0831057
2732		0.0850386
2733		0.0887423
2734		0.091142
2735		0.0942207
2736		0.0956944
2737		0.0983873
2738		0.0970988
2739		0.0981173
2740		0.0998997
2741		0.0996296
2742		0.0997222
2743		0.101566
2744		0.101447
2745		0.102099
2746		0.103619
2747		0.104259
2748		0.106651
2749		0.110116
2750		0.112222
2751		0.11032
2752		0.112176
2753		0.112222
2754		0.115324
2755		0.11554
2756		0.116736
2757		0.118935
2758		0.12189
2759		0.120903
2760		0.121806
2761		0.123283
2762		0.121914
2763		0.124317
2764		0.12341
2765		0.124375
2766		0.127863
2767		0.130463
2768		0.130903
2769		0.133009
2770		0.13407
2771		0.133573
2772		0.133445
2773		0.136138
2774		0.136512
2775		0.140031
2776		0.142531
2777		0.143364
2778		0.145463
2779		0.146439
2780		0.146184
2781		0.145891
2782		0.145316
2783		0.147083
2784		0.146053
2785		0.144992
2786		0.138121
2787		0.138951
2788		0.140046
2789		0.141281
2790		0.139425
2791		0.138395
2792		0.136651
2793		0.138179
2794		0.138507
2795		0.137284
2796		0.137369
2797		0.140687
2798		0.137315
2799		0.139927
2800		0.141458
2801		0.143634
2802		0.144082
2803		0.14402
2804		0.143584
2805		0.144406
2806		0.145648
2807		0.145293
2808		0.147122
2809		0.145802
2810		0.145502
2811		0.143449
2812		0.143611
2813		0.144194
2814		0.146173
2815		0.145586
2816		0.147199
2817		0.144475
2818		0.148056
2819		0.149329
2820		0.148573
2821		0.147454
2822		0.146875
2823		0.14919
2824		0.145864
2825		0.147894
2826		0.14858
2827		0.148133
2828		0.148426
2829		0.147593
2830		0.14723
2831		0.148619
2832		0.147978
2833		0.147261
2834		0.148588
2835		0.150031
2836		0.152859
2837		0.153241
2838		0.150208
2839		0.1499
2840		0.151586
2841		0.152222
2842		0.151744
2843		0.151358
2844		0.150694
2845		0.150911
2846		0.154614
2847		0.156331
2848		0.154857
2849		0.156678
2850		0.161053
2851		0.164707
2852		0.165478
2853		0.16811
2854		0.169687
2855		0.168561
2856		0.166049
2857		0.164792
2858		0.162878
2859		0.161559
2860		0.159799
2861		0.152585
2862		0.152091
2863		0.148804
2864		0.14983
2865		0.150895
2866		0.152755
2867		0.152658
2868		0.152994
2869		0.152431
2870		0.153021
2871		0.153272
2872		0.152847
2873		0.152338
2874		0.153866
2875		0.153009
2876		0.153395
2877		0.152299
2878		0.153893
2879		0.155401
2880		0.15723
2881		0.160694
2882		0.162361
2883		0.16294
2884		0.164649
2885		0.165525
2886		0.174167
2887		0.176134
2888		0.176115
2889		0.176451
2890		0.176551
2891		0.179464
2892		0.179522
2893		0.180814
2894		0.181667
2895		0.179483
2896		0.17929
2897		0.179498
2898		0.177813
2899		0.180282
2900		0.181674
2901		0.181782
2902		0.183387
2903		0.179568
2904		0.180934
2905		0.178704
2906		0.179915
2907		0.181898
2908		0.181628
2909		0.182955
2910		0.182623
2911		0.175
2912		0.175062
2913		0.174838
2914		0.17321
2915		0.173488
2916		0.174954
2917		0.174421
2918		0.17287
2919		0.173673
2920		0.174907
2921		0.176613
2922		0.177693
2923		0.180054
2924		0.181466
2925		0.180004
2926		0.179491
2927		0.177569
2928		0.177037
2929		0.176034
2930		0.176829
2931		0.177554
2932		0.178808
2933		0.180405
2934		0.178985
2935		0.179842
2936		0.16767
2937		0.170239
2938		0.169205
2939		0.170027
2940		0.170382
2941		0.175197
2942		0.179483
2943		0.182878
2944		0.188519
2945		0.190066
2946		0.194815
2947		0.198835
2948		0.203627
2949		0.20983
2950		0.215231
2951		0.217346
2952		0.223781
2953		0.227199
2954		0.23162
2955		0.235826
2956		0.24027
2957		0.245648
2958		0.249545
2959		0.253395
2960		0.25816
2961		0.270772
2962		0.277608
2963		0.280945
2964		0.286898
2965		0.292708
2966		0.2926
2967		0.296929
2968		0.302226
2969		0.304379
2970		0.310606
2971		0.316937
2972		0.316921
2973		0.32299
2974		0.327141
2975		0.330204
2976		0.33424
2977		0.337573
2978		0.341223
2979		0.341651
2980		0.341103
2981		0.344244
2982		0.346022
2983		0.350586
2984		0.351265
2985		0.355282
2986		0.352199
2987		0.353939
2988		0.355583
2989		0.359244
2990		0.36218
2991		0.368727
2992		0.374093
2993		0.380123
2994		0.381049
2995		0.383839
2996		0.387851
2997		0.393306
2998		0.399143
2999		0.398962
3000		0.40336
3001		0.401354
3002		0.405698
3003		0.405675
3004		0.413746
3005		0.418221
3006		0.420683
3007		0.425289
3008		0.42897
3009		0.436825
3010		0.44218
3011		0.446566
3012		0.451246
3013		0.460359
3014		0.457878
3015		0.465023
3016		0.473229
3017		0.478931
3018		0.488449
3019		0.48831
3020		0.4912
3021		0.496088
3022		0.505829
3023		0.515116
3024		0.510883
3025		0.518962
3026		0.5176
3027		0.516393
3028		0.517693
3029		0.524159
3030		0.523025
3031		0.52326
3032		0.5224
3033		0.517539
3034		0.520606
3035		0.522816
3036		0.513546
3037		0.507481
3038		0.506015
3039		0.508769
3040		0.517226
3041		0.514417
3042		0.520444
3043		0.515193
3044		0.522238
3045		0.521296
3046		0.519965
3047		0.517728
3048		0.518754
3049		0.521844
3050		0.518897
3051		0.524221
3052		0.517928
3053		0.521258
3054		0.521551
3055		0.519028
3056		0.517716
3057		0.516007
3058		0.517215
3059		0.518395
3060		0.524965
3061		0.499988
3062		0.499518
3063		0.497554
3064		0.499441
3065		0.508414
3066		0.514923
3067		0.523843
3068		0.529086
3069		0.532311
3070		0.532751
3071		0.531944
3072		0.529464
3073		0.526358
3074		0.526412
3075		0.530644
3076		0.533121
3077		0.532396
3078		0.527836
3079		0.532377
3080		0.535926
3081		0.544194
3082		0.55664
3083		0.558634
3084		0.558935
3085		0.56669
3086		0.561427
3087		0.56304
3088		0.561929
3089		0.566142
3090		0.566269
3091		0.564776
3092		0.566501
3093		0.566057
3094		0.565251
3095		0.568465
3096		0.572172
3097		0.57169
3098		0.572311
3099		0.565563
3100		0.568383
3101		0.568742
3102		0.576339
3103		0.575957
3104		0.576084
3105		0.573912
3106		0.573329
3107		0.575216
3108		0.576474
3109		0.575255
3110		0.577924
3111		0.544896
3112		0.542523
3113		0.547581
3114		0.548233
3115		0.549981
3116		0.550621
3117		0.546825
3118		0.551019
3119		0.554838
3120		0.556929
3121		0.555922
3122		0.557114
3123		0.560096
3124		0.564429
3125		0.566489
3126		0.567786
3127		0.572658
3128		0.571416
3129		0.571628
3130		0.573187
3131		0.57701
3132		0.570521
3133		0.572967
3134		0.573156
3135		0.576802
3136		0.572909
3137		0.574564
3138		0.576817
3139		0.575648
3140		0.579124
3141		0.580035
3142		0.583696
3143		0.583603
3144		0.585606
3145		0.588681
3146		0.590231
3147		0.595953
3148		0.595764
3149		0.593661
3150		0.598981
3151		0.599093
3152		0.596138
3153		0.595397
3154		0.600702
3155		0.600093
3156		0.601343
3157		0.603592
3158		0.603549
3159		0.605231
3160		0.60684
3161		0.57147
3162		0.572963
3163		0.567944
3164		0.564383
3165		0.570108
3166		0.566034
3167		0.567724
3168		0.572508
3169		0.575062
3170		0.576061
3171		0.575617
3172		0.574904
3173		0.575729
3174		0.575899
3175		0.576427
3176		0.577241
3177		0.579406
3178		0.581242
3179		0.58848
3180		0.589016
3181		0.594082
3182		0.600042
3183		0.602874
3184		0.603121
3185		0.602905
3186		0.608549
3187		0.614707
3188		0.615652
3189		0.617535
3190		0.622693
3191		0.621107
3192		0.62554
3193		0.625247
3194		0.62745
3195		0.631466
3196		0.635814
3197		0.634849
3198		0.630031
3199		0.632469
3200		0.63299
3201		0.634965
3202		0.635004
3203		0.635698
3204		0.638928
3205		0.638619
3206		0.638958
3207		0.637415
3208		0.637238
3209		0.638688
3210		0.636798
3211		0.583183
3212		0.584429
3213		0.585162
3214		0.592022
3215		0.592805
3216		0.590258
3217		0.593306
3218		0.589248
3219		0.595274
3220		0.594626
3221		0.596439
3222		0.595702
3223		0.598013
3224		0.602361
3225		0.600884
3226		0.606273
3227		0.605945
3228		0.60586
3229		0.610386
3230		0.611636
3231		0.613503
3232		0.614904
3233		0.616655
3234		0.618461
3235		0.620066
3236		0.604637
3237		0.606431
3238		0.606489
3239		0.604815
3240		0.608191
3241		0.608407
3242		0.608599
3243		0.608889
3244		0.609556
3245		0.609799
3246		0.608202
3247		0.609734
3248		0.60767
3249		0.607512
3250		0.610702
3251		0.585393
3252		0.586894
3253		0.586485
3254		0.587839
3255		0.588144
3256		0.589738
3257		0.591366
3258		0.590285
3259		0.589753
3260		0.593279
3261		0.591026
3262		0.590991
3263		0.593654
3264		0.599784
3265		0.600583
3266		0.600872
3267		0.600548
3268		0.597747
3269		0.601339
3270		0.601721
3271		0.602836
3272		0.601821
3273		0.601597
3274		0.606524
3275		0.607261
3276		0.611096
3277		0.608279
3278		0.610563
3279		0.614857
3280		0.611686
3281		0.613935
3282		0.613245
3283		0.614082
3284		0.613735
3285		0.615926
3286		0.6186
3287		0.617959
3288		0.620374
3289		0.621408
3290		0.621103
3291		0.622782
3292		0.624622
3293		0.624086
3294		0.625914
3295		0.62451
3296		0.625409
3297		0.624822
3298		0.626713
3299		0.626667
3300		0.626647
3301		0.62674
3302		0.627118
3303		0.626825
3304		0.627423
3305		0.626856
3306		0.624684
3307		0.624799
3308		0.627006
3309		0.625691
3310		0.627153
3311		0.578916
3312		0.576698
3313		0.582971
3314		0.58387
3315		0.584228
3316		0.587936
3317		0.58907
3318		0.592037
3319		0.588665
3320		0.588025
3321		0.588287
3322		0.591111
3323		0.592454
3324		0.591103
3325		0.592361
3326		0.5989
3327		0.597388
3328		0.594803
3329		0.594749
3330		0.596725
3331		0.597322
3332		0.598387
3333		0.601346
3334		0.60392
3335		0.603816
3336		0.606142
3337		0.607091
3338		0.605455
3339		0.607596
3340		0.606863
3341		0.60534
3342		0.60718
3343		0.613522
3344		0.612728
3345		0.614051
3346		0.614942
3347		0.615162
3348		0.61608
3349		0.614159
3350		0.619877
3351		0.620868
3352		0.621624
3353		0.621026
3354		0.622199
3355		0.622149
3356		0.622681
3357		0.621524
3358		0.622052
3359		0.623279
3360		0.624529
3361		0.627461
3362		0.627052
3363		0.623302
3364		0.625374
3365		0.627705
3366		0.628499
3367		0.628117
3368		0.62718
3369		0.625297
3370		0.627338
3371		0.6299
3372		0.62816
3373		0.632778
3374		0.628974
3375		0.631026
3376		0.632126
3377		0.631273
3378		0.629819
3379		0.626543
3380		0.626428
3381		0.628858
3382		0.627813
3383		0.630752
3384		0.62934
3385		0.630177
3386		0.590509
3387		0.588642
3388		0.590625
3389		0.593989
3390		0.596404
3391		0.599159
3392		0.600787
3393		0.601628
3394		0.600498
3395		0.598075
3396		0.60071
3397		0.60309
3398		0.605633
3399		0.607369
3400		0.607384
3401		0.60701
3402		0.606458
3403		0.609471
3404		0.60875
3405		0.612546
3406		0.61419
3407		0.615015
3408		0.61412
3409		0.61309
3410		0.613272
3411		0.59912
3412		0.597724
3413		0.600235
3414		0.605073
3415		0.60108
3416		0.602994
3417		0.602076
3418		0.603445
3419		0.600941
3420		0.600409
3421		0.597419
3422		0.603391
3423		0.600714
3424		0.602053
3425		0.604425
3426		0.606073
3427		0.603812
3428		0.60821
3429		0.608893
3430		0.606667
3431		0.609066
3432		0.609302
3433		0.610432
3434		0.611015
3435		0.610868
3436		0.607936
3437		0.609888
3438		0.610521
3439		0.610471
3440		0.610316
3441		0.611258
3442		0.608877
3443		0.612253
3444		0.610718
3445		0.611165
3446		0.613002
3447		0.611474
3448		0.613445
3449		0.612623
3450		0.615328
3451		0.618067
3452		0.617269
3453		0.617855
3454		0.620382
3455		0.617739
3456		0.619819
3457		0.620216
3458		0.621902
3459		0.623557
3460		0.62103
3461		0.597373
3462		0.598144
3463		0.600448
3464		0.603021
3465		0.602577
3466		0.601489
3467		0.60365
3468		0.606589
3469		0.604444
3470		0.607782
3471		0.608071
3472		0.607261
3473		0.610775
3474		0.609915
3475		0.612589
3476		0.60777
3477		0.609645
3478		0.610694
3479		0.611917
3480		0.614907
3481		0.621111
3482		0.620486
3483		0.619946
3484		0.620733
3485		0.621184
3486		0.614884
3487		0.614217
3488		0.614375
3489		0.618202
3490		0.61907
3491		0.626038
3492		0.624985
3493		0.629915
3494		0.630683
3495		0.632932
3496		0.632311
3497		0.635849
3498		0.633893
3499		0.636007
3500		0.636184
3501		0.620505
3502		0.620502
3503		0.621914
3504		0.622018
3505		0.622608
3506		0.624078
3507		0.624475
3508		0.624622
3509		0.624803
3510		0.625575
3511		0.568268
3512		0.568283
3513		0.570995
3514		0.56615
3515		0.568893
3516		0.572025
3517		0.573287
3518		0.577052
3519		0.577839
3520		0.580181
3521		0.580274
3522		0.582334
3523		0.584151
3524		0.587188
3525		0.588272
3526		0.590289
3527		0.594363
3528		0.598816
3529		0.599722
3530		0.601964
3531		0.601015
3532		0.604533
3533		0.603206
3534		0.605764
3535		0.605529
3536		0.612674
3537		0.612126
3538		0.61174
3539		0.610451
3540		0.612631
3541		0.612407
3542		0.612431
3543		0.619437
3544		0.618927
3545		0.620069
3546		0.621532
3547		0.622905
3548		0.622095
3549		0.62488
3550		0.625876
3551		0.625413
3552		0.626208
3553		0.626906
3554		0.628214
3555		0.626115
3556		0.627662
3557		0.626767
3558		0.627647
3559		0.627523
3560		0.627272
3561		0.618322
3562		0.618241
3563		0.623013
3564		0.619641
3565		0.623411
3566		0.624849
3567		0.626169
3568		0.624356
3569		0.627384
3570		0.637157
3571		0.637268
3572		0.641979
3573		0.641451
3574		0.644429
3575		0.647099
3576		0.646412
3577		0.650455
3578		0.650795
3579		0.653681
3580		0.651177
3581		0.651404
3582		0.654568
3583		0.655694
3584		0.654282
3585		0.655181
3586		0.653812
3587		0.652554
3588		0.65191
3589		0.652218
3590		0.655756
3591		0.655282
3592		0.654498
3593		0.654815
3594		0.653738
3595		0.62358
3596		0.622647
3597		0.626813
3598		0.629205
3599		0.631034
3600		0.630347
3601		0.630853
3602		0.633005
3603		0.630324
3604		0.631053
3605		0.633279
3606		0.632535
3607		0.635968
3608		0.63659
3609		0.636655
3610		0.635405
3611		0.636987
3612		0.637126
3613		0.637295
3614		0.638133
3615		0.638692
3616		0.635949
3617		0.636582
3618		0.638924
3619		0.64059
3620		0.59593
3621		0.598619
3622		0.604923
3623		0.602022
3624		0.606181
3625		0.610949
3626		0.611454
3627		0.611489
3628		0.6126
3629		0.611713
3630		0.613773
3631		0.61637
3632		0.618295
3633		0.622002
3634		0.621065
3635		0.626435
3636		0.627411
3637		0.631732
3638		0.635671
3639		0.635274
3640		0.638268
3641		0.635679
3642		0.636424
3643		0.640953
3644		0.642091
3645		0.647338
3646		0.64505
3647		0.646281
3648		0.646601
3649		0.645158
3650		0.647878
3651		0.647218
3652		0.654217
3653		0.649799
3654		0.650316
3655		0.650208
3656		0.648399
3657		0.65081
3658		0.651624
3659		0.64961
3660		0.646806
3661		0.647998
3662		0.648927
3663		0.646979
3664		0.649128
3665		0.646937
3666		0.649973
3667		0.648125
3668		0.646748
3669		0.648877
3670		0.619159
3671		0.619568
3672		0.62664
3673		0.623843
3674		0.627492
3675		0.623465
3676		0.623769
3677		0.625694
3678		0.621968
3679		0.625613
3680		0.619452
3681		0.62314
3682		0.631235
3683		0.63184
3684		0.630907
3685		0.633688
3686		0.633133
3687		0.63625
3688		0.632496
3689		0.635691
3690		0.634977
3691		0.638438
3692		0.63336
3693		0.638418
3694		0.63679
3695		0.632284
3696		0.633414
3697		0.63539
3698		0.634996
3699		0.631142
3700		0.625911
3701		0.627199
3702		0.627886
3703		0.630509
3704		0.629888
3705		0.631231
3706		0.632373
3707		0.632924
3708		0.637133
3709		0.638391
3710		0.64179
3711		0.64088
3712		0.640339
3713		0.643399
3714		0.647346
3715		0.647226
3716		0.646038
3717		0.645609
3718		0.648167
3719		0.647141
3720		0.61635
3721		0.617369
3722		0.618391
3723		0.621721
3724		0.623465
3725		0.622562
3726		0.622091
3727		0.622176
3728		0.621956
3729		0.619437
3730		0.620833
3731		0.620332
3732		0.62174
3733		0.622303
3734		0.62076
3735		0.621902
3736		0.623627
3737		0.622106
3738		0.625829
3739		0.62701
3740		0.626481
3741		0.625586
3742		0.624263
3743		0.624664
3744		0.622662
3745		0.611632
3746		0.611833
3747		0.612245
3748		0.614059
3749		0.612334
3750		0.613931
3751		0.601296
3752		0.604819
3753		0.602461
3754		0.603669
3755		0.606663
3756		0.606559
3757		0.608484
3758		0.610606
3759		0.612519
3760		0.615251
3761		0.614711
3762		0.615359
3763		0.611049
3764		0.61664
3765		0.614144
3766		0.618684
3767		0.613515
3768		0.615521
3769		0.614066
3770		0.564726
3771		0.566921
3772		0.572797
3773		0.572172
3774		0.573704
3775		0.574672
3776		0.575687
3777		0.576134
3778		0.57738
3779		0.577724
3780		0.576532
3781		0.579066
3782		0.579545
3783		0.581296
3784		0.580737
3785		0.58363
3786		0.58566
3787		0.587635
3788		0.588792
3789		0.590004
3790		0.590471
3791		0.589749
3792		0.593063
3793		0.59478
3794		0.596617
3795		0.584113
3796		0.585598
3797		0.589846
3798		0.591593
3799		0.5913
3800		0.592346
3801		0.592037
3802		0.592878
3803		0.600444
3804		0.601103
3805		0.601026
3806		0.60005
3807		0.601161
3808		0.602897
3809		0.606358
3810		0.604198
3811		0.607126
3812		0.603519
3813		0.607635
3814		0.608422
3815		0.609595
3816		0.611759
3817		0.613823
3818		0.61515
3819		0.61767
3820		0.627403
3821		0.627813
3822		0.629387
3823		0.628623
3824		0.631593
3825		0.62885
3826		0.634819
3827		0.629934
3828		0.633376
3829		0.636539
3830		0.635301
3831		0.639047
3832		0.641728
3833		0.643519
3834		0.641991
3835		0.645162
3836		0.646809
3837		0.652913
3838		0.651871
3839		0.653044
3840		0.652963
3841		0.655042
3842		0.655972
3843		0.658025
3844		0.658804
3845		0.656354
3846		0.651705
3847		0.655509
3848		0.658113
3849		0.658179
3850		0.660367
3851		0.662168
3852		0.664109
3853		0.664005
3854		0.668349
3855		0.669942
3856		0.674282
3857		0.676339
3858		0.679664
3859		0.67836
3860		0.679718
3861		0.686763
3862		0.69005
3863		0.686431
3864		0.690729
3865		0.68934
3866		0.684958
3867		0.687052
3868		0.682037
3869		0.681674
3870		0.628002
3871		0.626308
3872		0.629657
3873		0.629186
3874		0.63022
3875		0.632404
3876		0.63287
3877		0.631173
3878		0.633619
3879		0.636211
3880		0.635475
3881		0.642407
3882		0.645988
3883		0.642851
3884		0.639826
3885		0.643634
3886		0.644263
3887		0.644691
3888		0.6426
3889		0.646088
3890		0.644471
3891		0.645733
3892		0.647662
3893		0.648939
3894		0.651971
3895		0.657658
3896		0.652762
3897		0.659217
3898		0.658781
3899		0.663156
3900		0.662361
3901		0.663129
3902		0.661782
3903		0.669066
3904		0.667867
3905		0.672176
3906		0.678391
3907		0.676744
3908		0.674055
3909		0.675421
3910		0.675694
3911		0.67963
3912		0.67966
3913		0.680035
3914		0.681566
3915		0.682508
3916		0.681389
3917		0.68032
3918		0.677701
3919		0.680586
3920		0.654394
3921		0.654059
3922		0.652107
3923		0.658353
3924		0.659634
3925		0.659676
3926		0.65934
3927		0.660563
3928		0.660089
3929		0.65429
3930		0.658704
3931		0.661389
3932		0.662261
3933		0.662184
3934		0.661404
3935		0.661227
3936		0.662593
3937		0.658472
3938		0.662068
3939		0.66385
3940		0.664907
3941		0.66054
3942		0.665864
3943		0.66608
3944		0.668395
3945		0.641894
3946		0.645212
3947		0.648488
3948		0.649367
3949		0.651289
3950		0.647249
3951		0.648164
3952		0.646559
3953		0.651466
3954		0.648495
3955		0.652226
3956		0.653943
3957		0.660853
3958		0.657762
3959		0.65598
3960		0.656045
3961		0.654857
3962		0.653634
3963		0.656138
3964		0.659684
3965		0.657481
3966		0.656863
3967		0.661956
3968		0.665783
3969		0.662658
3970		0.669877
3971		0.671408
3972		0.670957
3973		0.671593
3974		0.673129
3975		0.673711
3976		0.674734
3977		0.676713
3978		0.674093
3979		0.674965
3980		0.68147
3981		0.68419
3982		0.686771
3983		0.685552
3984		0.684545
3985		0.684927
3986		0.679186
3987		0.679298
3988		0.675899
3989		0.681107
3990		0.68294
3991		0.689973
3992		0.688005
3993		0.687951
3994		0.687566
3995		0.668573
3996		0.667404
3997		0.667037
3998		0.662851
3999		0.663951
4000		0.661736
4001		0.637975
4002		0.639768
4003		0.643171
4004		0.642839
4005		0.645725
4006		0.657245
4007		0.658603
4008		0.658472
4009		0.66201
4010		0.66434
4011		0.665648
4012		0.663897
4013		0.663029
4014		0.66365
4015		0.666034
4016		0.667199
4017		0.667446
4018		0.666134
4019		0.666327
4020		0.631169
4021		0.629842
4022		0.628951
4023		0.628511
4024		0.635289
4025		0.633681
4026		0.631088
4027		0.635721
4028		0.638943
4029		0.645521
4030		0.645768
4031		0.650073
4032		0.645868
4033		0.645409
4034		0.654456
4035		0.650961
4036		0.648171
4037		0.651412
4038		0.656944
4039		0.667068
4040		0.669406
4041		0.670231
4042		0.663584
4043		0.6612
4044		0.659441
4045		0.614321
4046		0.611316
4047		0.610293
4048		0.615397
4049		0.621223
4050		0.616481
4051		0.620367
4052		0.626975
4053		0.623171
4054		0.621547
4055		0.629437
4056		0.639363
4057		0.639896
4058		0.628515
4059		0.62409
4060		0.632022
4061		0.628966
4062		0.635926
4063		0.636813
4064		0.642353
4065		0.641381
4066		0.646902
4067		0.636925
4068		0.640486
4069		0.635694
4070		0.657901
4071		0.657384
4072		0.660436
4073		0.670367
4074		0.6676
4075		0.663032
4076		0.67201
4077		0.670552
4078		0.667056
4079		0.659001
4080		0.665764
4081		0.663673
4082		0.666022
4083		0.670968
4084		0.671177
4085		0.671219
4086		0.672427
4087		0.673287
4088		0.67669
4089		0.676559
4090		0.677018
4091		0.674032
4092		0.677253
4093		0.674792
4094		0.676354
4095		0.654471
4096		0.656161
4097		0.6539
4098		0.655637
4099		0.658395
4100		0.662095
4101		0.666551
4102		0.660818
4103		0.663518
4104		0.665008
4105		0.660525
4106		0.668916
4107		0.666709
4108		0.666968
4109		0.656979
4110		0.658341
4111		0.662272
4112		0.664576
4113		0.667419
4114		0.670706
4115		0.665806
4116		0.668565
4117		0.670185
4118		0.669109
4119		0.672589
4120		0.680868
4121		0.682631
4122		0.685544
4123		0.681844
4124		0.686725
4125		0.684711
4126		0.685015
4127		0.684606
4128		0.684379
4129		0.683206
4130		0.682454
4131		0.680413
4132		0.683576
4133		0.68385
4134		0.689796
4135		0.689722
4136		0.690397
4137		0.68865
4138		0.682284
4139		0.684595
4140		0.680779
4141		0.683673
4142		0.682122
4143		0.68473
4144		0.68299
4145		0.618785
4146		0.621142
4147		0.619784
4148		0.620633
4149		0.62586
4150		0.625556
4151		0.626127
4152		0.626628
4153		0.635868
4154		0.631204
4155		0.630606
4156		0.637319
4157		0.637785
4158		0.64287
4159		0.651717
4160		0.656458
4161		0.653083
4162		0.659128
4163		0.662701
4164		0.662855
4165		0.661177
4166		0.666188
4167		0.665297
4168		0.667288
4169		0.669306
4170		0.657554
4171		0.661736
4172		0.662037
4173		0.655687
4174		0.658731
4175		0.675259
4176		0.674082
4177		0.67196
4178		0.677419
4179		0.67735
4180		0.681489
4181		0.691659
4182		0.691339
4183		0.69691
4184		0.699016
4185		0.695397
4186		0.692793
4187		0.693897
4188		0.69265
4189		0.696277
4190		0.699857
4191		0.702596
4192		0.708457
4193		0.703476
4194		0.70826
4195		0.69571
4196		0.694506
4197		0.696705
4198		0.697531
4199		0.701238
4200		0.699903
4201		0.710737
4202		0.706181
4203		0.708816
4204		0.706825
4205		0.706717
4206		0.712789
4207		0.714194
4208		0.718916
4209		0.716979
4210		0.721153
4211		0.723981
4212		0.716752
4213		0.719113
4214		0.723144
4215		0.721825
4216		0.721204
4217		0.723349
4218		0.721265
4219		0.720833
4220		0.684726
4221		0.684363
4222		0.681979
4223		0.687238
4224		0.687033
4225		0.675721
4226		0.677072
4227		0.67147
4228		0.677338
4229		0.680475
4230		0.679124
4231		0.681084
4232		0.675081
4233		0.676532
4234		0.685174
4235		0.691427
4236		0.692477
4237		0.693445
4238		0.687361
4239		0.686979
4240		0.649159
4241		0.640992
4242		0.652716
4243		0.640583
4244		0.619333
4245		0.614742
4246		0.620366
4247		0.616663
4248		0.609946
4249		0.604024
4250		0.610042
4251		0.572473
4252		0.577187
4253		0.575
4254		0.576262
4255		0.552739
4256		0.553962
4257		0.552118
4258		0.551103
4259		0.548071
4260		0.549622
4261		0.549182
4262		0.547438
4263		0.538167
4264		0.539676
4265		0.542978
4266		0.543985
4267		0.553511
4268		0.556979
4269		0.559506
4270		0.549977
4271		0.568225
4272		0.573414
4273		0.58162
4274		0.589938
4275		0.590922
4276		0.594333
4277		0.593395
4278		0.593688
4279		0.590637
4280		0.592589
4281		0.598569
4282		0.602562
4283		0.608322
4284		0.60549
4285		0.612481
4286		0.616354
4287		0.624969
4288		0.630467
4289		0.638121
4290		0.63647
4291		0.642998
4292		0.657762
4293		0.646474
4294		0.644352
4295		0.649263
4296		0.650177
4297		0.652697
4298		0.664012
4299		0.664475
4300		0.676165
4301		0.667056
4302		0.662423
4303		0.656686
4304		0.657218
4305		0.653152
4306		0.654965
4307		0.652103
4308		0.654101
4309		0.656825
4310		0.661597
4311		0.659676
4312		0.668194
4313		0.667566
4314		0.672218
4315		0.66863
4316		0.674244
4317		0.674491
4318		0.661709
4319		0.662674
4320		0.641925
4321		0.644525
4322		0.649965
4323		0.643623
4324		0.640548
4325		0.634298
4326		0.630413
4327		0.636547
4328		0.627461
4329		0.62554
4330		0.618387
4331		0.614954
4332		0.618133
4333		0.61686
4334		0.613939
4335		0.615201
4336		0.607458
4337		0.601269
4338		0.600887
4339		0.598623
4340		0.597677
4341		0.605968
4342		0.608738
4343		0.611701
4344		0.614622
4345		0.601516
4346		0.607982
4347		0.6139
4348		0.628052
4349		0.629194
4350		0.629356
4351		0.634005
4352		0.635803
4353		0.631184
4354		0.634043
4355		0.636497
4356		0.63265
4357		0.632018
4358		0.626906
4359		0.624433
4360		0.626134
4361		0.626312
4362		0.628789
4363		0.623399
4364		0.624151
4365		0.621794
4366		0.621624
4367		0.620613
4368		0.617164
4369		0.623989
4370		0.630355
4371		0.627481
4372		0.635096
4373		0.638843
4374		0.634846
4375		0.636929
4376		0.636196
4377		0.632214
4378		0.634483
4379		0.630054
4380		0.631516
4381		0.632469
4382		0.628576
4383		0.626709
4384		0.63267
4385		0.630405
4386		0.633353
4387		0.635814
4388		0.628299
4389		0.626589
4390		0.623025
4391		0.626173
4392		0.623233
4393		0.617724
4394		0.603873
4395		0.602473
4396		0.598322
4397		0.584742
4398		0.578329
4399		0.570787
4400		0.556844
4401		0.55738
4402		0.552978
4403		0.543924
4404		0.542461
4405		0.545177
4406		0.539182
4407		0.536231
4408		0.536362
4409		0.538461
4410		0.536543
4411		0.534684
4412		0.530289
4413		0.526165
4414		0.531871
4415		0.533819
4416		0.530741
4417		0.526887
4418		0.518812
4419		0.519568
4420		0.507867
4421		0.509198
4422		0.506258
4423		0.515177
4424		0.513059
4425		0.511941
4426		0.517704
4427		0.52044
4428		0.522562
4429		0.534178
4430		0.536952
4431		0.540725
4432		0.54745
4433		0.549549
4434		0.552913
4435		0.552415
4436		0.551269
4437		0.552543
4438		0.547928
4439		0.545386
4440		0.54765
4441		0.552172
4442		0.554093
4443		0.549834
4444		0.552712
4445		0.567442
4446		0.57348
4447		0.573916
4448		0.574298
4449		0.572762
4450		0.578098
4451		0.583121
4452		0.590355
4453		0.58966
4454		0.598823
4455		0.597924
4456		0.604931
4457		0.60934
4458		0.615652
4459		0.618592
4460		0.622836
4461		0.623144
4462		0.627295
4463		0.631971
4464		0.629198
4465		0.629298
4466		0.627137
4467		0.623002
4468		0.622269
4469		0.622137
4470		0.592855
4471		0.592114
4472		0.591613
4473		0.593615
4474		0.595486
4475		0.597759
4476		0.585108
4477		0.58811
4478		0.586925
4479		0.586373
4480		0.582052
4481		0.580552
4482		0.575166
4483		0.568735
4484		0.564097
4485		0.560914
4486		0.549047
4487		0.539946
4488		0.531975
4489		0.524919
4490		0.515131
4491		0.517863
4492		0.508094
4493		0.497728
4494		0.491512
4495		0.484421
4496		0.476964
4497		0.479066
4498		0.481238
4499		0.479537
4500		0.477785
4501		0.467118
4502		0.468044
4503		0.474093
4504		0.48284
4505		0.489097
4506		0.488615
4507		0.496308
4508		0.493214
4509		0.493453
4510		0.493881
4511		0.495096
4512		0.491424
4513		0.495096
4514		0.491971
4515		0.491551
4516		0.490274
4517		0.492901
4518		0.486898
4519		0.480799
4520		0.447562
4521		0.457917
4522		0.459938
4523		0.456393
4524		0.459688
4525		0.471655
4526		0.463052
4527		0.470845
4528		0.474475
4529		0.484931
4530		0.501092
4531		0.495992
4532		0.50098
4533		0.494151
4534		0.48814
4535		0.484742
4536		0.483275
4537		0.473719
4538		0.470965
4539		0.476644
4540		0.471833
4541		0.475386
4542		0.477458
4543		0.484201
4544		0.474221
4545		0.4637
4546		0.464078
4547		0.46809
4548		0.470914
4549		0.469745
4550		0.468981
4551		0.464726
4552		0.464568
4553		0.467006
4554		0.475143
4555		0.484618
4556		0.482573
4557		0.485386
4558		0.455818
4559		0.454753
4560		0.450629
4561		0.452107
4562		0.449931
4563		0.444456
4564		0.45956
4565		0.452928
4566		0.454587
4567		0.450301
4568		0.453954
4569		0.453461
4570		0.441717
4571		0.426038
4572		0.435988
4573		0.446057
4574		0.452843
4575		0.455498
4576		0.463156
4577		0.454946
4578		0.458171
4579		0.453696
4580		0.45532
4581		0.450965
4582		0.455262
4583		0.457083
4584		0.459803
4585		0.456096
4586		0.453931
4587		0.453762
4588		0.446366
4589		0.451817
4590		0.456254
4591		0.461655
4592		0.472816
4593		0.481142
4594		0.48125
4595		0.448654
4596		0.451227
4597		0.458603
4598		0.463113
4599		0.453924
4600		0.456948
4601		0.452801
4602		0.453063
4603		0.446358
4604		0.446929
4605		0.451462
4606		0.438468
4607		0.434159
4608		0.437454
4609		0.438808
4610		0.439248
4611		0.437724
4612		0.430382
4613		0.421443
4614		0.416794
4615		0.414518
4616		0.413164
4617		0.413538
4618		0.414722
4619		0.403302
4620		0.387334
4621		0.384309
4622		0.388742
4623		0.390957
4624		0.374155
4625		0.367353
4626		0.360756
4627		0.362242
4628		0.353372
4629		0.347596
4630		0.346636
4631		0.34831
4632		0.349294
4633		0.353175
4634		0.345309
4635		0.34022
4636		0.34022
4637		0.338183
4638		0.341281
4639		0.344356
4640		0.354792
4641		0.353893
4642		0.346069
4643		0.355019
4644		0.353769
4645		0.357195
4646		0.36245
4647		0.366798
4648		0.369082
4649		0.37642
4650		0.377716
4651		0.387427
4652		0.397832
4653		0.397485
4654		0.399992
4655		0.412959
4656		0.411698
4657		0.418839
4658		0.423688
4659		0.420093
4660		0.403669
4661		0.40071
4662		0.400579
4663		0.410262
4664		0.403939
4665		0.402878
4666		0.396968
4667		0.397593
4668		0.399637
4669		0.395413
4670		0.394109
4671		0.392782
4672		0.375706
4673		0.369024
4674		0.368588
4675		0.365243
4676		0.356146
4677		0.353908
4678		0.34963
4679		0.343862
4680		0.337388
4681		0.323372
4682		0.321238
4683		0.320849
4684		0.317415
4685		0.312392
4686		0.305637
4687		0.315247
4688		0.321906
4689		0.322627
4690		0.321844
4691		0.319109
4692		0.319483
4693		0.310216
4694		0.309525
4695		0.297145
4696		0.298584
4697		0.292215
4698		0.295077
4699		0.299356
4700		0.308063
4701		0.304113
4702		0.311424
4703		0.309915
4704		0.306366
4705		0.31858
4706		0.320841
4707		0.324255
4708		0.326844
4709		0.331636
4710		0.33745
4711		0.344954
4712		0.343268
4713		0.34841
4714		0.356177
4715		0.362978
4716		0.364333
4717		0.369136
4718		0.376096
4719		0.375664
4720		0.383623
4721		0.376813
4722		0.36512
4723		0.371323
4724		0.37272
4725		0.37216
4726		0.359861
4727		0.368144
4728		0.369221
4729		0.372091
4730		0.3612
4731		0.356489
4732		0.3575
4733		0.355656
4734		0.352697
4735		0.353252
4736		0.353345
4737		0.356011
4738		0.353241
4739		0.342654
4740		0.345768
4741		0.338769
4742		0.339414
4743		0.34012
4744		0.333916
4745		0.317103
4746		0.318453
4747		0.308264
4748		0.308607
4749		0.306447
4750		0.298268
4751		0.27108
4752		0.275721
4753		0.280988
4754		0.271798
4755		0.269606
4756		0.257442
4757		0.240937
4758		0.233823
4759		0.222693
4760		0.213206
4761		0.209506
4762		0.199722
4763		0.190733
4764		0.186493
4765		0.177832
4766		0.168029
4767		0.165617
4768		0.163437
4769		0.164695
4770		0.157018
4771		0.149178
4772		0.153175
4773		0.156362
4774		0.148912
4775		0.13402
4776		0.132658
4777		0.122377
4778		0.111686
4779		0.112222
4780		0.108889
4781		0.102164
4782		0.102095
4783		0.0924228
4784		0.0843133
4785		0.0792168
4786		0.0721451
4787		0.0691088
4788		0.0640509
4789		0.0565316
4790		0.0507099
4791		0.0464583
4792		0.0415201
4793		0.0344676
4794		0.0329784
4795		0.0275386
4796		0.0247145
4797		0.0220139
4798		0.0192824
4799		0.0176466
4800		0.0174151
4801		0.012716
4802		0.0100231
4803		0.00799383
4804		0.00619599
4805		0.00452161
4806		0.00484568
4807		0.00515432
4808		0.00564043
4809		0.00561728
4810		0.00615741
4811		0.00627315
4812		0.00643519
4813		0.00647377
4814		0.00559414
4815		0.00574846
4816		0.00594522
4817		0.00716049
4818		0.00559414
4819		0.00564043
4820		0.00560957
4821		0.00637346
4822		0.00632716
4823		0.00714506
4824		0.00864198
4825		0.0075
4826		0.00802469
4827		0.00736883
4828		0.00741512
4829		0.00709877
4830		0.0071142
4831		0.00708333
4832		0.0068287
4833		0.00680556
4834		0.0126698
4835		0.0129244
4836		0.0129938
4837		0.0139352
4838		0.0134992
4839		0.0143596
4840		0.0147299
4841		0.0146219
4842		0.0150617
4843		0.015571
4844		0.0156713
4845		0.016088
4846		0.016196
4847		0.0155401
4848		0.0160648
4849		0.0162809
4850		0.0155401
4851		0.0155478
4852		0.016142
4853		0.0171373
4854		0.016196
4855		0.0164815
4856		0.0166512
4857		0.0163889
4858		0.0161034
4859		0.0123225
4860		0.0130864
4861		0.0128009
4862		0.011929
4863		0.0124923
4864		0.0117593
4865		0.0119059
4866		0.0117438
4867		0.0105401
4868		0.0115895
4869		0.0110802
4870		0.0110262
4871		0.00996914
4872		0.00873457
4873		0.00991512
4874		0.00936728
4875		0.010216
4876		0.0125
4877		0.0121373
4878		0.0128086
4879		0.0113889
4880		0.0112809
4881		0.0109954
4882		0.0117593
4883		0.0132716
4884		0.0158565
4885		0.0151466
4886		0.0149074
4887		0.0154244
4888		0.0152006
4889		0.0154012
4890		0.016713
4891		0.0152855
4892		0.0166435
4893		0.0157099
4894		0.0162809
4895		0.0160185
4896		0.0168827
4897		0.0166127
4898		0.0162886
4899		0.0179707
4900		0.0184568
4901		0.0189738
4902		0.0211111
4903		0.0215123
4904		0.0214043
4905		0.0214583
4906		0.0202932
4907		0.0197994
4908		0.0184877
4909		0.0159877
4910		0.0157948
4911		0.0125463
4912		0.0105556
4913		0.00996142
4914		0.00834876
4915		0.00746914
4916		0.00871914
4917		0.0157948
4918		0.0213194
4919		0.0266281
4920		0.0345293
4921		0.0371142
4922		0.0388503
4923		0.0410262
4924		0.0439429
4925		0.045679
4926		0.0547377
4927		0.0645216
4928		0.0683719
4929		0.0798765
4930		0.0892438
4931		0.0935417
4932		0.0987114
4933		0.097392
4934		0.093858
4935		0.0972261
4936		0.0980633
4937		0.0994599
4938		0.101424
4939		0.102793
4940		0.103654
4941		0.106443
4942		0.108102
4943		0.107639
4944		0.108044
4945		0.107311
4946		0.110502
4947		0.11064
4948		0.110733
4949		0.108627
4950		0.113017
4951		0.111211
4952		0.110355
4953		0.10456
4954		0.103349
4955		0.10348
4956		0.102755
4957		0.0956597
4958		0.0957253
4959		0.0837269
4960		0.089537
4961		0.0877855
4962		0.0814969
4963		0.0747299
4964		0.0768133
4965		0.0711343
4966		0.0683719
4967		0.0712963
4968		0.0669059
4969		0.0683565
4970		0.063642
4971		0.063206
4972		0.0537577
4973		0.0580247
4974		0.0581867
4975		0.0640278
4976		0.0662809
4977		0.0675347
4978		0.0636806
4979		0.0646991
4980		0.0575231
4981		0.0558796
4982		0.0577739
4983		0.0587731
4984		0.052909
4985		0.0499691
4986		0.0515895
4987		0.0520988
4988		0.0504244
4989		0.0521798
4990		0.0575926
4991		0.0549537
4992		0.0541975
4993		0.0590355
4994		0.0584799
4995		0.0572299
4996		0.0630478
4997		0.0657986
4998		0.0677778
4999		0.0702662
5000		0.0726003
5001		0.0712269
5002		0.0680401
5003		0.067284
5004		0.0674537
5005		0.0709529
5006		0.0733333
5007		0.0781327
5008		0.0837037
5009		0.0684877
5010		0.0644907
5011		0.0621451
5012		0.0616705
5013		0.0574614
5014		0.0541898
5015		0.0485841
5016		0.0397222
5017		0.0387809
5018		0.0417978
5019		0.0437037
5020		0.0457716
5021		0.0453395
5022		0.0415239
5023		0.0373534
5024		0.0396142
5025		0.0365741
5026		0.0369676
5027		0.0344059
5028		0.0303549
5029		0.0276543
5030		0.0262963
5031		0.0227778
5032		0.0209105
5033		0.0180015
5034		0.017608
5035		0.0151312
5036		0.0155787
5037		0.0169753
5038		0.0167824
5039		0.015625
5040		0.0147994
5041		0.0155247
5042		0.0166512
5043		0.0164738
5044		0.0222068
5045		0.0234182
5046		0.0296142
5047		0.0358951
5048		0.039213
5049		0.0454089
5050		0.059267
5051		0.0663657
5052		0.0825077
5053		0.0943287
5054		0.101381
5055		0.112284
5056		0.124877
5057		0.128974
5058		0.142963
5059		0.149375
5060		0.154738
5061		0.1701
5062		0.177122
5063		0.181181
5064		0.193843
5065		0.204487
5066		0.209344
5067		0.223476
5068		0.229961
5069		0.237176
5070		0.246651
5071		0.260397
5072		0.262488
5073		0.267018
5074		0.270285
5075		0.271852
5076		0.282824
5077		0.284545
5078		0.287681
5079		0.296829
5080		0.287724
5081		0.288804
5082		0.280826
5083		0.284329
5084		0.299298
5085		0.294537
5086		0.286497
5087		0.287639
5088		0.282006
5089		0.271011
5090		0.269205
5091		0.263515
5092		0.255826
5093		0.25488
5094		0.254205
5095		0.247843
5096		0.247643
5097		0.243557
5098		0.239514
5099		0.238256
5100		0.232724
5101		0.229221
5102		0.224838
5103		0.218233
5104		0.208206
5105		0.205841
5106		0.199552
5107		0.18794
5108		0.180513
5109		0.181134
5110		0.166335
5111		0.162245
5112		0.14885
5113		0.137176
5114		0.133426
5115		0.122647
5116		0.109059
5117		0.104761
5118		0.0946528
5119		0.0845911
5120		0.0820448
5121		0.0714815
5122		0.0571065
5123		0.0515432
5124		0.0460494
5125		0.0393557
5126		0.0323225
5127		0.0258565
5128		0.0219522
5129		0.0186034
5130		0.0145988
5131		0.00882716
5132		0.00535494
5133		0.0041821
5134		0.00322531
5135		0.0026929
5136		0.000864198
5137		0.000864198
5138		0.000864198
5139		0.000841049
5140		0.000864198
5141		0.000864198
5142		0.000864198
5143		0.000864198
5144		0.00191358
5145		0.00191358
5146		0.00148148
5147		0.0012963
5148		0.0012963
5149		0.0012963
5150		0.00243827
5151		0.00191358
5152		0.00148148
5153		0.00296296
5154		0.00296296
5155		0.00191358
5156		0.00191358
5157		0.00191358
5158		0.00296296
5159		0.00399691
5160		0.00365741
5161		0.00155864
5162		0.00155864
5163		0.00256173
5164		0.00351852
5165		0.00237654
5166		0.00361111
5167		0.00151235
5168		0.00151235
5169		0.00203704
5170		0.00237654
5171		0.00183642
5172		0.00226852
5173		0.00087963
5174		0.00101852
5175		0.00236111
5176		0.00174383
5177		0.00174383
5178		0.00132716
5179		0.00132716
5180		0.00132716
5181		0.00132716
5182		0.00132716
5183		0.00132716
5184		0.0016821
5185		0.00186728
5186		0.00229938
5187		0.00125
5188		0.00155864
5189		0.00260802
5190		0.000709877
5191		0.00114198
5192		0.000432099
5193		0.00296296
5194		0.00296296
5195		0.00296296
5196		0.00296296
5197		0.00296296
5198		0.00191358
5199		0.00191358
5200		0.00191358
5201		0.00191358
5202		0.00095679
5203		0.000864198
5204		0.000864198
5205		0.000864198
5206		0.00095679
5207		0.000864198
5208		0.000864198
5209		0.00243827
5210		0.000864198
5211		0.000864198
5212		0.000864198
5213		0.000864198
5214		0.000864198
5215		0.000432099
5216		0.00104938
5217		0.00104938
5218		0.00104938
5219		0.00209877
5220		0.0020216
5221		0.00160494
5222		0.00160494
5223		0.00160494
5224		0.00146605
5225		0.00146605
5226		0.00146605
5227		0.00146605
5228		0.00146605
5229		0.00251543
5230		0.00251543
5231		0.00209877
5232		0.00209877
5233		0.00314815
5234		0.00209877
5235		0.00157407
5236		0.00209877
5237		0.000524691
5238		0.00104938
5239		0.0013966
5240		0
5241		0.00104938
5242		0.00104938
5243		0.00104938
5244		0.00104938
5245		0.00146605
5246		0.00104938
5247		0.00146605
5248		0.00104938
5249		0.00199074
5250		0.00209877
5251		0.00121914
5252		0.00226852
5253		0.00226852
5254		0.00146605
5255		0.00146605
5256		0.00104938
5257		0.0064892
5258		0.0126775
5259		0.0174537
5260		0.0249537
5261		0.0327006
5262		0.0359645
5263		0.041358
5264		0.0457716
5265		0.0461111
5266		0.0473804
5267		0.0506559
5268		0.0516358
5269		0.053642
5270		0.0558256
5271		0.0569367
5272		0.0564506
5273		0.056983
5274		0.0599923
5275		0.0620911
5276		0.0618904
5277		0.0595216
5278		0.058287
5279		0.057662
5280		0.057311
5281		0.0583951
5282		0.0601312
5283		0.0597299
5284		0.0591435
5285		0.0635571
5286		0.0649074
5287		0.0677392
5288		0.0725
5289		0.075841
5290		0.079321
5291		0.084267
5292		0.0902469
5293		0.0955247
5294		0.102897
5295		0.107091
5296		0.114147
5297		0.117353
5298		0.120046
5299		0.120355
5300		0.124552
5301		0.125023
5302		0.131011
5303		0.132076
5304		0.132523
5305		0.132076
5306		0.133785
5307		0.133291
5308		0.132978
5309		0.137546
5310		0.134738
5311		0.134217
5312		0.137635
5313		0.138854
5314		0.137176
5315		0.137978
5316		0.139198
5317		0.135725
5318		0.135648
5319		0.13598
5320		0.138295
5321		0.130093
5322		0.12939
5323		0.129811
5324		0.130737
5325		0.129529
5326		0.128866
5327		0.126987
5328		0.128796
5329		0.129877
5330		0.130224
5331		0.129174
5332		0.129147
5333		0.133032
5334		0.133719
5335		0.13691
5336		0.135972
5337		0.137334
5338		0.142357
5339		0.144232
5340		0.145621
5341		0.147369
5342		0.14564
5343		0.146335
5344		0.147029
5345		0.140278
5346		0.143457
5347		0.150802
5348		0.151196
5349		0.146759
5350		0.148349
5351		0.154707
5352		0.159491
5353		0.164097
5354		0.167558
5355		0.169097
5356		0.175077
5357		0.178175
5358		0.179136
5359		0.184742
5360		0.193588
5361		0.193187
5362		0.196836
5363		0.199375
5364		0.200644
5365		0.202631
5366		0.204174
5367		0.202801
5368		0.204672
5369		0.202199
5370		0.19358
5371		0.194383
5372		0.191659
5373		0.196674
5374		0.201177
5375		0.202867
5376		0.206786
5377		0.203978
5378		0.207828
5379		0.205687
5380		0.204433
5381		0.207639
5382		0.208642
5383		0.206863
5384		0.211728
5385		0.215278
5386		0.221991
5387		0.229661
5388		0.228931
5389		0.234302
5390		0.237388
5391		0.236204
5392		0.244394
5393		0.244653
5394		0.242836
5395		0.248808
5396		0.247218
5397		0.242492
5398		0.245876
5399		0.24186
5400		0.239182
5401		0.235748
5402		0.225386
5403		0.228102
5404		0.22765
5405		0.226771
5406		0.229367
5407		0.228526
5408		0.228152
5409		0.227631
5410		0.2264
5411		0.226366
5412		0.229981
5413		0.230988
5414		0.225467
5415		0.227415
5416		0.233569
5417		0.233881
5418		0.235066
5419		0.241821
5420		0.214649
5421		0.218283
5422		0.220602
5423		0.227924
5424		0.227832
5425		0.233461
5426		0.231246
5427		0.232122
5428		0.239525
5429		0.2451
5430		0.249151
5431		0.255424
5432		0.26782
5433		0.273017
5434		0.279741
5435		0.287477
5436		0.288927
5437		0.295158
5438		0.303036
5439		0.306443
5440		0.314741
5441		0.320872
5442		0.322647
5443		0.333997
5444		0.33733
5445		0.342986
5446		0.346844
5447		0.357126
5448		0.356096
5449		0.358704
5450		0.361435
5451		0.359961
5452		0.358688
5453		0.35875
5454		0.360772
5455		0.363059
5456		0.362261
5457		0.358997
5458		0.360285
5459		0.364506
5460		0.361794
5461		0.36348
5462		0.360397
5463		0.361146
5464		0.356925
5465		0.35662
5466		0.355378
5467		0.349626
5468		0.352434
5469		0.351532
5470		0.373414
5471		0.370613
5472		0.370201
5473		0.370498
5474		0.370293
5475		0.367299
5476		0.369491
5477		0.367878
5478		0.370367
5479		0.375718
5480		0.381829
5481		0.384317
5482		0.394807
5483		0.402782
5484		0.404414
5485		0.413542
5486		0.417832
5487		0.416686
5488		0.424518
5489		0.43137
5490		0.431944
5491		0.43429
5492		0.441065
5493		0.442176
5494		0.443287
5495		0.436219
5496		0.435208
5497		0.434371
5498		0.438858
5499		0.441327
5500		0.440409
5501		0.436042
5502		0.438492
5503		0.44218
5504		0.444591
5505		0.444749
5506		0.448349
5507		0.449236
5508		0.45012
5509		0.451146
5510		0.454518
5511		0.457593
5512		0.458002
5513		0.454429
5514		0.457975
5515		0.457423
5516		0.458106
5517		0.457932
5518		0.458376
5519		0.458021
5520		0.474078
5521		0.472616
5522		0.476574
5523		0.476767
5524		0.481181
5525		0.487018
5526		0.486439
5527		0.488947
5528		0.494907
5529		0.496377
5530		0.501458
5531		0.50392
5532		0.506536
5533		0.51213
5534		0.514537
5535		0.519537
5536		0.526292
5537		0.526165
5538		0.527755
5539		0.531678
5540		0.536154
5541		0.540062
5542		0.541547
5543		0.544155
5544		0.542064
5545		0.539101
5546		0.541902
5547		0.541975
5548		0.542087
5549		0.544437
5550		0.544556
5551		0.544194
5552		0.548059
5553		0.547504
5554		0.551323
5555		0.554363
5556		0.555274
5557		0.558553
5558		0.562712
5559		0.560918
5560		0.559664
5561		0.559823
5562		0.559302
5563		0.565567
5564		0.57326
5565		0.576678
5566		0.576948
5567		0.578083
5568		0.583221
5569		0.58468
5570		0.579078
5571		0.580629
5572		0.582627
5573		0.590467
5574		0.59289
5575		0.59789
5576		0.596458
5577		0.596265
5578		0.597346
5579		0.602778
5580		0.605343
5581		0.605532
5582		0.606416
5583		0.607238
5584		0.61005
5585		0.6114
5586		0.615536
5587		0.616975
5588		0.618202
5589		0.620783
5590		0.615721
5591		0.619799
5592		0.617612
5593		0.620984
5594		0.617805
5595		0.611015
5596		0.613075
5597		0.614302
5598		0.612103
5599		0.609317
5600		0.611011
5601		0.612627
5602		0.615382
5603		0.610606
5604		0.615004
5605		0.617805
5606		0.62191
5607		0.620258
5608		0.624286
5609		0.628615
5610		0.626771
5611		0.627118
5612		0.629248
5613		0.629772
5614		0.62787
5615		0.62755
5616		0.628846
5617		0.629811
5618		0.628885
5619		0.630286
5620		0.631034
5621		0.631427
5622		0.631119
5623		0.631995
5624		0.626964
5625		0.631632
5626		0.63309
5627		0.632755
5628		0.637353
5629		0.637438
5630		0.640729
5631		0.636671
5632		0.640637
5633		0.637211
5634		0.641115
5635		0.638252
5636		0.63836
5637		0.640239
5638		0.642315
5639		0.641026
5640		0.640656
5641		0.641084
5642		0.638102
5643		0.64316
5644		0.644267
5645		0.67446
5646		0.675802
5647		0.676231
5648		0.677323
5649		0.675899
5650		0.675864
5651		0.675062
5652		0.674853
5653		0.673858
5654		0.674101
5655		0.67544
5656		0.676211
5657		0.671971
5658		0.676697
5659		0.674232
5660		0.67375
5661		0.67365
5662		0.675189
5663		0.67613
5664		0.67686
5665		0.676906
5666		0.679302
5667		0.677045
5668		0.679302
5669		0.677855
5670		0.674811
5671		0.672353
5672		0.675486
5673		0.674838
5674		0.676759
5675		0.67934
5676		0.676929
5677		0.673704
5678		0.676532
5679		0.673723
5680		0.67826
5681		0.677759
5682		0.678333
5683		0.676586
5684		0.679425
5685		0.682716
5686		0.679765
5687		0.680895
5688		0.678376
5689		0.679487
5690		0.685968
5691		0.682894
5692		0.680501
5693		0.680505
5694		0.687446
5695		0.674344
5696		0.675108
5697		0.676196
5698		0.672863
5699		0.675444
5700		0.676887
5701		0.677095
5702		0.683819
5703		0.684911
5704		0.690015
5705		0.69512
5706		0.698781
5707		0.697377
5708		0.698588
5709		0.701092
5710		0.701836
5711		0.722176
5712		0.725849
5713		0.728148
5714		0.732982
5715		0.730289
5716		0.734707
5717		0.739109
5718		0.743086
5719		0.743318
5720		0.768897
5721		0.769468
5722		0.771435
5723		0.770289
5724		0.764703
5725		0.770799
5726		0.768499
5727		0.767743
5728		0.772226
5729		0.768843
5730		0.770988
5731		0.773966
5732		0.777951
5733		0.779028
5734		0.777836
5735		0.780274
5736		0.777276
5737		0.781887
