The video is over!
Frame Number 	Queue Density
1		0.074429
2		0.0791435
3		0.0815432
4		0.0875154
5		0.0909954
6		0.0918596
7		0.0976929
8		0.100656
9		0.0990895
10		0.101211
11		0.10088
12		0.102674
13		0.103256
14		0.105957
15		0.107284
16		0.107932
17		0.10858
18		0.109583
19		0.111327
20		0.113441
21		0.113488
22		0.115463
23		0.117778
24		0.120741
25		0.122269
26		0.125139
27		0.126975
28		0.127793
29		0.13017
30		0.130602
31		0.131667
32		0.133256
33		0.134244
34		0.134815
35		0.135231
36		0.135355
37		0.136589
38		0.138287
39		0.138086
40		0.138519
41		0.13838
42		0.138781
43		0.138611
44		0.139475
45		0.138102
46		0.139892
47		0.138164
48		0.135648
49		0.141157
50		0.141559
51		0.142762
52		0.145988
53		0.148765
54		0.150046
55		0.153642
56		0.15642
57		0.157901
58		0.161636
59		0.162546
60		0.163974
61		0.165995
62		0.162701
63		0.163542
64		0.162091
65		0.161512
66		0.16071
67		0.160309
68		0.161397
69		0.161536
70		0.161204
71		0.163372
72		0.165448
73		0.163611
74		0.168341
75		0.169383
76		0.168603
77		0.167832
78		0.169522
79		0.172384
80		0.174853
81		0.175625
82		0.177523
83		0.184005
84		0.185702
85		0.189352
86		0.195116
87		0.198179
88		0.202137
89		0.208534
90		0.210826
91		0.215664
92		0.216435
93		0.218565
94		0.217731
95		0.213642
96		0.216319
97		0.220108
98		0.219799
99		0.219174
100		0.218989
101		0.214198
102		0.214823
103		0.212801
104		0.211705
105		0.210201
106		0.209653
107		0.212307
108		0.214668
109		0.216667
110		0.221968
111		0.221836
112		0.224722
113		0.227546
114		0.228333
115		0.23287
116		0.237423
117		0.238071
118		0.241026
119		0.242569
120		0.242785
121		0.245918
122		0.242693
123		0.24441
124		0.2474
125		0.247338
126		0.248326
127		0.246767
128		0.248025
129		0.249259
130		0.251466
131		0.253179
132		0.254244
133		0.254853
134		0.255255
135		0.2574
136		0.257971
137		0.260718
138		0.25983
139		0.259676
140		0.261574
141		0.262878
142		0.260316
143		0.260826
144		0.262739
145		0.252747
146		0.254946
147		0.256767
148		0.25615
149		0.253233
150		0.253642
151		0.253333
152		0.252897
153		0.254583
154		0.254151
155		0.254765
156		0.25358
157		0.251046
158		0.247593
159		0.246925
160		0.245664
161		0.24429
162		0.245521
163		0.246296
164		0.245108
165		0.244151
166		0.243565
167		0.243426
168		0.242681
169		0.24071
170		0.243164
171		0.242083
172		0.239275
173		0.239178
174		0.238086
175		0.237562
176		0.237593
177		0.236651
178		0.236867
179		0.23588
180		0.235571
181		0.236481
182		0.23537
183		0.236636
184		0.23429
185		0.23429
186		0.233704
187		0.23338
188		0.233395
189		0.233565
190		0.235116
191		0.234433
192		0.23409
193		0.233831
194		0.234834
195		0.241713
196		0.242392
197		0.242095
198		0.243634
199		0.241451
200		0.241219
201		0.240988
202		0.24135
203		0.241227
204		0.241412
205		0.241026
206		0.241381
207		0.240748
208		0.240162
209		0.240039
210		0.240394
211		0.240239
212		0.239738
213		0.23799
214		0.238746
215		0.239699
216		0.240617
217		0.240602
218		0.241034
219		0.240961
220		0.230826
221		0.230058
222		0.230964
223		0.23169
224		0.2326
225		0.232353
226		0.232847
227		0.235285
228		0.233789
229		0.232909
230		0.234371
231		0.233881
232		0.234734
233		0.235671
234		0.234255
235		0.235637
236		0.235675
237		0.235293
238		0.234796
239		0.233499
240		0.232577
241		0.230629
242		0.231481
243		0.231744
244		0.233607
245		0.232731
246		0.233052
247		0.233056
248		0.23196
249		0.233472
250		0.233025
251		0.232469
252		0.233225
253		0.231991
254		0.231219
255		0.232438
256		0.23245
257		0.23446
258		0.232176
259		0.231667
260		0.23091
261		0.231003
262		0.230509
263		0.230571
264		0.230108
265		0.230556
266		0.231049
267		0.230571
268		0.230293
269		0.230648
270		0.226991
271		0.227284
272		0.227423
273		0.227531
274		0.228843
275		0.231096
276		0.232743
277		0.235463
278		0.238765
279		0.238781
280		0.241944
281		0.244799
282		0.245926
283		0.248117
284		0.250262
285		0.251019
286		0.25233
287		0.250015
288		0.250633
289		0.248395
290		0.246806
291		0.245617
292		0.245957
293		0.244475
294		0.24409
295		0.237562
296		0.236173
297		0.235386
298		0.237419
299		0.236636
300		0.236281
301		0.236215
302		0.234259
303		0.235031
304		0.232731
305		0.231204
306		0.23299
307		0.231836
308		0.232867
309		0.232296
310		0.232758
311		0.231728
312		0.232623
313		0.231636
314		0.232222
315		0.233071
316		0.23216
317		0.230972
318		0.229352
319		0.228839
320		0.233735
321		0.232423
322		0.232438
323		0.233657
324		0.232809
325		0.233318
326		0.232253
327		0.232716
328		0.232809
329		0.233457
330		0.233565
331		0.232176
332		0.232809
333		0.232948
334		0.233225
335		0.233148
336		0.232948
337		0.233117
338		0.233287
339		0.233503
340		0.235999
341		0.236975
342		0.23767
343		0.239306
344		0.240895
345		0.235216
346		0.23652
347		0.241516
348		0.241836
349		0.240671
350		0.239406
351		0.241022
352		0.239942
353		0.239082
354		0.23838
355		0.237867
356		0.239861
357		0.240231
358		0.240938
359		0.240938
360		0.242303
361		0.242855
362		0.240984
363		0.242666
364		0.242384
365		0.243187
366		0.242033
367		0.242647
368		0.241875
369		0.242153
370		0.241026
371		0.24064
372		0.240231
373		0.241651
374		0.24233
375		0.24213
376		0.241312
377		0.242299
378		0.242801
379		0.241775
380		0.243218
381		0.241373
382		0.245799
383		0.246061
384		0.24745
385		0.249468
386		0.250586
387		0.251836
388		0.253642
389		0.255231
390		0.254877
391		0.254552
392		0.254923
393		0.257948
394		0.257824
395		0.253086
396		0.252438
397		0.255556
398		0.255756
399		0.255509
400		0.255849
401		0.256265
402		0.257099
403		0.26064
404		0.265031
405		0.267708
406		0.273156
407		0.277685
408		0.282654
409		0.288032
410		0.296728
411		0.299653
412		0.306404
413		0.311767
414		0.316782
415		0.320617
416		0.326134
417		0.328789
418		0.334452
419		0.336806
420		0.338318
421		0.346944
422		0.350394
423		0.352901
424		0.361358
425		0.367377
426		0.368395
427		0.374151
428		0.37902
429		0.382577
430		0.387446
431		0.39162
432		0.396574
433		0.400463
434		0.405694
435		0.407662
436		0.408187
437		0.411852
438		0.414522
439		0.418565
440		0.417006
441		0.416389
442		0.421983
443		0.423765
444		0.423827
445		0.418125
446		0.418603
447		0.421512
448		0.421806
449		0.425679
450		0.42706
451		0.42814
452		0.431651
453		0.433279
454		0.435386
455		0.438002
456		0.438804
457		0.440856
458		0.443989
459		0.443611
460		0.444938
461		0.444799
462		0.446512
463		0.446998
464		0.448364
465		0.4475
466		0.446235
467		0.448048
468		0.446343
469		0.449429
470		0.455895
471		0.456335
472		0.458742
473		0.45713
474		0.457855
475		0.460525
476		0.461767
477		0.458719
478		0.461798
479		0.460525
480		0.462099
481		0.463009
482		0.463673
483		0.462809
484		0.464016
485		0.464267
486		0.464263
487		0.462288
488		0.462118
489		0.461836
490		0.462793
491		0.46287
492		0.463295
493		0.463017
494		0.46505
495		0.46375
496		0.464321
497		0.467238
498		0.467886
499		0.471605
500		0.475525
501		0.474784
502		0.480498
503		0.485031
504		0.486775
505		0.493017
506		0.497469
507		0.501566
508		0.506547
509		0.511304
510		0.51206
511		0.516566
512		0.519198
513		0.521427
514		0.52064
515		0.522492
516		0.5226
517		0.522323
518		0.525139
519		0.527573
520		0.533491
521		0.533194
522		0.537932
523		0.538383
524		0.539506
525		0.540471
526		0.539398
527		0.541559
528		0.543133
529		0.544792
530		0.544981
531		0.542886
532		0.545934
533		0.543989
534		0.544452
535		0.542577
536		0.542843
537		0.540802
538		0.542025
539		0.543519
540		0.544938
541		0.541806
542		0.546235
543		0.54733
544		0.549707
545		0.521991
546		0.524691
547		0.526007
548		0.526412
549		0.528665
550		0.526366
551		0.526451
552		0.528318
553		0.528086
554		0.528326
555		0.527091
556		0.52689
557		0.526844
558		0.527847
559		0.522029
560		0.522477
561		0.526968
562		0.52635
563		0.523758
564		0.523681
565		0.523619
566		0.523904
567		0.524884
568		0.521829
569		0.524965
570		0.526277
571		0.528993
572		0.532492
573		0.533596
574		0.536011
575		0.538681
576		0.539738
577		0.54027
578		0.541829
579		0.546119
580		0.550579
581		0.550841
582		0.55157
583		0.552994
584		0.555571
585		0.555625
586		0.558634
587		0.561512
588		0.561643
589		0.561705
590		0.562438
591		0.563256
592		0.560428
593		0.562535
594		0.564356
595		0.551227
596		0.553495
597		0.55289
598		0.556732
599		0.557604
600		0.56164
601		0.561624
602		0.562488
603		0.562739
604		0.563773
605		0.567708
606		0.565733
607		0.570162
608		0.573897
609		0.573873
610		0.573503
611		0.580262
612		0.582627
613		0.584973
614		0.590297
615		0.592859
616		0.591875
617		0.595386
618		0.595795
619		0.599591
620		0.598719
621		0.599082
622		0.602677
623		0.606258
624		0.606613
625		0.608935
626		0.609992
627		0.60956
628		0.610062
629		0.609931
630		0.609452
631		0.611674
632		0.614823
633		0.616767
634		0.615934
635		0.616327
636		0.618248
637		0.616605
638		0.614406
639		0.613881
640		0.614028
641		0.614483
642		0.61314
643		0.615417
644		0.61571
645		0.627515
646		0.628492
647		0.630316
648		0.630814
649		0.632716
650		0.632716
651		0.633071
652		0.631944
653		0.632762
654		0.634414
655		0.636481
656		0.637523
657		0.639213
658		0.64017
659		0.638881
660		0.638627
661		0.639429
662		0.640949
663		0.641111
664		0.641235
665		0.642905
666		0.641644
667		0.64277
668		0.644259
669		0.644259
670		0.624213
671		0.627114
672		0.62463
673		0.628823
674		0.629626
675		0.631142
676		0.630316
677		0.631674
678		0.634321
679		0.631505
680		0.63162
681		0.634877
682		0.635714
683		0.640031
684		0.640339
685		0.638596
686		0.640772
687		0.640216
688		0.641223
689		0.642697
690		0.640953
691		0.641705
692		0.642951
693		0.643546
694		0.644448
695		0.628549
696		0.62772
697		0.630687
698		0.632099
699		0.63287
700		0.631671
701		0.632103
702		0.631377
703		0.633673
704		0.635066
705		0.634911
706		0.636601
707		0.63728
708		0.636728
709		0.638368
710		0.636478
711		0.637832
712		0.638345
713		0.6387
714		0.638229
715		0.639348
716		0.63983
717		0.640675
718		0.641493
719		0.641937
720		0.637122
721		0.637029
722		0.6387
723		0.641736
724		0.641725
725		0.642866
726		0.643503
727		0.644468
728		0.644252
729		0.643978
730		0.644653
731		0.644035
732		0.645054
733		0.644784
734		0.646786
735		0.646586
736		0.646663
737		0.64593
738		0.646798
739		0.646624
740		0.646188
741		0.64664
742		0.6501
743		0.649313
744		0.649931
745		0.625424
746		0.629167
747		0.628993
748		0.63287
749		0.630725
750		0.633488
751		0.616508
752		0.618866
753		0.619815
754		0.622334
755		0.620316
756		0.619946
757		0.624977
758		0.624105
759		0.62365
760		0.625505
761		0.626906
762		0.626921
763		0.626211
764		0.626628
765		0.62686
766		0.628156
767		0.62946
768		0.627103
769		0.627986
770		0.640694
771		0.639282
772		0.639182
773		0.639838
774		0.636412
775		0.641211
776		0.640332
777		0.646358
778		0.64723
779		0.647415
780		0.646397
781		0.646304
782		0.651412
783		0.653364
784		0.654159
785		0.651883
786		0.649904
787		0.65179
788		0.65169
789		0.652554
790		0.654753
791		0.662215
792		0.664722
793		0.666385
794		0.6687
795		0.63152
796		0.628457
797		0.63223
798		0.639375
799		0.639668
800		0.644938
801		0.649113
802		0.650081
803		0.650069
804		0.645995
805		0.651551
806		0.650887
807		0.653777
808		0.657982
809		0.657461
810		0.657415
811		0.658399
812		0.657859
813		0.659352
814		0.660185
815		0.662164
816		0.659726
817		0.662866
818		0.662647
819		0.664468
820		0.655127
821		0.655949
822		0.653858
823		0.65647
824		0.660984
825		0.658333
826		0.660347
827		0.660961
828		0.66277
829		0.66348
830		0.662747
831		0.666929
832		0.667006
833		0.667481
834		0.669583
835		0.670478
836		0.669815
837		0.672431
838		0.672569
839		0.674406
840		0.674479
841		0.675617
842		0.676435
843		0.67821
844		0.67836
845		0.674892
846		0.673202
847		0.672948
848		0.677824
849		0.673549
850		0.67784
851		0.678063
852		0.679421
853		0.676836
854		0.6775
855		0.67637
856		0.679722
857		0.677199
858		0.680378
859		0.681705
860		0.680621
861		0.681582
862		0.681728
863		0.682103
864		0.682751
865		0.684703
866		0.683711
867		0.685421
868		0.685567
869		0.684614
870		0.665
871		0.664807
872		0.666084
873		0.667508
874		0.670339
875		0.668326
876		0.667053
877		0.6676
878		0.668565
879		0.669745
880		0.656289
881		0.656173
882		0.655424
883		0.655339
884		0.654977
885		0.656366
886		0.6574
887		0.658403
888		0.659792
889		0.661389
890		0.662562
891		0.661786
892		0.662546
893		0.662936
894		0.66338
895		0.663079
896		0.665247
897		0.666605
898		0.665725
899		0.666188
900		0.666327
901		0.667222
902		0.670293
903		0.671728
904		0.67091
905		0.682145
906		0.681188
907		0.682878
908		0.683067
909		0.683642
910		0.683326
911		0.683133
912		0.682724
913		0.683958
914		0.682064
915		0.683951
916		0.682292
917		0.681443
918		0.681227
919		0.680336
920		0.680262
921		0.680779
922		0.683627
923		0.683696
924		0.683596
925		0.684012
926		0.6825
927		0.684931
928		0.688117
929		0.688858
930		0.663677
931		0.663735
932		0.663295
933		0.666589
934		0.665509
935		0.668164
936		0.668426
937		0.672508
938		0.674336
939		0.674371
940		0.677716
941		0.678167
942		0.678792
943		0.679826
944		0.681732
945		0.681146
946		0.679606
947		0.680332
948		0.679807
949		0.681852
950		0.680289
951		0.677006
952		0.680193
953		0.676998
954		0.67814
955		0.674529
956		0.674093
957		0.675853
958		0.673542
959		0.679367
960		0.67576
961		0.675031
962		0.679745
963		0.680139
964		0.678237
965		0.680718
966		0.680289
967		0.681613
968		0.679444
969		0.681559
970		0.680864
971		0.683603
972		0.682477
973		0.68439
974		0.684653
975		0.684483
976		0.686794
977		0.689236
978		0.68674
979		0.68804
980		0.680278
981		0.680081
982		0.682604
983		0.684383
984		0.685208
985		0.686713
986		0.686296
987		0.684306
988		0.682369
989		0.684217
990		0.687211
991		0.687153
992		0.686535
993		0.68983
994		0.693083
995		0.693167
996		0.69409
997		0.694117
998		0.695
999		0.695309
1000		0.694761
1001		0.672982
1002		0.673615
1003		0.671555
1004		0.671925
1005		0.670266
1006		0.670656
1007		0.671898
1008		0.6701
1009		0.672554
1010		0.674606
1011		0.664583
1012		0.663684
1013		0.665552
1014		0.667257
1015		0.666454
1016		0.667191
1017		0.668723
1018		0.666547
1019		0.667134
1020		0.666825
1021		0.669078
1022		0.669587
1023		0.670096
1024		0.67012
1025		0.670563
1026		0.670976
1027		0.668302
1028		0.670339
1029		0.670116
1030		0.67027
1031		0.670023
1032		0.672955
1033		0.671057
1034		0.67284
1035		0.672261
1036		0.670301
1037		0.66723
1038		0.670671
1039		0.671096
1040		0.67419
1041		0.675482
1042		0.674923
1043		0.675015
1044		0.673627
1045		0.672978
1046		0.674691
1047		0.676188
1048		0.679201
1049		0.679761
1050		0.680355
1051		0.681451
1052		0.681435
1053		0.680571
1054		0.681991
1055		0.681003
1056		0.680197
1057		0.680309
1058		0.679738
1059		0.680293
1060		0.679522
1061		0.672454
1062		0.675224
1063		0.673754
1064		0.670216
1065		0.672276
1066		0.674055
1067		0.673785
1068		0.674703
1069		0.67387
1070		0.673491
1071		0.676998
1072		0.675764
1073		0.677353
1074		0.677184
1075		0.68039
1076		0.679402
1077		0.681273
1078		0.679853
1079		0.682226
1080		0.683032
1081		0.685826
1082		0.6864
1083		0.687446
1084		0.6875
1085		0.687539
1086		0.677087
1087		0.676775
1088		0.676744
1089		0.677315
1090		0.67608
1091		0.677407
1092		0.67441
1093		0.679147
1094		0.675575
1095		0.676559
1096		0.676651
1097		0.677438
1098		0.67733
1099		0.679047
1100		0.677191
1101		0.675613
1102		0.677465
1103		0.676323
1104		0.679051
1105		0.678225
1106		0.676574
1107		0.676474
1108		0.679059
1109		0.679012
1110		0.678125
1111		0.673916
1112		0.672596
1113		0.674309
1114		0.676817
1115		0.677627
1116		0.676462
1117		0.676165
1118		0.676991
1119		0.676833
1120		0.677674
1121		0.678654
1122		0.679333
1123		0.678337
1124		0.678654
1125		0.677461
1126		0.679325
1127		0.6789
1128		0.678978
1129		0.678684
1130		0.682558
1131		0.681755
1132		0.68265
1133		0.681601
1134		0.680544
1135		0.682187
1136		0.66669
1137		0.666798
1138		0.666235
1139		0.665988
1140		0.668843
1141		0.667157
1142		0.667874
1143		0.664001
1144		0.665073
1145		0.665201
1146		0.66772
1147		0.669556
1148		0.670185
1149		0.671821
1150		0.67201
1151		0.673368
1152		0.673515
1153		0.673642
1154		0.67532
1155		0.669738
1156		0.672319
1157		0.673488
1158		0.670841
1159		0.672157
1160		0.674174
1161		0.682631
1162		0.680293
1163		0.681157
1164		0.682832
1165		0.682153
1166		0.681875
1167		0.685482
1168		0.67929
1169		0.680833
1170		0.681443
1171		0.682014
1172		0.686262
1173		0.682299
1174		0.680664
1175		0.680922
1176		0.68179
1177		0.682948
1178		0.68358
1179		0.683696
1180		0.687477
1181		0.686574
1182		0.684518
1183		0.685849
1184		0.688912
1185		0.686285
1186		0.67767
1187		0.679552
1188		0.680563
1189		0.682539
1190		0.68037
1191		0.679965
1192		0.677122
1193		0.679838
1194		0.68
1195		0.680756
1196		0.677874
1197		0.68098
1198		0.684468
1199		0.685772
1200		0.682975
1201		0.685039
1202		0.683723
1203		0.681898
1204		0.683542
1205		0.684043
1206		0.682793
1207		0.684703
1208		0.683356
1209		0.683619
1210		0.68348
1211		0.676782
1212		0.674792
1213		0.6737
1214		0.673777
1215		0.676366
1216		0.672357
1217		0.675826
1218		0.675918
1219		0.67912
1220		0.679012
1221		0.680984
1222		0.681998
1223		0.682963
1224		0.68294
1225		0.68505
1226		0.684024
1227		0.684186
1228		0.682917
1229		0.684252
1230		0.68635
1231		0.68765
1232		0.685158
1233		0.683974
1234		0.682365
1235		0.682326
1236		0.688862
1237		0.688418
1238		0.687242
1239		0.691752
1240		0.691748
1241		0.691663
1242		0.695444
1243		0.696084
1244		0.696744
1245		0.696578
1246		0.689819
1247		0.691528
1248		0.695529
1249		0.691902
1250		0.693642
1251		0.684309
1252		0.683272
1253		0.683827
1254		0.6825
1255		0.685459
1256		0.686003
1257		0.688426
1258		0.691011
1259		0.690826
1260		0.692739
1261		0.672743
1262		0.676647
1263		0.677978
1264		0.676227
1265		0.678565
1266		0.680359
1267		0.681281
1268		0.675424
1269		0.68331
1270		0.682924
1271		0.68615
1272		0.684325
1273		0.683032
1274		0.688094
1275		0.684583
1276		0.684444
1277		0.686273
1278		0.684753
1279		0.683708
1280		0.681285
1281		0.680039
1282		0.67885
1283		0.678488
1284		0.679815
1285		0.677245
1286		0.684066
1287		0.684144
1288		0.685463
1289		0.68669
1290		0.689645
1291		0.69103
1292		0.689649
1293		0.688773
1294		0.691813
1295		0.692786
1296		0.692099
1297		0.692226
1298		0.69054
1299		0.686196
1300		0.687747
1301		0.685822
1302		0.687967
1303		0.689414
1304		0.690108
1305		0.687732
1306		0.6862
1307		0.685849
1308		0.686366
1309		0.686559
1310		0.686018
1311		0.661682
1312		0.662438
1313		0.661929
1314		0.663048
1315		0.664259
1316		0.662107
1317		0.66564
1318		0.666644
1319		0.668148
1320		0.671659
1321		0.67039
1322		0.672886
1323		0.669803
1324		0.669421
1325		0.669213
1326		0.673904
1327		0.671265
1328		0.673978
1329		0.673588
1330		0.671466
1331		0.673827
1332		0.67385
1333		0.673437
1334		0.672917
1335		0.671875
1336		0.666258
1337		0.668526
1338		0.668599
1339		0.67015
1340		0.667353
1341		0.670123
1342		0.668357
1343		0.667292
1344		0.668372
1345		0.669877
1346		0.668395
1347		0.670957
1348		0.671898
1349		0.672114
1350		0.672307
1351		0.671034
1352		0.672319
1353		0.671998
1354		0.673341
1355		0.674606
1356		0.674491
1357		0.675926
1358		0.673611
1359		0.672978
1360		0.672616
1361		0.66169
1362		0.661867
1363		0.664799
1364		0.668009
1365		0.668133
1366		0.668696
1367		0.667608
1368		0.667203
1369		0.668341
1370		0.67098
1371		0.669421
1372		0.667338
1373		0.668418
1374		0.666998
1375		0.669113
1376		0.669132
1377		0.66885
1378		0.671123
1379		0.67005
1380		0.668422
1381		0.67039
1382		0.669838
1383		0.669383
1384		0.670598
1385		0.670185
1386		0.671192
1387		0.67287
1388		0.674715
1389		0.676883
1390		0.675282
1391		0.680162
1392		0.677986
1393		0.67848
1394		0.678272
1395		0.681609
1396		0.681389
1397		0.681265
1398		0.682191
1399		0.682809
1400		0.681883
1401		0.681597
1402		0.68512
1403		0.684132
1404		0.684294
1405		0.683557
1406		0.682917
1407		0.680718
1408		0.684066
1409		0.684221
1410		0.68387
1411		0.672631
1412		0.672523
1413		0.674414
1414		0.677724
1415		0.675008
1416		0.6751
1417		0.678214
1418		0.679549
1419		0.679159
1420		0.679128
1421		0.680675
1422		0.681883
1423		0.681285
1424		0.682353
1425		0.684363
1426		0.685679
1427		0.687813
1428		0.686921
1429		0.690023
1430		0.692654
1431		0.696659
1432		0.696871
1433		0.698773
1434		0.701617
1435		0.703951
1436		0.706127
1437		0.703395
1438		0.706416
1439		0.706543
1440		0.70625
1441		0.711096
1442		0.711111
1443		0.714861
1444		0.720926
1445		0.72027
1446		0.725374
1447		0.726454
1448		0.726439
1449		0.729236
1450		0.730949
1451		0.735258
1452		0.737963
1453		0.739371
1454		0.743094
1455		0.747299
1456		0.750957
1457		0.751921
1458		0.753989
1459		0.758171
1460		0.756397
1461		0.72564
1462		0.730737
1463		0.729518
1464		0.725463
1465		0.726343
1466		0.723881
1467		0.732191
1468		0.732029
1469		0.731968
1470		0.736057
1471		0.735656
1472		0.739498
1473		0.743079
1474		0.745054
1475		0.742554
1476		0.746454
1477		0.742377
1478		0.749321
1479		0.748704
1480		0.750768
1481		0.754718
1482		0.751952
1483		0.755162
1484		0.758827
1485		0.761821
1486		0.758584
1487		0.759082
1488		0.761165
1489		0.760598
1490		0.761802
1491		0.761725
1492		0.761026
1493		0.76162
1494		0.762411
1495		0.761319
1496		0.759877
1497		0.759078
1498		0.763117
1499		0.757593
1500		0.748735
1501		0.712184
1502		0.715309
1503		0.705718
1504		0.710849
1505		0.717307
1506		0.718897
1507		0.716481
1508		0.720799
1509		0.718329
1510		0.718607
1511		0.727238
1512		0.723735
1513		0.728418
1514		0.72755
1515		0.730232
1516		0.703376
1517		0.693881
1518		0.687774
1519		0.686331
1520		0.681987
1521		0.671829
1522		0.654514
1523		0.655768
1524		0.644124
1525		0.647091
1526		0.64939
1527		0.637492
1528		0.642434
1529		0.641235
1530		0.638684
1531		0.63424
1532		0.631474
1533		0.630336
1534		0.624753
1535		0.630779
1536		0.623538
1537		0.630397
1538		0.632677
1539		0.627141
1540		0.62679
1541		0.631794
1542		0.627118
1543		0.61809
1544		0.624564
1545		0.619603
1546		0.617284
1547		0.622172
1548		0.616003
1549		0.613796
1550		0.599082
1551		0.596373
1552		0.592106
1553		0.593607
1554		0.587079
1555		0.580166
1556		0.586142
1557		0.583657
1558		0.581146
1559		0.577346
1560		0.575243
1561		0.552288
1562		0.554414
1563		0.55429
1564		0.555606
1565		0.55816
1566		0.559904
1567		0.560706
1568		0.560382
1569		0.561034
1570		0.562542
1571		0.562732
1572		0.565243
1573		0.5687
1574		0.57265
1575		0.575424
1576		0.579205
1577		0.583032
1578		0.584525
1579		0.585845
1580		0.587292
1581		0.587766
1582		0.589279
1583		0.590247
1584		0.5861
1585		0.586744
1586		0.569853
1587		0.564711
1588		0.566208
1589		0.576254
1590		0.572739
1591		0.578029
1592		0.573056
1593		0.579456
1594		0.58012
1595		0.587515
1596		0.595324
1597		0.590332
1598		0.592103
1599		0.594136
1600		0.601416
1601		0.604927
1602		0.597481
1603		0.600062
1604		0.602218
1605		0.611292
1606		0.620733
1607		0.619907
1608		0.622608
1609		0.630351
1610		0.624198
1611		0.627365
1612		0.621624
1613		0.620779
1614		0.615525
1615		0.612789
1616		0.615286
1617		0.611755
1618		0.596767
1619		0.596277
1620		0.596134
1621		0.591003
1622		0.595258
1623		0.598885
1624		0.5911
1625		0.590316
1626		0.587353
1627		0.590436
1628		0.589498
1629		0.587323
1630		0.590185
1631		0.591906
1632		0.598924
1633		0.601177
1634		0.605606
1635		0.607149
1636		0.631034
1637		0.633376
1638		0.624302
1639		0.621995
1640		0.621667
1641		0.623457
1642		0.620162
1643		0.616709
1644		0.605922
1645		0.60321
1646		0.60858
1647		0.599645
1648		0.603627
1649		0.603873
1650		0.604267
1651		0.601593
1652		0.604132
1653		0.601088
1654		0.600849
1655		0.597068
1656		0.587049
1657		0.585197
1658		0.582083
1659		0.588495
1660		0.585841
1661		0.580116
1662		0.580513
1663		0.589904
1664		0.599911
1665		0.603434
1666		0.607176
1667		0.612674
1668		0.61581
1669		0.615845
1670		0.619186
1671		0.624394
1672		0.620752
1673		0.62211
1674		0.613044
1675		0.611535
1676		0.605679
1677		0.612303
1678		0.607203
1679		0.609363
1680		0.610158
1681		0.614117
1682		0.61843
1683		0.620235
1684		0.621277
1685		0.627805
1686		0.59142
1687		0.5889
1688		0.593723
1689		0.598808
1690		0.603615
1691		0.610949
1692		0.614645
1693		0.613167
1694		0.612527
1695		0.612813
1696		0.618762
1697		0.619761
1698		0.616717
1699		0.622724
1700		0.629444
1701		0.631181
1702		0.636786
1703		0.639468
1704		0.645073
1705		0.65049
1706		0.651489
1707		0.663584
1708		0.660914
1709		0.661748
1710		0.655089
1711		0.693275
1712		0.696462
1713		0.693985
1714		0.699622
1715		0.694259
1716		0.688719
1717		0.684676
1718		0.677766
1719		0.668627
1720		0.653854
1721		0.654842
1722		0.648546
1723		0.636296
1724		0.632882
1725		0.637087
1726		0.630995
1727		0.626968
1728		0.619398
1729		0.601678
1730		0.603781
1731		0.588684
1732		0.57831
1733		0.584861
1734		0.565548
1735		0.570455
1736		0.51037
1737		0.516304
1738		0.516767
1739		0.509005
1740		0.505239
1741		0.492604
1742		0.489834
1743		0.48659
1744		0.475733
1745		0.481728
1746		0.475093
1747		0.471304
1748		0.465193
1749		0.458044
1750		0.447944
1751		0.431914
1752		0.440378
1753		0.434988
1754		0.433978
1755		0.43245
1756		0.436485
1757		0.435768
1758		0.428669
1759		0.433592
1760		0.434572
1761		0.417434
1762		0.428484
1763		0.428823
1764		0.427095
1765		0.42826
1766		0.428225
1767		0.430625
1768		0.431971
1769		0.428866
1770		0.440629
1771		0.439703
1772		0.443075
1773		0.442087
1774		0.438075
1775		0.436539
1776		0.439603
1777		0.435976
1778		0.430853
1779		0.431767
1780		0.429923
1781		0.433943
1782		0.434792
1783		0.426995
1784		0.427176
1785		0.421879
1786		0.391833
1787		0.396134
1788		0.401265
1789		0.397431
1790		0.391208
1791		0.39108
1792		0.389244
1793		0.386134
1794		0.385502
1795		0.382566
1796		0.378098
1797		0.384491
1798		0.380498
1799		0.383661
1800		0.382076
1801		0.385424
1802		0.381312
1803		0.36772
1804		0.367431
1805		0.366705
1806		0.364159
1807		0.352161
1808		0.349259
1809		0.350768
1810		0.339248
1811		0.323098
1812		0.321975
1813		0.318426
1814		0.314815
1815		0.313144
1816		0.306088
1817		0.304387
1818		0.296798
1819		0.300428
1820		0.299769
1821		0.291867
1822		0.280058
1823		0.278268
1824		0.27603
1825		0.281736
1826		0.276798
1827		0.279367
1828		0.276173
1829		0.28071
1830		0.276566
1831		0.272593
1832		0.268569
1833		0.269988
1834		0.257932
1835		0.258738
1836		0.224927
1837		0.21745
1838		0.22027
1839		0.215829
1840		0.211678
1841		0.204209
1842		0.202704
1843		0.19735
1844		0.193812
1845		0.184051
1846		0.175189
1847		0.174711
1848		0.171385
1849		0.166952
1850		0.16005
1851		0.155965
1852		0.154954
1853		0.152022
1854		0.153322
1855		0.154637
1856		0.150019
1857		0.146721
1858		0.148526
1859		0.150251
1860		0.145123
1861		0.140617
1862		0.138796
1863		0.135783
1864		0.130509
1865		0.127303
1866		0.131921
1867		0.127303
1868		0.127774
1869		0.135598
1870		0.143519
1871		0.145563
1872		0.149066
1873		0.152307
1874		0.151512
1875		0.154545
1876		0.16608
1877		0.176258
1878		0.19022
1879		0.204661
1880		0.212785
1881		0.223704
1882		0.244985
1883		0.248287
1884		0.257079
1885		0.273827
1886		0.255077
1887		0.272755
1888		0.292049
1889		0.297442
1890		0.314687
1891		0.331586
1892		0.338021
1893		0.348839
1894		0.361983
1895		0.37066
1896		0.373272
1897		0.385004
1898		0.395683
1899		0.411192
1900		0.425536
1901		0.433214
1902		0.441088
1903		0.442002
1904		0.446589
1905		0.452797
1906		0.458785
1907		0.461732
1908		0.459699
1909		0.456381
1910		0.463233
1911		0.484171
1912		0.474664
1913		0.477508
1914		0.470123
1915		0.459988
1916		0.45326
1917		0.442434
1918		0.433214
1919		0.428102
1920		0.420367
1921		0.409834
1922		0.405687
1923		0.390972
1924		0.391786
1925		0.38537
1926		0.375575
1927		0.371601
1928		0.372751
1929		0.359147
1930		0.353437
1931		0.350073
1932		0.344163
1933		0.336786
1934		0.327037
1935		0.323862
1936		0.293561
1937		0.291385
1938		0.280691
1939		0.273642
1940		0.269144
1941		0.267662
1942		0.252373
1943		0.250096
1944		0.248113
1945		0.248221
1946		0.247816
1947		0.245127
1948		0.25157
1949		0.247577
1950		0.235833
1951		0.229059
1952		0.220266
1953		0.212948
1954		0.204032
1955		0.198924
1956		0.190258
1957		0.181011
1958		0.17039
1959		0.166497
1960		0.147693
1961		0.133727
1962		0.118816
1963		0.110818
1964		0.107581
1965		0.102585
1966		0.097554
1967		0.0952778
1968		0.0878318
1969		0.0802276
1970		0.0810262
1971		0.0742978
1972		0.0673573
1973		0.0598071
1974		0.0518017
1975		0.0473341
1976		0.0446528
1977		0.0365702
1978		0.0336073
1979		0.0297569
1980		0.0274035
1981		0.0220602
1982		0.0193827
1983		0.0183179
1984		0.0178472
1985		0.0177894
1986		0.0203395
1987		0.0201852
1988		0.022037
1989		0.0200656
1990		0.0208333
1991		0.0204707
1992		0.0219599
1993		0.0222338
1994		0.0215856
1995		0.0218596
1996		0.0202662
1997		0.0205285
1998		0.0209722
1999		0.0228048
2000		0.0256636
2001		0.0336574
2002		0.0477392
2003		0.0558603
2004		0.0699113
2005		0.0861651
2006		0.0951698
2007		0.112199
2008		0.126481
2009		0.136042
2010		0.154271
2011		0.167832
2012		0.17929
2013		0.200687
2014		0.218464
2015		0.226443
2016		0.246929
2017		0.268503
2018		0.279973
2019		0.301748
2020		0.309217
2021		0.321223
2022		0.331678
2023		0.344483
2024		0.354344
2025		0.358715
2026		0.368827
2027		0.379286
2028		0.380471
2029		0.392404
2030		0.386404
2031		0.395444
2032		0.398306
2033		0.397284
2034		0.401053
2035		0.398912
2036		0.389209
2037		0.379371
2038		0.379047
2039		0.372473
2040		0.359722
2041		0.350583
2042		0.347905
2043		0.334024
2044		0.326416
2045		0.321111
2046		0.310494
2047		0.304549
2048		0.303769
2049		0.302828
2050		0.289749
2051		0.290988
2052		0.28103
2053		0.270417
2054		0.266705
2055		0.25262
2056		0.237002
2057		0.230116
2058		0.22559
2059		0.210313
2060		0.208715
2061		0.20409
2062		0.193395
2063		0.191925
2064		0.183947
2065		0.168044
2066		0.164263
2067		0.154861
2068		0.144784
2069		0.14071
2070		0.130289
2071		0.1188
2072		0.10767
2073		0.0999614
2074		0.0880478
2075		0.084784
2076		0.0781134
2077		0.0704823
2078		0.0651196
2079		0.0616705
2080		0.056848
2081		0.0538619
2082		0.0470177
2083		0.0419599
2084		0.0406057
2085		0.0340934
2086		0.0281134
2087		0.0281366
2088		0.0301505
2089		0.0278241
2090		0.0264776
2091		0.0273881
2092		0.0260147
2093		0.0268634
2094		0.0265856
2095		0.0285301
2096		0.028885
2097		0.0316011
2098		0.0353974
2099		0.0367477
2100		0.0433295
2101		0.0489275
2102		0.0511497
2103		0.0594792
2104		0.0709606
2105		0.0742361
2106		0.084294
2107		0.0928318
2108		0.0976813
2109		0.103407
2110		0.114302
2111		0.115822
2112		0.125216
2113		0.133306
2114		0.139691
2115		0.151385
2116		0.157234
2117		0.165316
2118		0.173183
2119		0.186269
2120		0.189834
2121		0.20059
2122		0.21147
2123		0.214931
2124		0.223148
2125		0.224738
2126		0.233167
2127		0.235559
2128		0.247087
2129		0.244008
2130		0.253268
2131		0.256497
2132		0.251879
2133		0.250328
2134		0.247774
2135		0.242276
2136		0.257743
2137		0.252245
2138		0.257153
2139		0.25539
2140		0.268746
2141		0.261196
2142		0.264441
2143		0.264248
2144		0.266852
2145		0.26515
2146		0.261686
2147		0.259745
2148		0.256887
2149		0.253264
2150		0.256752
2151		0.250598
2152		0.237708
2153		0.23409
2154		0.234248
2155		0.239263
2156		0.241497
2157		0.245976
2158		0.234101
2159		0.232596
2160		0.229298
2161		0.215721
2162		0.214726
2163		0.221169
2164		0.230305
2165		0.228492
2166		0.225548
2167		0.216242
2168		0.215401
2169		0.214244
2170		0.209252
2171		0.206431
2172		0.210355
2173		0.203256
2174		0.199444
2175		0.203711
2176		0.197427
2177		0.192897
2178		0.186578
2179		0.183522
2180		0.181146
2181		0.170293
2182		0.164722
2183		0.161292
2184		0.151277
2185		0.141952
2186		0.130521
2187		0.125104
2188		0.116914
2189		0.118275
2190		0.110876
2191		0.104236
2192		0.100907
2193		0.0888465
2194		0.0863156
2195		0.0817593
2196		0.0776196
2197		0.0741474
2198		0.0700309
2199		0.0632755
2200		0.0578125
2201		0.0560262
2202		0.0523958
2203		0.046331
2204		0.0471142
2205		0.04375
2206		0.0362654
2207		0.036466
2208		0.0328819
2209		0.0309645
2210		0.0293557
2211		0.0314159
2212		0.0293557
2213		0.0262307
2214		0.021956
2215		0.0187384
2216		0.0200424
2217		0.0143943
2218		0.0139545
2219		0.0125965
2220		0.0117785
2221		0.0116242
2222		0.0143789
2223		0.0120949
2224		0.0135802
2225		0.0140895
2226		0.013561
2227		0.0140702
2228		0.0136343
2229		0.0153511
2230		0.011983
2231		0.0146489
2232		0.0149884
2233		0.0151543
2234		0.0146026
2235		0.0132215
2236		0.0140702
2237		0.014402
2238		0.0138927
2239		0.0155748
2240		0.0169406
2241		0.0155748
2242		0.015436
2243		0.0162809
2244		0.0180903
2245		0.0185532
2246		0.0188002
2247		0.0201813
2248		0.0187153
2249		0.0184684
2250		0.0174846
2251		0.0195949
2252		0.0198765
2253		0.0171952
2254		0.0158989
2255		0.0210494
2256		0.0230285
2257		0.0191667
2258		0.0221644
2259		0.0221759
2260		0.0203086
2261		0.0251543
2262		0.0263889
2263		0.0265934
2264		0.0259954
2265		0.0285455
2266		0.0349691
2267		0.038206
2268		0.0456829
2269		0.0609491
2270		0.0635571
2271		0.0703897
2272		0.0766242
2273		0.0803086
2274		0.0855556
2275		0.0840046
2276		0.0881018
2277		0.0860687
2278		0.0884954
2279		0.0892168
2280		0.0887076
2281		0.0890316
2282		0.0907523
2283		0.0904977
2284		0.0987924
2285		0.100968
2286		0.100613
2287		0.101053
2288		0.103607
2289		0.105536
2290		0.107145
2291		0.108731
2292		0.106138
2293		0.106192
2294		0.105914
2295		0.105185
2296		0.105679
2297		0.107755
2298		0.108086
2299		0.111597
2300		0.115378
2301		0.119838
2302		0.119668
2303		0.120239
2304		0.11664
2305		0.117365
2306		0.121346
2307		0.120583
2308		0.119062
2309		0.117797
2310		0.126671
2311		0.114086
2312		0.121377
2313		0.12321
2314		0.122689
2315		0.119317
2316		0.113681
2317		0.109333
2318		0.105251
2319		0.102311
2320		0.100413
2321		0.100328
2322		0.0975502
2323		0.0983449
2324		0.0967245
2325		0.0926042
2326		0.0902701
2327		0.08799
2328		0.0837461
2329		0.0828125
2330		0.078615
2331		0.0766435
2332		0.0693866
2333		0.0699306
2334		0.0674807
2335		0.0624846
2336		0.0668133
2337		0.0630941
2338		0.0577276
2339		0.0563966
2340		0.050189
2341		0.0482253
2342		0.0509915
2343		0.0485764
2344		0.0451736
2345		0.0446991
2346		0.045706
2347		0.0432369
2348		0.0434992
2349		0.0414468
2350		0.0388194
2351		0.0424113
2352		0.0373302
2353		0.0357485
2354		0.0341049
2355		0.0308719
2356		0.0323148
2357		0.0305401
2358		0.0281713
2359		0.0225772
2360		0.0214043
2361		0.0195216
2362		0.0190432
2363		0.0195255
2364		0.0176659
2365		0.0177006
2366		0.0200347
2367		0.0169946
2368		0.0159761
2369		0.0156211
2370		0.016223
2371		0.0143557
2372		0.0170409
2373		0.014402
2374		0.0146682
2375		0.0153048
2376		0.0120448
2377		0.012365
2378		0.0145718
2379		0.0150039
2380		0.0168171
2381		0.0166242
2382		0.0197917
2383		0.0276119
2384		0.031875
2385		0.038233
2386		0.0492052
2387		0.051713
2388		0.061304
2389		0.0594213
2390		0.0587963
2391		0.0552546
2392		0.0528781
2393		0.0500733
2394		0.049402
2395		0.0492323
2396		0.0464159
2397		0.0416397
2398		0.0353086
2399		0.0345795
2400		0.0321412
2401		0.0293866
2402		0.0327508
2403		0.0317168
2404		0.0389082
2405		0.0412346
2406		0.0398032
2407		0.0505285
2408		0.0532137
2409		0.0536613
2410		0.0503742
2411		0.0436458
2412		0.0447415
2413		0.0455285
2414		0.0445409
2415		0.0519637
2416		0.0473341
2417		0.0457407
2418		0.0445525
2419		0.0411998
2420		0.0405401
2421		0.0408912
2422		0.0372068
2423		0.0310301
2424		0.0231057
2425		0.018858
2426		0.0182022
2427		0.016196
2428		0.020081
2429		0.0177816
2430		0.0161265
2431		0.0157986
2432		0.016115
2433		0.0253279
2434		0.0331443
2435		0.0360378
2436		0.0452045
2437		0.0487924
2438		0.0496335
2439		0.0489352
2440		0.053804
2441		0.053939
2442		0.055652
2443		0.0569329
2444		0.0579823
2445		0.0602045
2446		0.0605903
2447		0.0611458
2448		0.0613156
2449		0.0631134
2450		0.063017
2451		0.0644406
2452		0.0662153
2453		0.0650656
2454		0.0659066
2455		0.0690857
2456		0.069348
2457		0.0721875
2458		0.0739776
2459		0.0745795
2460		0.0748187
2461		0.0809684
2462		0.0811728
2463		0.0826427
2464		0.0836844
2465		0.0831057
2466		0.0794599
2467		0.0727199
2468		0.0696373
2469		0.0659684
2470		0.0623843
2471		0.059865
2472		0.0554051
2473		0.049483
2474		0.0465201
2475		0.041196
2476		0.043561
2477		0.0442052
2478		0.0409182
2479		0.0392747
2480		0.0366898
2481		0.0346528
2482		0.0337654
2483		0.0339005
2484		0.0301196
2485		0.0312269
2486		0.0307523
2487		0.029591
2488		0.0291397
2489		0.0314622
2490		0.0320949
2491		0.0315008
2492		0.0330401
2493		0.0328627
2494		0.0348727
2495		0.0357099
2496		0.0366319
2497		0.0368171
2498		0.0362384
2499		0.0361497
2500		0.0375694
2501		0.0389776
2502		0.0389159
2503		0.0399961
2504		0.0421875
2505		0.0436998
2506		0.0418403
2507		0.0446721
2508		0.0485764
2509		0.0561073
2510		0.0589159
2511		0.0647569
2512		0.0745872
2513		0.0770718
2514		0.0805517
2515		0.081223
2516		0.0808912
2517		0.0771258
2518		0.0751968
2519		0.0743441
2520		0.0746489
2521		0.0751427
2522		0.0773264
2523		0.0755671
2524		0.0784568
2525		0.0773688
2526		0.0780247
2527		0.0724344
2528		0.0721373
2529		0.0724421
2530		0.0708835
2531		0.0744329
2532		0.078561
2533		0.0741474
2534		0.0722415
2535		0.0770718
2536		0.0821875
2537		0.0786536
2538		0.0790201
2539		0.0823765
2540		0.0844097
2541		0.088098
2542		0.0820448
2543		0.0827585
2544		0.0866628
2545		0.0910378
2546		0.0860571
2547		0.0817631
2548		0.0851119
2549		0.0815664
2550		0.0779051
2551		0.0774228
2552		0.0784529
2553		0.0819213
2554		0.0780671
2555		0.0746219
2556		0.0729128
2557		0.0683179
2558		0.0684529
2559		0.0727585
2560		0.0712924
2561		0.0596991
2562		0.050625
2563		0.0416744
2564		0.0419946
2565		0.0374884
2566		0.033044
2567		0.0327739
2568		0.0324151
2569		0.0302508
2570		0.0284761
2571		0.023939
2572		0.0196258
2573		0.0171952
2574		0.0164545
2575		0.0155401
2576		0.0158526
2577		0.0140471
2578		0.0148573
2579		0.0138773
2580		0.0151042
2581		0.0152276
2582		0.0155208
2583		0.0152894
2584		0.0154745
2585		0.0150424
2586		0.0157523
2587		0.0142785
2588		0.0157716
2589		0.0162461
2590		0.0160918
2591		0.0156289
2592		0.0156752
2593		0.0155363
2594		0.0148032
2595		0.0166319
2596		0.0155594
2597		0.0165355
2598		0.0148341
2599		0.0147917
2600		0.0137963
2601		0.0159877
2602		0.0149769
2603		0.0149769
2604		0.013966
2605		0.0151003
2606		0.0140586
2607		0.0155633
2608		0.0165239
2609		0.0165239
2610		0.0165239
2611		0.0177276
2612		0.0159452
2613		0.0175733
2614		0.0170795
2615		0.017311
2616		0.0160995
2617		0.0176389
2618		0.0178511
2619		0.0177276
2620		0.0180208
2621		0.0182369
2622		0.0171142
2623		0.0172955
2624		0.0198881
2625		0.025814
2626		0.0333912
2627		0.0373804
2628		0.044375
2629		0.0493866
2630		0.0517786
2631		0.0536381
2632		0.0548071
2633		0.0556597
2634		0.0571682
2635		0.0603202
2636		0.0604745
2637		0.0659028
2638		0.0722955
2639		0.0757292
2640		0.0812847
2641		0.0880633
2642		0.0922029
2643		0.0997338
2644		0.101786
2645		0.103283
2646		0.110475
2647		0.115181
2648		0.120853
2649		0.125525
2650		0.131447
2651		0.13245
2652		0.137527
2653		0.137928
2654		0.139688
2655		0.143638
2656		0.146601
2657		0.148542
2658		0.149834
2659		0.153777
2660		0.158364
2661		0.146925
2662		0.156215
2663		0.158657
2664		0.157809
2665		0.164286
2666		0.159695
2667		0.154545
2668		0.161447
2669		0.162052
2670		0.164796
2671		0.164005
2672		0.160575
2673		0.164055
2674		0.159853
2675		0.166562
2676		0.166246
2677		0.167585
2678		0.164182
2679		0.161775
2680		0.166165
2681		0.162106
2682		0.149217
2683		0.146285
2684		0.146948
2685		0.142311
2686		0.108646
2687		0.105251
2688		0.106582
2689		0.111346
2690		0.110536
2691		0.113561
2692		0.107357
2693		0.107207
2694		0.10485
2695		0.0960764
2696		0.0952238
2697		0.0833603
2698		0.0752971
2699		0.0689699
2700		0.0630903
2701		0.0642207
2702		0.0645409
2703		0.0620949
2704		0.0603665
2705		0.0630054
2706		0.0664699
2707		0.0693711
2708		0.0678935
2709		0.0637539
2710		0.0588619
2711		0.0579745
2712		0.0553974
2713		0.053341
2714		0.0534684
2715		0.0549846
2716		0.0553819
2717		0.0545255
2718		0.0556096
2719		0.0564776
2720		0.0568789
2721		0.0556559
2722		0.0549807
2723		0.0551736
2724		0.0563696
2725		0.0572068
2726		0.0578974
2727		0.0603935
2728		0.0676968
2729		0.0703048
2730		0.0764776
2731		0.0825077
2732		0.0847724
2733		0.0886265
2734		0.0904205
2735		0.0935725
2736		0.0960764
2737		0.0976466
2738		0.0982253
2739		0.098642
2740		0.10179
2741		0.101659
2742		0.10186
2743		0.103495
2744		0.103823
2745		0.102554
2746		0.105112
2747		0.106238
2748		0.108376
2749		0.111427
2750		0.112608
2751		0.112191
2752		0.113638
2753		0.112427
2754		0.116204
2755		0.115174
2756		0.117743
2757		0.120351
2758		0.121451
2759		0.121323
2760		0.122512
2761		0.122496
2762		0.123125
2763		0.125104
2764		0.124765
2765		0.124796
2766		0.128071
2767		0.131489
2768		0.131539
2769		0.133453
2770		0.134363
2771		0.132859
2772		0.134286
2773		0.135698
2774		0.136813
2775		0.141215
2776		0.142789
2777		0.142022
2778		0.145174
2779		0.144904
2780		0.144865
2781		0.146084
2782		0.146995
2783		0.147195
2784		0.145
2785		0.145127
2786		0.139676
2787		0.138492
2788		0.139325
2789		0.139417
2790		0.138137
2791		0.138206
2792		0.136964
2793		0.136416
2794		0.137272
2795		0.136609
2796		0.137342
2797		0.139441
2798		0.137002
2799		0.139444
2800		0.141836
2801		0.142172
2802		0.143407
2803		0.142913
2804		0.143792
2805		0.145289
2806		0.145922
2807		0.146107
2808		0.147388
2809		0.148005
2810		0.147404
2811		0.145228
2812		0.144533
2813		0.145613
2814		0.147049
2815		0.145297
2816		0.14647
2817		0.146586
2818		0.148966
2819		0.150675
2820		0.148229
2821		0.148067
2822		0.147789
2823		0.149549
2824		0.14787
2825		0.149506
2826		0.148306
2827		0.14995
2828		0.149132
2829		0.148607
2830		0.148237
2831		0.148607
2832		0.14735
2833		0.147087
2834		0.148445
2835		0.149888
2836		0.152103
2837		0.152951
2838		0.150822
2839		0.150459
2840		0.152307
2841		0.152782
2842		0.153376
2843		0.15316
2844		0.152512
2845		0.15137
2846		0.154483
2847		0.154533
2848		0.153777
2849		0.154198
2850		0.160664
2851		0.164568
2852		0.164236
2853		0.167384
2854		0.168434
2855		0.167546
2856		0.165841
2857		0.16456
2858		0.164456
2859		0.162373
2860		0.160289
2861		0.152338
2862		0.152203
2863		0.150216
2864		0.151019
2865		0.152809
2866		0.152978
2867		0.152963
2868		0.152994
2869		0.152515
2870		0.15304
2871		0.153302
2872		0.152994
2873		0.152562
2874		0.15223
2875		0.153395
2876		0.153318
2877		0.152423
2878		0.154259
2879		0.155089
2880		0.156088
2881		0.160984
2882		0.162469
2883		0.162539
2884		0.165042
2885		0.165459
2886		0.173129
2887		0.1751
2888		0.1762
2889		0.176698
2890		0.177758
2891		0.179491
2892		0.17939
2893		0.179032
2894		0.18098
2895		0.177932
2896		0.179996
2897		0.178831
2898		0.179105
2899		0.180675
2900		0.18213
2901		0.182265
2902		0.183067
2903		0.180401
2904		0.181601
2905		0.178742
2906		0.180521
2907		0.181586
2908		0.181555
2909		0.182315
2910		0.18353
2911		0.175073
2912		0.175367
2913		0.175475
2914		0.174471
2915		0.174082
2916		0.175556
2917		0.175725
2918		0.174985
2919		0.174128
2920		0.176883
2921		0.177515
2922		0.178627
2923		0.181265
2924		0.179915
2925		0.179468
2926		0.179159
2927		0.179271
2928		0.178596
2929		0.176323
2930		0.176763
2931		0.179255
2932		0.179873
2933		0.179904
2934		0.181466
2935		0.18179
2936		0.17034
2937		0.170887
2938		0.170864
2939		0.171003
2940		0.172562
2941		0.177145
2942		0.180864
2943		0.184769
2944		0.189275
2945		0.191157
2946		0.195895
2947		0.200367
2948		0.205617
2949		0.211092
2950		0.217187
2951		0.219518
2952		0.224147
2953		0.226489
2954		0.230309
2955		0.236281
2956		0.240324
2957		0.243495
2958		0.248935
2959		0.251798
2960		0.257793
2961		0.270802
2962		0.277469
2963		0.281265
2964		0.285841
2965		0.292361
2966		0.293225
2967		0.297731
2968		0.303472
2969		0.305617
2970		0.311358
2971		0.315556
2972		0.317245
2973		0.322211
2974		0.326678
2975		0.329599
2976		0.333499
2977		0.337851
2978		0.341046
2979		0.343376
2980		0.343623
2981		0.345289
2982		0.346686
2983		0.352064
2984		0.35213
2985		0.355937
2986		0.353885
2987		0.355154
2988		0.356586
2989		0.360741
2990		0.36211
2991		0.367728
2992		0.373391
2993		0.379024
2994		0.380567
2995		0.382681
2996		0.387697
2997		0.392496
2998		0.397454
2999		0.398052
3000		0.403252
3001		0.401246
3002		0.405212
3003		0.406848
3004		0.413576
3005		0.417095
3006		0.420367
3007		0.424923
3008		0.429178
3009		0.436292
3010		0.440849
3011		0.444363
3012		0.453272
3013		0.459363
3014		0.457666
3015		0.464826
3016		0.471752
3017		0.47711
3018		0.485887
3019		0.486458
3020		0.489178
3021		0.494784
3022		0.503669
3023		0.512079
3024		0.50794
3025		0.515656
3026		0.516312
3027		0.513526
3028		0.515104
3029		0.523256
3030		0.52196
3031		0.520856
3032		0.521512
3033		0.516188
3034		0.519537
3035		0.521944
3036		0.512948
3037		0.507392
3038		0.50625
3039		0.509271
3040		0.517261
3041		0.514132
3042		0.519687
3043		0.514479
3044		0.52103
3045		0.518978
3046		0.519244
3047		0.518256
3048		0.518916
3049		0.521725
3050		0.519159
3051		0.523924
3052		0.51787
3053		0.519838
3054		0.520544
3055		0.516644
3056		0.515945
3057		0.514896
3058		0.51642
3059		0.51713
3060		0.523256
3061		0.49978
3062		0.498113
3063		0.495583
3064		0.498561
3065		0.507473
3066		0.514846
3067		0.521848
3068		0.528206
3069		0.531262
3070		0.530841
3071		0.531431
3072		0.527546
3073		0.524645
3074		0.525729
3075		0.529055
3076		0.53336
3077		0.532095
3078		0.526111
3079		0.530274
3080		0.534147
3081		0.542141
3082		0.553881
3083		0.557604
3084		0.55701
3085		0.565706
3086		0.559788
3087		0.562666
3088		0.559784
3089		0.563885
3090		0.565282
3091		0.564282
3092		0.565282
3093		0.564757
3094		0.564279
3095		0.567535
3096		0.572288
3097		0.570467
3098		0.572133
3099		0.564738
3100		0.567214
3101		0.568522
3102		0.577411
3103		0.576563
3104		0.576809
3105		0.573789
3106		0.574182
3107		0.575343
3108		0.57625
3109		0.575328
3110		0.577087
3111		0.54363
3112		0.542276
3113		0.545806
3114		0.547832
3115		0.548094
3116		0.548954
3117		0.546289
3118		0.550633
3119		0.554213
3120		0.556528
3121		0.554429
3122		0.55608
3123		0.559167
3124		0.563059
3125		0.566867
3126		0.56718
3127		0.571346
3128		0.570945
3129		0.571979
3130		0.572504
3131		0.576408
3132		0.570363
3133		0.571304
3134		0.572442
3135		0.575374
3136		0.572176
3137		0.574136
3138		0.577816
3139		0.57522
3140		0.578893
3141		0.58147
3142		0.583711
3143		0.583376
3144		0.584753
3145		0.586289
3146		0.589093
3147		0.594209
3148		0.594444
3149		0.593657
3150		0.597631
3151		0.597242
3152		0.596238
3153		0.594564
3154		0.599707
3155		0.59941
3156		0.600112
3157		0.602685
3158		0.602242
3159		0.603746
3160		0.605926
3161		0.569306
3162		0.570837
3163		0.567396
3164		0.563349
3165		0.569552
3166		0.565498
3167		0.565745
3168		0.570482
3169		0.573484
3170		0.575081
3171		0.574741
3172		0.573769
3173		0.574205
3174		0.574552
3175		0.575054
3176		0.57588
3177		0.577917
3178		0.580046
3179		0.587245
3180		0.587654
3181		0.593503
3182		0.598376
3183		0.600999
3184		0.602265
3185		0.60137
3186		0.605637
3187		0.612913
3188		0.614506
3189		0.615988
3190		0.619282
3191		0.618827
3192		0.624105
3193		0.624884
3194		0.626127
3195		0.629514
3196		0.63348
3197		0.632488
3198		0.629205
3199		0.62956
3200		0.630748
3201		0.632735
3202		0.633368
3203		0.634904
3204		0.637465
3205		0.6363
3206		0.637851
3207		0.637087
3208		0.63613
3209		0.637828
3210		0.635644
3211		0.582674
3212		0.583746
3213		0.583839
3214		0.59157
3215		0.590984
3216		0.588835
3217		0.591921
3218		0.58956
3219		0.594514
3220		0.594221
3221		0.595841
3222		0.595039
3223		0.596875
3224		0.599753
3225		0.599931
3226		0.603399
3227		0.605567
3228		0.604637
3229		0.60897
3230		0.609035
3231		0.611732
3232		0.612504
3233		0.61495
3234		0.61657
3235		0.617523
3236		0.603438
3237		0.604981
3238		0.605266
3239		0.603013
3240		0.607087
3241		0.606836
3242		0.607384
3243		0.608827
3244		0.609691
3245		0.610077
3246		0.608704
3247		0.608511
3248		0.60713
3249		0.606481
3250		0.60946
3251		0.583804
3252		0.584838
3253		0.584074
3254		0.58564
3255		0.585903
3256		0.587245
3257		0.589591
3258		0.589024
3259		0.589086
3260		0.592589
3261		0.590783
3262		0.590953
3263		0.593839
3264		0.599915
3265		0.6001
3266		0.601092
3267		0.600459
3268		0.597662
3269		0.60103
3270		0.601871
3271		0.602026
3272		0.601015
3273		0.600999
3274		0.604954
3275		0.605841
3276		0.609591
3277		0.607323
3278		0.60902
3279		0.613727
3280		0.611597
3281		0.612323
3282		0.613171
3283		0.614919
3284		0.614433
3285		0.616786
3286		0.619198
3287		0.618241
3288		0.620895
3289		0.62196
3290		0.621312
3291		0.621512
3292		0.62223
3293		0.623441
3294		0.62554
3295		0.624012
3296		0.622353
3297		0.623218
3298		0.623619
3299		0.624923
3300		0.624622
3301		0.624907
3302		0.625123
3303		0.62539
3304		0.626208
3305		0.62662
3306		0.624958
3307		0.625421
3308		0.627072
3309		0.624969
3310		0.62647
3311		0.576528
3312		0.575363
3313		0.583256
3314		0.582762
3315		0.584082
3316		0.587261
3317		0.587562
3318		0.589884
3319		0.587755
3320		0.58745
3321		0.587188
3322		0.589441
3323		0.590181
3324		0.589255
3325		0.591354
3326		0.597573
3327		0.595243
3328		0.592909
3329		0.593221
3330		0.594996
3331		0.595598
3332		0.596551
3333		0.599232
3334		0.601956
3335		0.602014
3336		0.605058
3337		0.606632
3338		0.603654
3339		0.605567
3340		0.605042
3341		0.603468
3342		0.605212
3343		0.611462
3344		0.610316
3345		0.611682
3346		0.612469
3347		0.612604
3348		0.613221
3349		0.61125
3350		0.617172
3351		0.618873
3352		0.618954
3353		0.617843
3354		0.619687
3355		0.620552
3356		0.619456
3357		0.619352
3358		0.619811
3359		0.62032
3360		0.621508
3361		0.625891
3362		0.62478
3363		0.622759
3364		0.624441
3365		0.625613
3366		0.626802
3367		0.626354
3368		0.625706
3369		0.624024
3370		0.626555
3371		0.629225
3372		0.627319
3373		0.632481
3374		0.628746
3375		0.631312
3376		0.631914
3377		0.631119
3378		0.628233
3379		0.625066
3380		0.625525
3381		0.628893
3382		0.629101
3383		0.630505
3384		0.628434
3385		0.627407
3386		0.589198
3387		0.588549
3388		0.590918
3389		0.593553
3390		0.59591
3391		0.5988
3392		0.599942
3393		0.600405
3394		0.600189
3395		0.59826
3396		0.600019
3397		0.602269
3398		0.603927
3399		0.606034
3400		0.606829
3401		0.60691
3402		0.606235
3403		0.608349
3404		0.609089
3405		0.612164
3406		0.613225
3407		0.614475
3408		0.614001
3409		0.612265
3410		0.613005
3411		0.599506
3412		0.59826
3413		0.599877
3414		0.604259
3415		0.599738
3416		0.601833
3417		0.600721
3418		0.603071
3419		0.600972
3420		0.600216
3421		0.597145
3422		0.603673
3423		0.600918
3424		0.602438
3425		0.60483
3426		0.606887
3427		0.603499
3428		0.608059
3429		0.60794
3430		0.606393
3431		0.608615
3432		0.608692
3433		0.609842
3434		0.610621
3435		0.610683
3436		0.607504
3437		0.61012
3438		0.610336
3439		0.610559
3440		0.610629
3441		0.61157
3442		0.610135
3443		0.613299
3444		0.612593
3445		0.612245
3446		0.613484
3447		0.612897
3448		0.614255
3449		0.613341
3450		0.615293
3451		0.618356
3452		0.615795
3453		0.617029
3454		0.621127
3455		0.617515
3456		0.620116
3457		0.620918
3458		0.622774
3459		0.623692
3460		0.621323
3461		0.595104
3462		0.596755
3463		0.599425
3464		0.602527
3465		0.602913
3466		0.602404
3467		0.603654
3468		0.606385
3469		0.604348
3470		0.607963
3471		0.607681
3472		0.607728
3473		0.610089
3474		0.608958
3475		0.610548
3476		0.606721
3477		0.607701
3478		0.609838
3479		0.613009
3480		0.61385
3481		0.619838
3482		0.619383
3483		0.619194
3484		0.620351
3485		0.620694
3486		0.613515
3487		0.61321
3488		0.614209
3489		0.616964
3490		0.617527
3491		0.62485
3492		0.624178
3493		0.628835
3494		0.630382
3495		0.632913
3496		0.631508
3497		0.635089
3498		0.633854
3499		0.6361
3500		0.635424
3501		0.619811
3502		0.620073
3503		0.622265
3504		0.622496
3505		0.623384
3506		0.623846
3507		0.624996
3508		0.624387
3509		0.62515
3510		0.625772
3511		0.56735
3512		0.567334
3513		0.570096
3514		0.566516
3515		0.570544
3516		0.572647
3517		0.573889
3518		0.578229
3519		0.57887
3520		0.580521
3521		0.581539
3522		0.582743
3523		0.584637
3524		0.587284
3525		0.588627
3526		0.591003
3527		0.594479
3528		0.599047
3529		0.599475
3530		0.601879
3531		0.601192
3532		0.604556
3533		0.603291
3534		0.605478
3535		0.605436
3536		0.613966
3537		0.613931
3538		0.613299
3539		0.611709
3540		0.613792
3541		0.613692
3542		0.613962
3543		0.620721
3544		0.620289
3545		0.620436
3546		0.622485
3547		0.624028
3548		0.622836
3549		0.625505
3550		0.627373
3551		0.626574
3552		0.62816
3553		0.628256
3554		0.62995
3555		0.627944
3556		0.629657
3557		0.628654
3558		0.629008
3559		0.628924
3560		0.629032
3561		0.619919
3562		0.620397
3563		0.624842
3564		0.622295
3565		0.625984
3566		0.626701
3567		0.627774
3568		0.625891
3569		0.628453
3570		0.636771
3571		0.637805
3572		0.641165
3573		0.639502
3574		0.643345
3575		0.646354
3576		0.64637
3577		0.64958
3578		0.649626
3579		0.65262
3580		0.650721
3581		0.651061
3582		0.653993
3583		0.654869
3584		0.652199
3585		0.653962
3586		0.653083
3587		0.651416
3588		0.650112
3589		0.650922
3590		0.654363
3591		0.653623
3592		0.653067
3593		0.653823
3594		0.653191
3595		0.623422
3596		0.621894
3597		0.625968
3598		0.629302
3599		0.630185
3600		0.630289
3601		0.629919
3602		0.632396
3603		0.629657
3604		0.630459
3605		0.632481
3606		0.632276
3607		0.634286
3608		0.63441
3609		0.634456
3610		0.634379
3611		0.635536
3612		0.636076
3613		0.635667
3614		0.637249
3615		0.636879
3616		0.634117
3617		0.635351
3618		0.637049
3619		0.638576
3620		0.593684
3621		0.596586
3622		0.602604
3623		0.599641
3624		0.604255
3625		0.608858
3626		0.608032
3627		0.608148
3628		0.609228
3629		0.609255
3630		0.613245
3631		0.61439
3632		0.616539
3633		0.619228
3634		0.619796
3635		0.623549
3636		0.626219
3637		0.63098
3638		0.63564
3639		0.63564
3640		0.638056
3641		0.634853
3642		0.6351
3643		0.638989
3644		0.64015
3645		0.645922
3646		0.64441
3647		0.645374
3648		0.644599
3649		0.643696
3650		0.645185
3651		0.6462
3652		0.652265
3653		0.648206
3654		0.648615
3655		0.648908
3656		0.648075
3657		0.650174
3658		0.650077
3659		0.648885
3660		0.645995
3661		0.64733
3662		0.648117
3663		0.64637
3664		0.647523
3665		0.645131
3666		0.648279
3667		0.648565
3668		0.647041
3669		0.649464
3670		0.617296
3671		0.6175
3672		0.624695
3673		0.622446
3674		0.625652
3675		0.622033
3676		0.622928
3677		0.624788
3678		0.621007
3679		0.624896
3680		0.620189
3681		0.622747
3682		0.629649
3683		0.631358
3684		0.629934
3685		0.633013
3686		0.633098
3687		0.635432
3688		0.632114
3689		0.635089
3690		0.634618
3691		0.637276
3692		0.632288
3693		0.637627
3694		0.636416
3695		0.631123
3696		0.632589
3697		0.633044
3698		0.632967
3699		0.631065
3700		0.626354
3701		0.626925
3702		0.626678
3703		0.629687
3704		0.628086
3705		0.630031
3706		0.63054
3707		0.631516
3708		0.634525
3709		0.63608
3710		0.640012
3711		0.639132
3712		0.639267
3713		0.642396
3714		0.645579
3715		0.645066
3716		0.645135
3717		0.64468
3718		0.646165
3719		0.645606
3720		0.61485
3721		0.616968
3722		0.617936
3723		0.622168
3724		0.623075
3725		0.622103
3726		0.622041
3727		0.621983
3728		0.621427
3729		0.620027
3730		0.620768
3731		0.620135
3732		0.621231
3733		0.622404
3734		0.620386
3735		0.62184
3736		0.622569
3737		0.621543
3738		0.624225
3739		0.625999
3740		0.625752
3741		0.624333
3742		0.62316
3743		0.623275
3744		0.62238
3745		0.613167
3746		0.613167
3747		0.613584
3748		0.616092
3749		0.614093
3750		0.615764
3751		0.600934
3752		0.605478
3753		0.603364
3754		0.604151
3755		0.607045
3756		0.607234
3757		0.609888
3758		0.612604
3759		0.612631
3760		0.616416
3761		0.616154
3762		0.616725
3763		0.613777
3764		0.618515
3765		0.615721
3766		0.620228
3767		0.615459
3768		0.617137
3769		0.615829
3770		0.564645
3771		0.5675
3772		0.572689
3773		0.572967
3774		0.574603
3775		0.575177
3776		0.576061
3777		0.576786
3778		0.576755
3779		0.577635
3780		0.576096
3781		0.57814
3782		0.578711
3783		0.580756
3784		0.580818
3785		0.581458
3786		0.584672
3787		0.585841
3788		0.588252
3789		0.589367
3790		0.590536
3791		0.589734
3792		0.59245
3793		0.593746
3794		0.596373
3795		0.584703
3796		0.585783
3797		0.590849
3798		0.592145
3799		0.591682
3800		0.592948
3801		0.592542
3802		0.593889
3803		0.600552
3804		0.601632
3805		0.600656
3806		0.600231
3807		0.600521
3808		0.602897
3809		0.606358
3810		0.604456
3811		0.606616
3812		0.603009
3813		0.60637
3814		0.607434
3815		0.608962
3816		0.611246
3817		0.613978
3818		0.613989
3819		0.61804
3820		0.626447
3821		0.62762
3822		0.628576
3823		0.627539
3824		0.631015
3825		0.628391
3826		0.634934
3827		0.629965
3828		0.633453
3829		0.636736
3830		0.635764
3831		0.638974
3832		0.6426
3833		0.643326
3834		0.643268
3835		0.645085
3836		0.646474
3837		0.652191
3838		0.650278
3839		0.651852
3840		0.652631
3841		0.655042
3842		0.655594
3843		0.65787
3844		0.658356
3845		0.65461
3846		0.65103
3847		0.65412
3848		0.657728
3849		0.657284
3850		0.659259
3851		0.6612
3852		0.663225
3853		0.663206
3854		0.668175
3855		0.670154
3856		0.673094
3857		0.675772
3858		0.678302
3859		0.677878
3860		0.679005
3861		0.686235
3862		0.690532
3863		0.684684
3864		0.690405
3865		0.690405
3866		0.685359
3867		0.685556
3868		0.682662
3869		0.682535
3870		0.628465
3871		0.627068
3872		0.629333
3873		0.628916
3874		0.630451
3875		0.633306
3876		0.633438
3877		0.631478
3878		0.634549
3879		0.637149
3880		0.637172
3881		0.643368
3882		0.646516
3883		0.64375
3884		0.641404
3885		0.643233
3886		0.643499
3887		0.645073
3888		0.64348
3889		0.646053
3890		0.645922
3891		0.646308
3892		0.648129
3893		0.650675
3894		0.651717
3895		0.657685
3896		0.65294
3897		0.65902
3898		0.659012
3899		0.663032
3900		0.66179
3901		0.6625
3902		0.661319
3903		0.666497
3904		0.665671
3905		0.668708
3906		0.674753
3907		0.673025
3908		0.672438
3909		0.671991
3910		0.672438
3911		0.677222
3912		0.678202
3913		0.677697
3914		0.679425
3915		0.680799
3916		0.679996
3917		0.679039
3918		0.676975
3919		0.679255
3920		0.653391
3921		0.653345
3922		0.651416
3923		0.657608
3924		0.658642
3925		0.657948
3926		0.657866
3927		0.658769
3928		0.659572
3929		0.653796
3930		0.658272
3931		0.661061
3932		0.660976
3933		0.661786
3934		0.661539
3935		0.661061
3936		0.662253
3937		0.658823
3938		0.662033
3939		0.663877
3940		0.665845
3941		0.661447
3942		0.666235
3943		0.665737
3944		0.668414
3945		0.641786
3946		0.644842
3947		0.647951
3948		0.649147
3949		0.649946
3950		0.645918
3951		0.647415
3952		0.645617
3953		0.649807
3954		0.648299
3955		0.651312
3956		0.653754
3957		0.66159
3958		0.658206
3959		0.655405
3960		0.655093
3961		0.655382
3962		0.653252
3963		0.657338
3964		0.659796
3965		0.658677
3966		0.658029
3967		0.662195
3968		0.6661
3969		0.663507
3970		0.668144
3971		0.669738
3972		0.670216
3973		0.669815
3974		0.670633
3975		0.673789
3976		0.673437
3977		0.675347
3978		0.672909
3979		0.67402
3980		0.67966
3981		0.682419
3982		0.684815
3983		0.683873
3984		0.683056
3985		0.684556
3986		0.678638
3987		0.679209
3988		0.674857
3989		0.679884
3990		0.681921
3991		0.688441
3992		0.687955
3993		0.68784
3994		0.687624
3995		0.666015
3996		0.664977
3997		0.665559
3998		0.661238
3999		0.661809
4000		0.660297
4001		0.637473
4002		0.639383
4003		0.643306
4004		0.641794
4005		0.644579
4006		0.656466
4007		0.657874
4008		0.657288
4009		0.660938
4010		0.663754
4011		0.664433
4012		0.662562
4013		0.66284
4014		0.66304
4015		0.665255
4016		0.66679
4017		0.667492
4018		0.666111
4019		0.666678
4020		0.63184
4021		0.631308
4022		0.630513
4023		0.63034
4024		0.636451
4025		0.635328
4026		0.632241
4027		0.636917
4028		0.639688
4029		0.646532
4030		0.646146
4031		0.650386
4032		0.646613
4033		0.645806
4034		0.654815
4035		0.650883
4036		0.648403
4037		0.650868
4038		0.655949
4039		0.668275
4040		0.669718
4041		0.670583
4042		0.664282
4043		0.660729
4044		0.659819
4045		0.613283
4046		0.611045
4047		0.610081
4048		0.615922
4049		0.620525
4050		0.615505
4051		0.619128
4052		0.625775
4053		0.621914
4054		0.620166
4055		0.627932
4056		0.638372
4057		0.638356
4058		0.628272
4059		0.62289
4060		0.631022
4061		0.628167
4062		0.634718
4063		0.636258
4064		0.641601
4065		0.639456
4066		0.64466
4067		0.635741
4068		0.639097
4069		0.635008
4070		0.656412
4071		0.656296
4072		0.658287
4073		0.667631
4074		0.664869
4075		0.661613
4076		0.669815
4077		0.668002
4078		0.664861
4079		0.656366
4080		0.663106
4081		0.662029
4082		0.664144
4083		0.66848
4084		0.669128
4085		0.668777
4086		0.669529
4087		0.671848
4088		0.674722
4089		0.675042
4090		0.674167
4091		0.672585
4092		0.67588
4093		0.673719
4094		0.674483
4095		0.652724
4096		0.654645
4097		0.652207
4098		0.654491
4099		0.658002
4100		0.660995
4101		0.666057
4102		0.659456
4103		0.662141
4104		0.664039
4105		0.660004
4106		0.668245
4107		0.665594
4108		0.666265
4109		0.655768
4110		0.65674
4111		0.660752
4112		0.663519
4113		0.665189
4114		0.669317
4115		0.66439
4116		0.666848
4117		0.668924
4118		0.667751
4119		0.67054
4120		0.678765
4121		0.680918
4122		0.682431
4123		0.679198
4124		0.68495
4125		0.683399
4126		0.682241
4127		0.682234
4128		0.683221
4129		0.68108
4130		0.679213
4131		0.678071
4132		0.681505
4133		0.681921
4134		0.68777
4135		0.687353
4136		0.687759
4137		0.686215
4138		0.679973
4139		0.682446
4140		0.67804
4141		0.68054
4142		0.679931
4143		0.68179
4144		0.680556
4145		0.616451
4146		0.619089
4147		0.617323
4148		0.618966
4149		0.623719
4150		0.623349
4151		0.623287
4152		0.624753
4153		0.63331
4154		0.629275
4155		0.629637
4156		0.634738
4157		0.636736
4158		0.642423
4159		0.649063
4160		0.653503
4161		0.652407
4162		0.658175
4163		0.661223
4164		0.660799
4165		0.65951
4166		0.6651
4167		0.664406
4168		0.665575
4169		0.667261
4170		0.655417
4171		0.659213
4172		0.661991
4173		0.654491
4174		0.657677
4175		0.673924
4176		0.673437
4177		0.66924
4178		0.675571
4179		0.676265
4180		0.679444
4181		0.690455
4182		0.689282
4183		0.694954
4184		0.695895
4185		0.691258
4186		0.690131
4187		0.691181
4188		0.690367
4189		0.692882
4190		0.697392
4191		0.701254
4192		0.706258
4193		0.700899
4194		0.70608
4195		0.694533
4196		0.692211
4197		0.697434
4198		0.697419
4199		0.699954
4200		0.698939
4201		0.707674
4202		0.704471
4203		0.704552
4204		0.704799
4205		0.70439
4206		0.708908
4207		0.711655
4208		0.718731
4209		0.716393
4210		0.720617
4211		0.722346
4212		0.71522
4213		0.718121
4214		0.720961
4215		0.721042
4216		0.719352
4217		0.721258
4218		0.719043
4219		0.719722
4220		0.682485
4221		0.684097
4222		0.679275
4223		0.685833
4224		0.685787
4225		0.676026
4226		0.677164
4227		0.672612
4228		0.677257
4229		0.680069
4230		0.677924
4231		0.680741
4232		0.674591
4233		0.676389
4234		0.684649
4235		0.689182
4236		0.691694
4237		0.692369
4238		0.686809
4239		0.686462
4240		0.649452
4241		0.640085
4242		0.650571
4243		0.636887
4244		0.61799
4245		0.614394
4246		0.619182
4247		0.61522
4248		0.608503
4249		0.601686
4250		0.606227
4251		0.57005
4252		0.573418
4253		0.572704
4254		0.575459
4255		0.549869
4256		0.550849
4257		0.54912
4258		0.54787
4259		0.546127
4260		0.546744
4261		0.544645
4262		0.542785
4263		0.533557
4264		0.540363
4265		0.542708
4266		0.543507
4267		0.552593
4268		0.554819
4269		0.558742
4270		0.54968
4271		0.567759
4272		0.57174
4273		0.580363
4274		0.589128
4275		0.588194
4276		0.593345
4277		0.592878
4278		0.594008
4279		0.589641
4280		0.591555
4281		0.597431
4282		0.60098
4283		0.605976
4284		0.603715
4285		0.609826
4286		0.613403
4287		0.620239
4288		0.6275
4289		0.635062
4290		0.63314
4291		0.638816
4292		0.65441
4293		0.644468
4294		0.6426
4295		0.64566
4296		0.647122
4297		0.650895
4298		0.661103
4299		0.663704
4300		0.673954
4301		0.663993
4302		0.659576
4303		0.652461
4304		0.655316
4305		0.650868
4306		0.655309
4307		0.65093
4308		0.654306
4309		0.655783
4310		0.661084
4311		0.657566
4312		0.664931
4313		0.667519
4314		0.671578
4315		0.667874
4316		0.673241
4317		0.674093
4318		0.65963
4319		0.661285
4320		0.639603
4321		0.641327
4322		0.646975
4323		0.639938
4324		0.637211
4325		0.63277
4326		0.626547
4327		0.632569
4328		0.623569
4329		0.62375
4330		0.615135
4331		0.612438
4332		0.614414
4333		0.614414
4334		0.611852
4335		0.612083
4336		0.604255
4337		0.598943
4338		0.596887
4339		0.595679
4340		0.595964
4341		0.604043
4342		0.607392
4343		0.610394
4344		0.615471
4345		0.599568
4346		0.607465
4347		0.610806
4348		0.628237
4349		0.627052
4350		0.627419
4351		0.631898
4352		0.633279
4353		0.628885
4354		0.63189
4355		0.634136
4356		0.628858
4357		0.62865
4358		0.624865
4359		0.622241
4360		0.624375
4361		0.62439
4362		0.627473
4363		0.621725
4364		0.623808
4365		0.620621
4366		0.622573
4367		0.619479
4368		0.615274
4369		0.621933
4370		0.627589
4371		0.625432
4372		0.633476
4373		0.6386
4374		0.635166
4375		0.637315
4376		0.636019
4377		0.630525
4378		0.632558
4379		0.62811
4380		0.627631
4381		0.631096
4382		0.62767
4383		0.625093
4384		0.631836
4385		0.627377
4386		0.631682
4387		0.633789
4388		0.626204
4389		0.622342
4390		0.620363
4391		0.6226
4392		0.620521
4393		0.615023
4394		0.601292
4395		0.600968
4396		0.596505
4397		0.582477
4398		0.576605
4399		0.568719
4400		0.554105
4401		0.554163
4402		0.551088
4403		0.54267
4404		0.540552
4405		0.540174
4406		0.535316
4407		0.531165
4408		0.533152
4409		0.535212
4410		0.532951
4411		0.530606
4412		0.525417
4413		0.521223
4414		0.528746
4415		0.531053
4416		0.526559
4417		0.522774
4418		0.516667
4419		0.516713
4420		0.504907
4421		0.506034
4422		0.503353
4423		0.51088
4424		0.511161
4425		0.50833
4426		0.515486
4427		0.515787
4428		0.520054
4429		0.531373
4430		0.534471
4431		0.538642
4432		0.54517
4433		0.547905
4434		0.550166
4435		0.54924
4436		0.549066
4437		0.549684
4438		0.544637
4439		0.542303
4440		0.544132
4441		0.548272
4442		0.552566
4443		0.549008
4444		0.551694
4445		0.564946
4446		0.569664
4447		0.570143
4448		0.572689
4449		0.569186
4450		0.575733
4451		0.579742
4452		0.587535
4453		0.585251
4454		0.594306
4455		0.594556
4456		0.601046
4457		0.607311
4458		0.614954
4459		0.617639
4460		0.622052
4461		0.622187
4462		0.626566
4463		0.629587
4464		0.630448
4465		0.628248
4466		0.625297
4467		0.621694
4468		0.619718
4469		0.621478
4470		0.592118
4471		0.589687
4472		0.59213
4473		0.593283
4474		0.594734
4475		0.598654
4476		0.586084
4477		0.586686
4478		0.584491
4479		0.584244
4480		0.578546
4481		0.578495
4482		0.573287
4483		0.566786
4484		0.562299
4485		0.56066
4486		0.548291
4487		0.538326
4488		0.529498
4489		0.523426
4490		0.514988
4491		0.515432
4492		0.506323
4493		0.497677
4494		0.490826
4495		0.483542
4496		0.476497
4497		0.478681
4498		0.480297
4499		0.478499
4500		0.477114
4501		0.466755
4502		0.466377
4503		0.47015
4504		0.480826
4505		0.485845
4506		0.487346
4507		0.494942
4508		0.493083
4509		0.493854
4510		0.492122
4511		0.493399
4512		0.489294
4513		0.492674
4514		0.488376
4515		0.489005
4516		0.4886
4517		0.488283
4518		0.483461
4519		0.476937
4520		0.444198
4521		0.457118
4522		0.458353
4523		0.456447
4524		0.457755
4525		0.470876
4526		0.461412
4527		0.469402
4528		0.473002
4529		0.485386
4530		0.499514
4531		0.495787
4532		0.500876
4533		0.493819
4534		0.487836
4535		0.48468
4536		0.482782
4537		0.471925
4538		0.469823
4539		0.475336
4540		0.470833
4541		0.473025
4542		0.476686
4543		0.482369
4544		0.472921
4545		0.459672
4546		0.460293
4547		0.465756
4548		0.468777
4549		0.467851
4550		0.466902
4551		0.461512
4552		0.464587
4553		0.465289
4554		0.472708
4555		0.48294
4556		0.481562
4557		0.483607
4558		0.454109
4559		0.454309
4560		0.450069
4561		0.45179
4562		0.449097
4563		0.44338
4564		0.458098
4565		0.452454
4566		0.451339
4567		0.450069
4568		0.451844
4569		0.452967
4570		0.442357
4571		0.423978
4572		0.433765
4573		0.444225
4574		0.448812
4575		0.45495
4576		0.459672
4577		0.452265
4578		0.456759
4579		0.452921
4580		0.454823
4581		0.448754
4582		0.453947
4583		0.456373
4584		0.460355
4585		0.453291
4586		0.451157
4587		0.451454
4588		0.443295
4589		0.449552
4590		0.454159
4591		0.459865
4592		0.468603
4593		0.478403
4594		0.477404
4595		0.445829
4596		0.448279
4597		0.455498
4598		0.461497
4599		0.450922
4600		0.455745
4601		0.452473
4602		0.452662
4603		0.444514
4604		0.444433
4605		0.449024
4606		0.437454
4607		0.431462
4608		0.434082
4609		0.436937
4610		0.437377
4611		0.433569
4612		0.427523
4613		0.417666
4614		0.414985
4615		0.411397
4616		0.409579
4617		0.410652
4618		0.412531
4619		0.400444
4620		0.385598
4621		0.382978
4622		0.386339
4623		0.386258
4624		0.37348
4625		0.363557
4626		0.359043
4627		0.358715
4628		0.349198
4629		0.34603
4630		0.344884
4631		0.345505
4632		0.345698
4633		0.349865
4634		0.342022
4635		0.338754
4636		0.339545
4637		0.336875
4638		0.338167
4639		0.342006
4640		0.35218
4641		0.352855
4642		0.343954
4643		0.353673
4644		0.352168
4645		0.353356
4646		0.359356
4647		0.363704
4648		0.367045
4649		0.373927
4650		0.373094
4651		0.384969
4652		0.395579
4653		0.393164
4654		0.397886
4655		0.410282
4656		0.408576
4657		0.416196
4658		0.420347
4659		0.417079
4660		0.401076
4661		0.399043
4662		0.400035
4663		0.407585
4664		0.400401
4665		0.400772
4666		0.39309
4667		0.395019
4668		0.397558
4669		0.395197
4670		0.392654
4671		0.391323
4672		0.37363
4673		0.36733
4674		0.367253
4675		0.362461
4676		0.353927
4677		0.352346
4678		0.347697
4679		0.342099
4680		0.335752
4681		0.322126
4682		0.319406
4683		0.318615
4684		0.314437
4685		0.310903
4686		0.305278
4687		0.314155
4688		0.319275
4689		0.31909
4690		0.318557
4691		0.315621
4692		0.316377
4693		0.306728
4694		0.306798
4695		0.292785
4696		0.295374
4697		0.286991
4698		0.290085
4699		0.29495
4700		0.303827
4701		0.29814
4702		0.30539
4703		0.304309
4704		0.300104
4705		0.312662
4706		0.314043
4707		0.317959
4708		0.321925
4709		0.327508
4710		0.33343
4711		0.342361
4712		0.341173
4713		0.346011
4714		0.352677
4715		0.360563
4716		0.361319
4717		0.365849
4718		0.37311
4719		0.372809
4720		0.379873
4721		0.375748
4722		0.362623
4723		0.368607
4724		0.370235
4725		0.370374
4726		0.358083
4727		0.367072
4728		0.364888
4729		0.369464
4730		0.360131
4731		0.354799
4732		0.354904
4733		0.352373
4734		0.349749
4735		0.350432
4736		0.352056
4737		0.354363
4738		0.350745
4739		0.341042
4740		0.344934
4741		0.338364
4742		0.338395
4743		0.339479
4744		0.335174
4745		0.316983
4746		0.317245
4747		0.308256
4748		0.30716
4749		0.306076
4750		0.297932
4751		0.270343
4752		0.274124
4753		0.280691
4754		0.270768
4755		0.266512
4756		0.256748
4757		0.238522
4758		0.231559
4759		0.219545
4760		0.212971
4761		0.209433
4762		0.198742
4763		0.18841
4764		0.184267
4765		0.177288
4766		0.168735
4767		0.165012
4768		0.16267
4769		0.165667
4770		0.158989
4771		0.149518
4772		0.153241
4773		0.158422
4774		0.150748
4775		0.134032
4776		0.13152
4777		0.121836
4778		0.111242
4779		0.111597
4780		0.108059
4781		0.101632
4782		0.0992708
4783		0.090216
4784		0.0821065
4785		0.078777
4786		0.0709491
4787		0.0684992
4788		0.0643866
4789		0.0558603
4790		0.0514468
4791		0.0464622
4792		0.0415008
4793		0.0343017
4794		0.0335802
4795		0.0277431
4796		0.0238966
4797		0.0229321
4798		0.0187153
4799		0.0171489
4800		0.017091
4801		0.0133449
4802		0.00952161
4803		0.0073341
4804		0.00549769
4805		0.00482639
4806		0.00439043
4807		0.00547454
4808		0.00591821
4809		0.0048341
4810		0.00499228
4811		0.00576775
4812		0.0059375
4813		0.00511188
4814		0.0052662
4815		0.00644676
4816		0.00568673
4817		0.00645448
4818		0.0056713
4819		0.00643133
4820		0.00520448
4821		0.00633873
4822		0.00584491
4823		0.00609954
4824		0.00608796
4825		0.00713349
4826		0.00774306
4827		0.00689043
4828		0.00750386
4829		0.00675154
4830		0.00695216
4831		0.00738426
4832		0.00684799
4833		0.00744985
4834		0.0129244
4835		0.0125039
4836		0.0134452
4837		0.0131983
4838		0.0132948
4839		0.0128279
4840		0.013341
4841		0.0141937
4842		0.013885
4843		0.0141088
4844		0.0143596
4845		0.0155208
4846		0.0146335
4847		0.0148727
4848		0.0144483
4849		0.0153665
4850		0.0143634
4851		0.0138927
4852		0.0148071
4853		0.0155363
4854		0.0156443
4855		0.0158603
4856		0.0161227
4857		0.0147878
4858		0.0144483
4859		0.0112461
4860		0.0117515
4861		0.0125733
4862		0.0121258
4863		0.012419
4864		0.011983
4865		0.0114313
4866		0.0105594
4867		0.0106752
4868		0.00983796
4869		0.0104167
4870		0.0106597
4871		0.00985725
4872		0.0094483
4873		0.00937114
4874		0.00924768
4875		0.00953704
4876		0.0121258
4877		0.0108681
4878		0.0118943
4879		0.0112307
4880		0.0113927
4881		0.0107446
4882		0.0112384
4883		0.0127894
4884		0.0147492
4885		0.0143789
4886		0.0133218
4887		0.0138657
4888		0.013912
4889		0.0138773
4890		0.014811
4891		0.0143441
4892		0.0151196
4893		0.0150887
4894		0.0148264
4895		0.0133681
4896		0.0141782
4897		0.0157909
4898		0.0160417
4899		0.016902
4900		0.0187461
4901		0.0189853
4902		0.0203356
4903		0.0206906
4904		0.0204591
4905		0.0203202
4906		0.0191165
4907		0.0175849
4908		0.0174653
4909		0.0139969
4910		0.014919
4911		0.0111381
4912		0.00985725
4913		0.00928627
4914		0.0076929
4915		0.00692515
4916		0.00892361
4917		0.014375
4918		0.0216319
4919		0.0255633
4920		0.0336227
4921		0.036169
4922		0.0367014
4923		0.039267
4924		0.0421605
4925		0.043534
4926		0.052608
4927		0.0615895
4928		0.067662
4929		0.0780633
4930		0.0877083
4931		0.0931096
4932		0.0979784
4933		0.0960918
4934		0.0916397
4935		0.0950077
4936		0.0962886
4937		0.0971412
4938		0.0994753
4939		0.101188
4940		0.101389
4941		0.103449
4942		0.105756
4943		0.102832
4944		0.105436
4945		0.104263
4946		0.106331
4947		0.106343
4948		0.108503
4949		0.106053
4950		0.110451
4951		0.110235
4952		0.107747
4953		0.103422
4954		0.102581
4955		0.101088
4956		0.100644
4957		0.0944483
4958		0.0950502
4959		0.081466
4960		0.0874768
4961		0.0873303
4962		0.0790123
4963		0.0737963
4964		0.0742361
4965		0.0689738
4966		0.0656713
4967		0.0683179
4968		0.0642747
4969		0.0673418
4970		0.0638503
4971		0.0616088
4972		0.0534298
4973		0.0568827
4974		0.0581404
4975		0.0633603
4976		0.0647647
4977		0.0657485
4978		0.0623032
4979		0.0639815
4980		0.0573881
4981		0.0556983
4982		0.0580093
4983		0.0585918
4984		0.0528858
4985		0.050436
4986		0.0519406
4987		0.0518056
4988		0.0506829
4989		0.0509336
4990		0.0556404
4991		0.054321
4992		0.0533102
4993		0.0584992
4994		0.0572955
4995		0.0561844
4996		0.0622492
4997		0.0655324
4998		0.0665471
4999		0.070814
5000		0.0709452
5001		0.0707677
5002		0.0670023
5003		0.0669174
5004		0.0666667
5005		0.0708333
5006		0.0727585
5007		0.0770332
5008		0.083098
5009		0.0675231
5010		0.0628202
5011		0.0603009
5012		0.0602199
5013		0.0567631
5014		0.0524267
5015		0.0474228
5016		0.0392708
5017		0.0379205
5018		0.0395139
5019		0.0441628
5020		0.0448495
5021		0.0446219
5022		0.0416705
5023		0.0370718
5024		0.0383372
5025		0.0354707
5026		0.0365239
5027		0.0338079
5028		0.030027
5029		0.0273302
5030		0.025
5031		0.0224498
5032		0.0204205
5033		0.0179514
5034		0.0159529
5035		0.0156944
5036		0.0145409
5037		0.0169174
5038		0.0170332
5039		0.0154244
5040		0.0139853
5041		0.0146219
5042		0.0166821
5043		0.0157562
5044		0.0222145
5045		0.0220216
5046		0.0284414
5047		0.0339738
5048		0.0384182
5049		0.0470525
5050		0.0583488
5051		0.0672222
5052		0.0796065
5053		0.0926389
5054		0.0998071
5055		0.111806
5056		0.12348
5057		0.126701
5058		0.140131
5059		0.147701
5060		0.153704
5061		0.16838
5062		0.174317
5063		0.180691
5064		0.194267
5065		0.20358
5066		0.207361
5067		0.222909
5068		0.230664
5069		0.236373
5070		0.246574
5071		0.2601
5072		0.260833
5073		0.267215
5074		0.270872
5075		0.271528
5076		0.283958
5077		0.284977
5078		0.285463
5079		0.296952
5080		0.288889
5081		0.288283
5082		0.280189
5083		0.284375
5084		0.297292
5085		0.293333
5086		0.285355
5087		0.285579
5088		0.281848
5089		0.267184
5090		0.266848
5091		0.260748
5092		0.254336
5093		0.252747
5094		0.251304
5095		0.246709
5096		0.247319
5097		0.241798
5098		0.240367
5099		0.238407
5100		0.231019
5101		0.226265
5102		0.221983
5103		0.215853
5104		0.205378
5105		0.204718
5106		0.197238
5107		0.18564
5108		0.179213
5109		0.177346
5110		0.163387
5111		0.158395
5112		0.147658
5113		0.135459
5114		0.131508
5115		0.120856
5116		0.107654
5117		0.102103
5118		0.0927353
5119		0.0818634
5120		0.0789082
5121		0.0679861
5122		0.0534259
5123		0.0479784
5124		0.0414815
5125		0.0349074
5126		0.0295525
5127		0.022608
5128		0.0186497
5129		0.0163272
5130		0.0124074
5131		0.00673611
5132		0.00530478
5133		0.00417052
5134		0.00213349
5135		0.00167052
5136		0
5137		0.000960648
5138		0.000960648
5139		0
5140		0
5141		0.000960648
5142		0.000960648
5143		0.000960648
5144		0.000960648
5145		0.000960648
5146		0.000960648
5147		0
5148		0
5149		0.000960648
5150		0.000960648
5151		0.000960648
5152		0.000960648
5153		0.000960648
5154		0.0019213
5155		0.000960648
5156		0.000960648
5157		0.000960648
5158		0.00200231
5159		0.00193287
5160		0.00168981
5161		0.00265046
5162		0.00265046
5163		0.00260417
5164		0.00150463
5165		0.00142361
5166		0.00164352
5167		0.00260417
5168		0.00260417
5169		0.00260417
5170		0.00246528
5171		0.00184028
5172		0.00087963
5173		0.00184028
5174		0.00087963
5175		0.00184028
5176		0.00087963
5177		0.00087963
5178		0.00142361
5179		0.00142361
5180		0.00142361
5181		0.00142361
5182		0.00246528
5183		0.000462963
5184		0.00126929
5185		0.000308642
5186		0.000308642
5187		0.00126929
5188		0.00165509
5189		0.000694444
5190		0.00123843
5191		0.00123843
5192		0.00200231
5193		0.000960648
5194		0.000960648
5195		0.000960648
5196		0.00104167
5197		0.000960648
5198		0.000960648
5199		0.00208333
5200		0.00200231
5201		0.00104167
5202		0.00200231
5203		0.00104167
5204		0
5205		0
5206		0.00104167
5207		0.00104167
5208		0.00200231
5209		0.000960648
5210		0.000960648
5211		0.000960648
5212		0.00104167
5213		0.000960648
5214		0.000960648
5215		0.00104167
5216		0.00104167
5217		0.000960648
5218		0
5219		0.00104167
5220		0.00297454
5221		0.00255787
5222		0.00159722
5223		0.00255787
5224		0.00145833
5225		0.00145833
5226		0.00145833
5227		0.00137731
5228		0.00241898
5229		0.00137731
5230		0.00137731
5231		0.00104167
5232		0.00104167
5233		0.00104167
5234		0.00104167
5235		0.00104167
5236		0.00104167
5237		0
5238		0.00104167
5239		0.00131944
5240		0.00104167
5241		0.00104167
5242		0
5243		0
5244		0.00104167
5245		0.000416667
5246		0.000960648
5247		0.00137731
5248		0.00208333
5249		0.00241898
5250		0.000960648
5251		0.00269676
5252		0.000694444
5253		0.00165509
5254		0.00145833
5255		0.00137731
5256		0.000960648
5257		0.00641204
5258		0.0125
5259		0.0182215
5260		0.0256404
5261		0.0328009
5262		0.0366319
5263		0.0417284
5264		0.0460455
5265		0.0460725
5266		0.0477971
5267		0.0524035
5268		0.0527739
5269		0.0530131
5270		0.0556211
5271		0.0564892
5272		0.0571103
5273		0.0572492
5274		0.0603202
5275		0.0610455
5276		0.0624344
5277		0.0583372
5278		0.0598418
5279		0.0586111
5280		0.0579861
5281		0.0589429
5282		0.06049
5283		0.0604128
5284		0.0601389
5285		0.0637346
5286		0.0641589
5287		0.0651157
5288		0.0706096
5289		0.0730324
5290		0.0783256
5291		0.0850926
5292		0.090679
5293		0.0972531
5294		0.105262
5295		0.106921
5296		0.113418
5297		0.118194
5298		0.119946
5299		0.121119
5300		0.123758
5301		0.124282
5302		0.130687
5303		0.131636
5304		0.133048
5305		0.13304
5306		0.133758
5307		0.132847
5308		0.131651
5309		0.136377
5310		0.133673
5311		0.132639
5312		0.137519
5313		0.13863
5314		0.137396
5315		0.13738
5316		0.138492
5317		0.133939
5318		0.135714
5319		0.136316
5320		0.138681
5321		0.129803
5322		0.128646
5323		0.130158
5324		0.130899
5325		0.128985
5326		0.127809
5327		0.127438
5328		0.129383
5329		0.13017
5330		0.130841
5331		0.128488
5332		0.13088
5333		0.134198
5334		0.13311
5335		0.134927
5336		0.135934
5337		0.136871
5338		0.140556
5339		0.143711
5340		0.144977
5341		0.146327
5342		0.14652
5343		0.144552
5344		0.147029
5345		0.138056
5346		0.140895
5347		0.147809
5348		0.149699
5349		0.144136
5350		0.147137
5351		0.154522
5352		0.156898
5353		0.16348
5354		0.166103
5355		0.166983
5356		0.173526
5357		0.177431
5358		0.179711
5359		0.18561
5360		0.193426
5361		0.192921
5362		0.197897
5363		0.199379
5364		0.200529
5365		0.200725
5366		0.201944
5367		0.201914
5368		0.203835
5369		0.199853
5370		0.189707
5371		0.191466
5372		0.189228
5373		0.19412
5374		0.199996
5375		0.201856
5376		0.205216
5377		0.20593
5378		0.208017
5379		0.205737
5380		0.203592
5381		0.206154
5382		0.207566
5383		0.205849
5384		0.209525
5385		0.214826
5386		0.219815
5387		0.22782
5388		0.227207
5389		0.232242
5390		0.236752
5391		0.235613
5392		0.244055
5393		0.243688
5394		0.24103
5395		0.247782
5396		0.245027
5397		0.239707
5398		0.24336
5399		0.239853
5400		0.236821
5401		0.233198
5402		0.223345
5403		0.226011
5404		0.226794
5405		0.224367
5406		0.228245
5407		0.227396
5408		0.227353
5409		0.225814
5410		0.224896
5411		0.225779
5412		0.228171
5413		0.228792
5414		0.2237
5415		0.227184
5416		0.232608
5417		0.232477
5418		0.234078
5419		0.238476
5420		0.213912
5421		0.216088
5422		0.218048
5423		0.225231
5424		0.226331
5425		0.23164
5426		0.228889
5427		0.23135
5428		0.237847
5429		0.243059
5430		0.246748
5431		0.253927
5432		0.26559
5433		0.271458
5434		0.278353
5435		0.285625
5436		0.287755
5437		0.291385
5438		0.299865
5439		0.303588
5440		0.310895
5441		0.317967
5442		0.320837
5443		0.331211
5444		0.335228
5445		0.341725
5446		0.345783
5447		0.35657
5448		0.354965
5449		0.357157
5450		0.359958
5451		0.358634
5452		0.357018
5453		0.354734
5454		0.357091
5455		0.359927
5456		0.357589
5457		0.356061
5458		0.357924
5459		0.36235
5460		0.360127
5461		0.360405
5462		0.359969
5463		0.359263
5464		0.35451
5465		0.354533
5466		0.352832
5467		0.347431
5468		0.349255
5469		0.348769
5470		0.371393
5471		0.369769
5472		0.370517
5473		0.368569
5474		0.369907
5475		0.368194
5476		0.368329
5477		0.367323
5478		0.369853
5479		0.375467
5480		0.380648
5481		0.382214
5482		0.393368
5483		0.402396
5484		0.404942
5485		0.412442
5486		0.416273
5487		0.414865
5488		0.423206
5489		0.430976
5490		0.431319
5491		0.433495
5492		0.441246
5493		0.442681
5494		0.443137
5495		0.434483
5496		0.434124
5497		0.433738
5498		0.437743
5499		0.441254
5500		0.440741
5501		0.437689
5502		0.440231
5503		0.44265
5504		0.444259
5505		0.445336
5506		0.448044
5507		0.447542
5508		0.448426
5509		0.449491
5510		0.454711
5511		0.456844
5512		0.457446
5513		0.454321
5514		0.456327
5515		0.456582
5516		0.456219
5517		0.455664
5518		0.45517
5519		0.457091
5520		0.472465
5521		0.472087
5522		0.47488
5523		0.475066
5524		0.477874
5525		0.483194
5526		0.483206
5527		0.485467
5528		0.491547
5529		0.493214
5530		0.498221
5531		0.501427
5532		0.504317
5533		0.50887
5534		0.511393
5535		0.516011
5536		0.52292
5537		0.524244
5538		0.526123
5539		0.529676
5540		0.533418
5541		0.538048
5542		0.538549
5543		0.541389
5544		0.539907
5545		0.534934
5546		0.53961
5547		0.538746
5548		0.539695
5549		0.541655
5550		0.541169
5551		0.540876
5552		0.54402
5553		0.54485
5554		0.549263
5555		0.552095
5556		0.552149
5557		0.556084
5558		0.559352
5559		0.557975
5560		0.556111
5561		0.557407
5562		0.55733
5563		0.563094
5564		0.569414
5565		0.57311
5566		0.574205
5567		0.574491
5568		0.581088
5569		0.582708
5570		0.576277
5571		0.577654
5572		0.57973
5573		0.58782
5574		0.589159
5575		0.594255
5576		0.591138
5577		0.592056
5578		0.593356
5579		0.5989
5580		0.602531
5581		0.603202
5582		0.603684
5583		0.603395
5584		0.606624
5585		0.608835
5586		0.611605
5587		0.613441
5588		0.616103
5589		0.616582
5590		0.613183
5591		0.617701
5592		0.6164
5593		0.618495
5594		0.615116
5595		0.609938
5596		0.611111
5597		0.613611
5598		0.611154
5599		0.608086
5600		0.611192
5601		0.612735
5602		0.614857
5603		0.611331
5604		0.614803
5605		0.617481
5606		0.62071
5607		0.619857
5608		0.62424
5609		0.627681
5610		0.625667
5611		0.625775
5612		0.628106
5613		0.628746
5614		0.62755
5615		0.627087
5616		0.627863
5617		0.629826
5618		0.629498
5619		0.631103
5620		0.62912
5621		0.629996
5622		0.629985
5623		0.630486
5624		0.627052
5625		0.6313
5626		0.632735
5627		0.632288
5628		0.635899
5629		0.636427
5630		0.639792
5631		0.635745
5632		0.639838
5633		0.637542
5634		0.638738
5635		0.63777
5636		0.637276
5637		0.640143
5638		0.640737
5639		0.640293
5640		0.640204
5641		0.640691
5642		0.638333
5643		0.641971
5644		0.642812
5645		0.675575
5646		0.677685
5647		0.677512
5648		0.67811
5649		0.674784
5650		0.675521
5651		0.675019
5652		0.674344
5653		0.672735
5654		0.674267
5655		0.674552
5656		0.674201
5657		0.671894
5658		0.67635
5659		0.673789
5660		0.672377
5661		0.673399
5662		0.674634
5663		0.675251
5664		0.676339
5665		0.676582
5666		0.678912
5667		0.677288
5668		0.678569
5669		0.677118
5670		0.670316
5671		0.668924
5672		0.671454
5673		0.67189
5674		0.673696
5675		0.675008
5676		0.674074
5677		0.671412
5678		0.674167
5679		0.671898
5680		0.676242
5681		0.676289
5682		0.677245
5683		0.674051
5684		0.677732
5685		0.680802
5686		0.677562
5687		0.67809
5688		0.676466
5689		0.677913
5690		0.683291
5691		0.680667
5692		0.6787
5693		0.678549
5694		0.684294
5695		0.671829
5696		0.672955
5697		0.672936
5698		0.66988
5699		0.672948
5700		0.674035
5701		0.674919
5702		0.681589
5703		0.682623
5704		0.687265
5705		0.691856
5706		0.695968
5707		0.694776
5708		0.696821
5709		0.699182
5710		0.700197
5711		0.721188
5712		0.725174
5713		0.726281
5714		0.731698
5715		0.730131
5716		0.733657
5717		0.737689
5718		0.740802
5719		0.740664
5720		0.766983
5721		0.76723
5722		0.769653
5723		0.768403
5724		0.762284
5725		0.768573
5726		0.766335
5727		0.765509
5728		0.769275
5729		0.767338
5730		0.768526
5731		0.77201
5732		0.775992
5733		0.777257
5734		0.776069
5735		0.778005
5736		0.776134
5737		0.779807
