              1        0.016235        0.000417
              2        0.025875        0.006701
              3        0.035779        0.013973
              4        0.046642        0.023629
              5        0.056539        0.031669
              6        0.067255        0.040340
              7        0.078079        0.049920
              8        0.089417        0.059461
              9        0.100544        0.068999
             10        0.104235        0.079647
             11        0.107000        0.086856
             12        0.110317        0.092972
             13        0.113309        0.097035
             14        0.116454        0.099926
             15        0.119491        0.102713
             16        0.122610        0.104014
             17        0.125319        0.104213
             18        0.127968        0.104055
             19        0.130892        0.103830
             20        0.133369        0.103603
             21        0.135247        0.102790
             22        0.136898        0.101934
             23        0.137836        0.101312
             24        0.137722        0.099110
             25        0.139333        0.098727
             26        0.140958        0.097673
             27        0.142927        0.097361
             28        0.144951        0.096991
             29        0.147681        0.096157
             30        0.150122        0.095563
             31        0.152369        0.093520
             32        0.154216        0.090863
             33        0.157014        0.088880
             34        0.158725        0.086796
             35        0.160315        0.085582
             36        0.161843        0.084671
             37        0.163514        0.084293
             38        0.164302        0.084116
             39        0.165620        0.082455
             40        0.167429        0.081296
             41        0.169137        0.080455
             42        0.172488        0.080611
             43        0.177214        0.081807
             44        0.182154        0.083495
             45        0.187665        0.086046
             46        0.193375        0.089054
             47        0.198636        0.091131
             48        0.203335        0.095918
             49        0.208517        0.100133
             50        0.212964        0.105040
             51        0.215792        0.110457
             52        0.217443        0.115491
             53        0.218556        0.119383
             54        0.219367        0.123480
             55        0.221037        0.125827
             56        0.222665        0.127390
             57        0.224647        0.128102
             58        0.227167        0.130103
             59        0.229753        0.130707
             60        0.232014        0.133644
             61        0.234673        0.134310
             62        0.237992        0.136835
             63        0.241046        0.138778
             64        0.243559        0.141586
             65        0.246194        0.144955
             66        0.248645        0.148742
             67        0.250378        0.152168
             68        0.252074        0.153864
             69        0.254193        0.154719
             70        0.256205        0.156145
             71        0.257642        0.156083
             72        0.259656        0.154511
             73        0.260267        0.153951
             74        0.261181        0.152074
             75        0.261134        0.149102
             76        0.260943        0.145954
             77        0.260608        0.143323
             78        0.259846        0.139556
             79        0.258140        0.136130
             80        0.256648        0.131685
             81        0.254980        0.124880
             82        0.253694        0.119378
             83        0.252174        0.112944
             84        0.250687        0.106977
             85        0.249474        0.102644
             86        0.247802        0.098252
             87        0.246420        0.094281
             88        0.245532        0.090384
             89        0.244438        0.086529
             90        0.243414        0.084486
             91        0.242443        0.081998
             92        0.241309        0.079809
             93        0.240250        0.076022
             94        0.239284        0.072323
             95        0.238347        0.068435
             96        0.237725        0.064176
             97        0.237014        0.059790
             98        0.237392        0.058057
             99        0.237644        0.054941
            100        0.237407        0.052414
            101        0.237301        0.050247
            102        0.237670        0.048392
            103        0.237799        0.047100
            104        0.237980        0.045417
            105        0.238250        0.043867
            106        0.238392        0.039755
            107        0.237833        0.035721
            108        0.237647        0.032022
            109        0.237531        0.028403
            110        0.237318        0.027440
            111        0.237008        0.025435
            112        0.237012        0.023785
            113        0.237137        0.022133
            114        0.236943        0.020881
            115        0.237242        0.021355
            116        0.237752        0.021571
            117        0.237937        0.022031
            118        0.238259        0.021758
            119        0.238397        0.020448
            120        0.238401        0.019307
            121        0.237963        0.018265
            122        0.237812        0.017002
            123        0.235948        0.017083
            124        0.235068        0.016711
            125        0.234187        0.016989
            126        0.233117        0.016864
            127        0.231693        0.017011
            128        0.230605        0.016640
            129        0.229850        0.016295
            130        0.229252        0.015790
            131        0.228932        0.015267
            132        0.229224        0.013867
            133        0.228944        0.011951
            134        0.229056        0.010202
            135        0.228733        0.010819
            136        0.228693        0.010384
            137        0.229089        0.010221
            138        0.229798        0.010549
            139        0.231323        0.012088
            140        0.232773        0.013384
            141        0.234818        0.015526
            142        0.237694        0.019099
            143        0.240205        0.021324
            144        0.242998        0.023025
            145        0.244955        0.024285
            146        0.246503        0.025617
            147        0.247539        0.027332
            148        0.246444        0.031056
            149        0.246560        0.033440
            150        0.245688        0.036080
            151        0.244278        0.037276
            152        0.242614        0.038611
            153        0.240713        0.039424
            154        0.239052        0.040836
            155        0.237485        0.042128
            156        0.236710        0.041315
            157        0.236543        0.039736
            158        0.235827        0.037336
            159        0.234929        0.034457
            160        0.236069        0.035052
            161        0.236298        0.033858
            162        0.236424        0.032934
            163        0.236691        0.032202
            164        0.237238        0.031065
            165        0.237832        0.031082
            166        0.238310        0.030731
            167        0.238923        0.030526
            168        0.239637        0.028719
            169        0.239935        0.026748
            170        0.240571        0.024627
            171        0.241276        0.023015
            172        0.242520        0.021593
            173        0.241792        0.022752
            174        0.242295        0.022889
            175        0.242216        0.022926
            176        0.242196        0.023258
            177        0.242477        0.024397
            178        0.242682        0.025608
            179        0.242687        0.027486
            180        0.242414        0.029443
            181        0.242427        0.030194
            182        0.243042        0.029875
            183        0.242960        0.028850
            184        0.243270        0.028000
            185        0.242353        0.028634
            186        0.242106        0.028631
            187        0.241890        0.029000
            188        0.241407        0.028952
            189        0.241069        0.028816
            190        0.240336        0.028795
            191        0.239895        0.029630
            192        0.240170        0.030860
            193        0.240819        0.031164
            194        0.242787        0.032083
            195        0.244602        0.033162
            196        0.245858        0.033764
            197        0.247864        0.035227
            198        0.249299        0.037179
            199        0.251457        0.039289
            200        0.252886        0.041312
            201        0.254704        0.043627
            202        0.257582        0.047267
            203        0.260665        0.051219
            204        0.264353        0.056128
            205        0.270162        0.062529
            206        0.276608        0.068367
            207        0.284096        0.074722
            208        0.291849        0.081193
            209        0.300222        0.088253
            210        0.309960        0.100835
            211        0.319870        0.110323
            212        0.329883        0.119278
            213        0.340142        0.128471
            214        0.350270        0.137610
            215        0.360005        0.146781
            216        0.369142        0.155165
            217        0.378924        0.163156
            218        0.387270        0.167466
            219        0.395903        0.170188
            220        0.403211        0.173145
            221        0.409540        0.174816
            222        0.414823        0.176019
            223        0.417696        0.178790
            224        0.421389        0.179549
            225        0.424633        0.179588
            226        0.426722        0.179702
            227        0.429985        0.180699
            228        0.432159        0.180830
            229        0.434531        0.180451
            230        0.436904        0.180599
            231        0.439324        0.178941
            232        0.442821        0.177776
            233        0.445247        0.175843
            234        0.446519        0.172461
            235        0.448958        0.172429
            236        0.451002        0.170931
            237        0.452582        0.168889
            238        0.453870        0.167807
            239        0.454696        0.166111
            240        0.456079        0.164059
            241        0.456964        0.162093
            242        0.458268        0.159864
            243        0.459705        0.154264
            244        0.460793        0.150336
            245        0.461443        0.145966
            246        0.461847        0.140147
            247        0.462824        0.134887
            248        0.463122        0.134039
            249        0.463657        0.131264
            250        0.465975        0.129836
            251        0.468042        0.129735
            252        0.470921        0.131269
            253        0.475417        0.133636
            254        0.480000        0.136037
            255        0.485151        0.138801
            256        0.490721        0.132776
