The video is over!
Frame Number 	Queue Density
1		0.0772608
2		0.0843673
3		0.0876929
4		0.0943171
5		0.0994599
6		0.0995949
7		0.101917
8		0.107612
9		0.105463
10		0.10407
11		0.104965
12		0.105957
13		0.107546
14		0.112083
15		0.113735
16		0.114684
17		0.116073
18		0.115625
19		0.117963
20		0.120656
21		0.121088
22		0.123318
23		0.127978
24		0.130671
25		0.132755
26		0.133657
27		0.137269
28		0.137149
29		0.139313
30		0.140054
31		0.142049
32		0.141393
33		0.143951
34		0.144684
35		0.142944
36		0.142546
37		0.143434
38		0.14767
39		0.145509
40		0.14581
41		0.144545
42		0.144911
43		0.147697
44		0.149159
45		0.146327
46		0.149035
47		0.145999
48		0.145586
49		0.14929
50		0.152824
51		0.149479
52		0.155887
53		0.156705
54		0.158233
55		0.163403
56		0.163364
57		0.165278
58		0.171435
59		0.170556
60		0.171512
61		0.174124
62		0.172662
63		0.17272
64		0.168924
65		0.168993
66		0.168935
67		0.16794
68		0.164715
69		0.167461
70		0.170687
71		0.169576
72		0.17142
73		0.169232
74		0.176026
75		0.176806
76		0.176073
77		0.172932
78		0.174275
79		0.177546
80		0.179398
81		0.180702
82		0.182037
83		0.189163
84		0.192832
85		0.196412
86		0.201019
87		0.20167
88		0.20581
89		0.216508
90		0.216474
91		0.222593
92		0.22304
93		0.225131
94		0.224996
95		0.221246
96		0.22184
97		0.226022
98		0.225698
99		0.223299
100		0.223831
101		0.219479
102		0.219703
103		0.216111
104		0.217195
105		0.214572
106		0.213202
107		0.215633
108		0.214834
109		0.219379
110		0.226238
111		0.227033
112		0.232863
113		0.234691
114		0.236428
115		0.243152
116		0.247199
117		0.24701
118		0.248287
119		0.249911
120		0.250478
121		0.250694
122		0.248106
123		0.248638
124		0.250984
125		0.252153
126		0.252465
127		0.251111
128		0.254394
129		0.255178
130		0.257867
131		0.258762
132		0.260351
133		0.258951
134		0.262103
135		0.264699
136		0.264471
137		0.266073
138		0.268468
139		0.265679
140		0.267431
141		0.266535
142		0.26684
143		0.265806
144		0.268711
145		0.259653
146		0.261393
147		0.261628
148		0.258893
149		0.255401
150		0.259954
151		0.258819
152		0.261806
153		0.264036
154		0.263418
155		0.261929
156		0.259691
157		0.257465
158		0.254363
159		0.254028
160		0.253596
161		0.252774
162		0.252454
163		0.253291
164		0.249614
165		0.251848
166		0.251898
167		0.251485
168		0.248931
169		0.247095
170		0.250201
171		0.250567
172		0.24816
173		0.247789
174		0.243677
175		0.243356
176		0.243009
177		0.244495
178		0.242731
179		0.241285
180		0.242323
181		0.242569
182		0.241794
183		0.241883
184		0.239522
185		0.241917
186		0.24032
187		0.240525
188		0.240714
189		0.239425
190		0.239016
191		0.239151
192		0.238615
193		0.240266
194		0.240239
195		0.248156
196		0.248974
197		0.248399
198		0.247469
199		0.245995
200		0.2437
201		0.246215
202		0.246042
203		0.245204
204		0.245694
205		0.24385
206		0.244487
207		0.241925
208		0.24439
209		0.243302
210		0.242623
211		0.244502
212		0.245212
213		0.245355
214		0.244969
215		0.246103
216		0.245992
217		0.244039
218		0.244028
219		0.244765
220		0.23657
221		0.236794
222		0.237654
223		0.237222
224		0.236883
225		0.238009
226		0.238372
227		0.242477
228		0.236937
229		0.239776
230		0.238627
231		0.240787
232		0.240841
233		0.241613
234		0.238607
235		0.241022
236		0.244583
237		0.242577
238		0.240139
239		0.237647
240		0.237955
241		0.237045
242		0.23939
243		0.237431
244		0.238866
245		0.238777
246		0.239884
247		0.241593
248		0.240586
249		0.241817
250		0.241269
251		0.238318
252		0.238758
253		0.23978
254		0.239213
255		0.239055
256		0.237982
257		0.239491
258		0.236536
259		0.238974
260		0.234703
261		0.236998
262		0.235301
263		0.236682
264		0.23598
265		0.236053
266		0.236177
267		0.23532
268		0.235382
269		0.234641
270		0.232002
271		0.230745
272		0.233468
273		0.234857
274		0.235035
275		0.235359
276		0.235394
277		0.241736
278		0.245077
279		0.245818
280		0.249144
281		0.251431
282		0.251578
283		0.250228
284		0.255671
285		0.256277
286		0.258499
287		0.256019
288		0.256046
289		0.254934
290		0.250509
291		0.252207
292		0.251767
293		0.250436
294		0.249514
295		0.241682
296		0.240154
297		0.238279
298		0.240147
299		0.244452
300		0.243407
301		0.241725
302		0.242384
303		0.243877
304		0.241211
305		0.239637
306		0.240193
307		0.24076
308		0.2414
309		0.2399
310		0.240502
311		0.239163
312		0.238638
313		0.238387
314		0.239093
315		0.239934
316		0.238769
317		0.236948
318		0.23591
319		0.235328
320		0.240671
321		0.238449
322		0.237886
323		0.241574
324		0.2376
325		0.239252
326		0.239421
327		0.238526
328		0.239066
329		0.238441
330		0.242214
331		0.239387
332		0.239583
333		0.241188
334		0.24064
335		0.242199
336		0.241427
337		0.239857
338		0.240193
339		0.24233
340		0.241358
341		0.243461
342		0.245926
343		0.245764
344		0.249275
345		0.239653
346		0.242037
347		0.247685
348		0.244819
349		0.24564
350		0.245556
351		0.244838
352		0.24375
353		0.245783
354		0.24527
355		0.245251
356		0.247303
357		0.247245
358		0.247153
359		0.246555
360		0.244352
361		0.247392
362		0.247554
363		0.248742
364		0.249834
365		0.250293
366		0.247014
367		0.249668
368		0.24848
369		0.248924
370		0.246725
371		0.24684
372		0.247789
373		0.2463
374		0.246069
375		0.246501
376		0.245934
377		0.248214
378		0.248349
379		0.246107
380		0.246373
381		0.243738
382		0.248515
383		0.249846
384		0.251921
385		0.255586
386		0.258777
387		0.256235
388		0.255802
389		0.259005
390		0.260548
391		0.256478
392		0.259664
393		0.258627
394		0.261462
395		0.255093
396		0.25407
397		0.258229
398		0.257596
399		0.257014
400		0.259321
401		0.256574
402		0.260772
403		0.262241
404		0.266512
405		0.270158
406		0.27728
407		0.282604
408		0.287322
409		0.292546
410		0.300397
411		0.304911
412		0.312477
413		0.317215
414		0.321184
415		0.321497
416		0.328719
417		0.331663
418		0.337396
419		0.342461
420		0.343908
421		0.349194
422		0.356798
423		0.358472
424		0.367157
425		0.374105
426		0.37713
427		0.379745
428		0.38461
429		0.387994
430		0.394344
431		0.396061
432		0.399008
433		0.403603
434		0.407797
435		0.410845
436		0.411644
437		0.417539
438		0.418549
439		0.422855
440		0.422789
441		0.421489
442		0.425235
443		0.427315
444		0.429228
445		0.422577
446		0.42412
447		0.427512
448		0.427045
449		0.432369
450		0.431968
451		0.430343
452		0.436651
453		0.439394
454		0.440359
455		0.441991
456		0.443538
457		0.444811
458		0.450031
459		0.449522
460		0.450328
461		0.448854
462		0.45137
463		0.451346
464		0.45304
465		0.452365
466		0.450629
467		0.449568
468		0.448661
469		0.452114
470		0.46272
471		0.461728
472		0.464136
473		0.464479
474		0.462558
475		0.465833
476		0.465876
477		0.464275
478		0.463939
479		0.465609
480		0.46581
481		0.467562
482		0.469062
483		0.466061
484		0.467338
485		0.467361
486		0.467704
487		0.466196
488		0.467137
489		0.467589
490		0.470505
491		0.469309
492		0.470235
493		0.46941
494		0.470826
495		0.470505
496		0.470725
497		0.474051
498		0.474024
499		0.477677
500		0.480316
501		0.47804
502		0.484402
503		0.490023
504		0.493013
505		0.495764
506		0.50512
507		0.507531
508		0.512446
509		0.517319
510		0.517485
511		0.521775
512		0.523519
513		0.525081
514		0.525224
515		0.528735
516		0.528368
517		0.527917
518		0.531798
519		0.531964
520		0.535594
521		0.539468
522		0.540667
523		0.542311
524		0.542122
525		0.544082
526		0.54483
527		0.545776
528		0.548264
529		0.549186
530		0.548704
531		0.548318
532		0.549564
533		0.545081
534		0.545822
535		0.545525
536		0.548357
537		0.544221
538		0.544163
539		0.541925
540		0.543356
541		0.543218
542		0.547863
543		0.551184
544		0.553499
545		0.525455
546		0.528399
547		0.528071
548		0.528144
549		0.532639
550		0.530602
551		0.527944
552		0.526208
553		0.528657
554		0.528584
555		0.529699
556		0.529016
557		0.531466
558		0.531829
559		0.526867
560		0.528225
561		0.532569
562		0.52833
563		0.526867
564		0.526705
565		0.526022
566		0.524664
567		0.528291
568		0.523854
569		0.527562
570		0.529954
571		0.532612
572		0.537072
573		0.538445
574		0.541304
575		0.5437
576		0.543449
577		0.542087
578		0.544842
579		0.548534
580		0.555243
581		0.556277
582		0.556948
583		0.558395
584		0.559622
585		0.558248
586		0.561551
587		0.563573
588		0.563846
589		0.564595
590		0.56142
591		0.565112
592		0.561794
593		0.564151
594		0.565999
595		0.555158
596		0.557651
597		0.556601
598		0.558576
599		0.559992
600		0.563287
601		0.566682
602		0.567689
603		0.565436
604		0.569244
605		0.571763
606		0.571763
607		0.574186
608		0.576744
609		0.577774
610		0.577434
611		0.584965
612		0.585961
613		0.589533
614		0.593418
615		0.596991
616		0.596404
617		0.59914
618		0.598434
619		0.604742
620		0.59848
621		0.601902
622		0.605409
623		0.608426
624		0.609143
625		0.611412
626		0.615347
627		0.614275
628		0.613372
629		0.614383
630		0.614282
631		0.615509
632		0.618642
633		0.620478
634		0.619456
635		0.619024
636		0.620046
637		0.620525
638		0.616802
639		0.616794
640		0.616979
641		0.61777
642		0.616107
643		0.618276
644		0.618515
645		0.629008
646		0.630559
647		0.631863
648		0.632299
649		0.633546
650		0.635239
651		0.635039
652		0.633951
653		0.63309
654		0.636127
655		0.637928
656		0.639325
657		0.640721
658		0.643067
659		0.641574
660		0.640872
661		0.641933
662		0.643542
663		0.644113
664		0.644441
665		0.646898
666		0.642461
667		0.644078
668		0.647504
669		0.643457
670		0.625004
671		0.626902
672		0.626898
673		0.63125
674		0.628731
675		0.630552
676		0.630733
677		0.631011
678		0.636211
679		0.631721
680		0.635143
681		0.639306
682		0.637863
683		0.642801
684		0.642199
685		0.641833
686		0.644387
687		0.64353
688		0.643314
689		0.645567
690		0.644826
691		0.644672
692		0.645571
693		0.646219
694		0.64733
695		0.631975
696		0.630498
697		0.634703
698		0.635907
699		0.635417
700		0.635239
701		0.633237
702		0.633665
703		0.635108
704		0.636493
705		0.636589
706		0.637357
707		0.638673
708		0.637724
709		0.640517
710		0.639066
711		0.640162
712		0.641644
713		0.641867
714		0.641076
715		0.641921
716		0.642805
717		0.643345
718		0.645629
719		0.644163
720		0.637195
721		0.637284
722		0.640285
723		0.64147
724		0.641759
725		0.643727
726		0.645262
727		0.64593
728		0.644005
729		0.643453
730		0.644333
731		0.643052
732		0.643873
733		0.640737
734		0.645216
735		0.647635
736		0.648511
737		0.649178
738		0.649144
739		0.649101
740		0.647828
741		0.648696
742		0.651088
743		0.650683
744		0.653148
745		0.627361
746		0.630679
747		0.632724
748		0.632114
749		0.633279
750		0.635448
751		0.619479
752		0.620641
753		0.622782
754		0.62483
755		0.624676
756		0.623924
757		0.629105
758		0.627612
759		0.627677
760		0.628681
761		0.629491
762		0.630575
763		0.628522
764		0.630617
765		0.631536
766		0.631281
767		0.63294
768		0.62858
769		0.62875
770		0.64387
771		0.642666
772		0.641501
773		0.642276
774		0.638368
775		0.643287
776		0.642789
777		0.64765
778		0.648792
779		0.648287
780		0.64755
781		0.648083
782		0.653966
783		0.65255
784		0.651732
785		0.651578
786		0.653831
787		0.656655
788		0.654468
789		0.655675
790		0.657141
791		0.661806
792		0.663688
793		0.665586
794		0.671871
795		0.633611
796		0.633495
797		0.636616
798		0.63978
799		0.641497
800		0.645305
801		0.651046
802		0.652319
803		0.652145
804		0.6476
805		0.654564
806		0.652481
807		0.654066
808		0.657951
809		0.65576
810		0.656825
811		0.659495
812		0.660698
813		0.662164
814		0.661597
815		0.665139
816		0.663009
817		0.664194
818		0.664838
819		0.667782
820		0.655382
821		0.655405
822		0.655316
823		0.657558
824		0.661678
825		0.660845
826		0.66064
827		0.66402
828		0.665162
829		0.665826
830		0.666146
831		0.66858
832		0.666262
833		0.665116
834		0.667342
835		0.669873
836		0.671971
837		0.674452
838		0.675386
839		0.676281
840		0.676065
841		0.679541
842		0.676316
843		0.6811
844		0.68091
845		0.679298
846		0.676605
847		0.678083
848		0.681277
849		0.67657
850		0.681127
851		0.681563
852		0.683881
853		0.679036
854		0.680822
855		0.678252
856		0.68147
857		0.678491
858		0.682643
859		0.683669
860		0.683866
861		0.686454
862		0.685837
863		0.686987
864		0.684861
865		0.688638
866		0.686925
867		0.688538
868		0.689375
869		0.689325
870		0.668673
871		0.666339
872		0.668245
873		0.668627
874		0.671269
875		0.67061
876		0.669001
877		0.670694
878		0.671289
879		0.672338
880		0.659402
881		0.658989
882		0.659857
883		0.655147
884		0.658002
885		0.659259
886		0.660513
887		0.659344
888		0.663337
889		0.663534
890		0.665436
891		0.664711
892		0.665594
893		0.664228
894		0.664784
895		0.663684
896		0.667882
897		0.669028
898		0.66848
899		0.668148
900		0.667029
901		0.669452
902		0.671397
903		0.674714
904		0.673264
905		0.684379
906		0.6839
907		0.683584
908		0.685293
909		0.684495
910		0.683916
911		0.684251
912		0.684333
913		0.684109
914		0.682377
915		0.68338
916		0.684028
917		0.683518
918		0.682442
919		0.6811
920		0.683476
921		0.682685
922		0.683997
923		0.685259
924		0.686825
925		0.684738
926		0.6864
927		0.687377
928		0.68897
929		0.691597
930		0.667002
931		0.667604
932		0.668368
933		0.671806
934		0.670019
935		0.673013
936		0.673318
937		0.677361
938		0.679807
939		0.679294
940		0.683461
941		0.682897
942		0.683063
943		0.686134
944		0.687014
945		0.685367
946		0.684549
947		0.685656
948		0.685752
949		0.688052
950		0.686697
951		0.684032
952		0.686146
953		0.682319
954		0.682936
955		0.678742
956		0.678773
957		0.679047
958		0.677195
959		0.68424
960		0.680532
961		0.678738
962		0.682523
963		0.68485
964		0.683245
965		0.685274
966		0.685324
967		0.686759
968		0.685745
969		0.685366
970		0.686427
971		0.687631
972		0.688025
973		0.689645
974		0.689117
975		0.689514
976		0.691474
977		0.692758
978		0.690482
979		0.692049
980		0.683684
981		0.684043
982		0.686736
983		0.687118
984		0.688866
985		0.689823
986		0.689556
987		0.687006
988		0.684904
989		0.686551
990		0.690556
991		0.690498
992		0.690262
993		0.693796
994		0.696512
995		0.697292
996		0.69912
997		0.698225
998		0.699336
999		0.698927
1000		0.699815
1001		0.677207
1002		0.678634
1003		0.678179
1004		0.678279
1005		0.675498
1006		0.674803
1007		0.675382
1008		0.674807
1009		0.677369
1010		0.679387
1011		0.670509
1012		0.669325
1013		0.66929
1014		0.671597
1015		0.669703
1016		0.670957
1017		0.671836
1018		0.66902
1019		0.669634
1020		0.670903
1021		0.672593
1022		0.671755
1023		0.672396
1024		0.671798
1025		0.675972
1026		0.675949
1027		0.673627
1028		0.674776
1029		0.673978
1030		0.674356
1031		0.673943
1032		0.676863
1033		0.67635
1034		0.676964
1035		0.67716
1036		0.673422
1037		0.669896
1038		0.673657
1039		0.675934
1040		0.677184
1041		0.677589
1042		0.678129
1043		0.677295
1044		0.676084
1045		0.676231
1046		0.678677
1047		0.679568
1048		0.682438
1049		0.682473
1050		0.683291
1051		0.683025
1052		0.683777
1053		0.683862
1054		0.685775
1055		0.685262
1056		0.683804
1057		0.684483
1058		0.684128
1059		0.684622
1060		0.683796
1061		0.677338
1062		0.678935
1063		0.677924
1064		0.675436
1065		0.676165
1066		0.678248
1067		0.676304
1068		0.676721
1069		0.676879
1070		0.675876
1071		0.681169
1072		0.679946
1073		0.679028
1074		0.680139
1075		0.681906
1076		0.682442
1077		0.682334
1078		0.683353
1079		0.682732
1080		0.686235
1081		0.687986
1082		0.686817
1083		0.688985
1084		0.688384
1085		0.690571
1086		0.677531
1087		0.679456
1088		0.678426
1089		0.678665
1090		0.678738
1091		0.680378
1092		0.675737
1093		0.682936
1094		0.678885
1095		0.679441
1096		0.679823
1097		0.680826
1098		0.68037
1099		0.68081
1100		0.680409
1101		0.680949
1102		0.682766
1103		0.681088
1104		0.685181
1105		0.682504
1106		0.680583
1107		0.682369
1108		0.681852
1109		0.68162
1110		0.680096
1111		0.676917
1112		0.675675
1113		0.677886
1114		0.680575
1115		0.680343
1116		0.678399
1117		0.678005
1118		0.677334
1119		0.677651
1120		0.676678
1121		0.678754
1122		0.679012
1123		0.680652
1124		0.678646
1125		0.678183
1126		0.680552
1127		0.679529
1128		0.678646
1129		0.677052
1130		0.681138
1131		0.681478
1132		0.680455
1133		0.680964
1134		0.678557
1135		0.679244
1136		0.664298
1137		0.667774
1138		0.664622
1139		0.668607
1140		0.669942
1141		0.668484
1142		0.66941
1143		0.665301
1144		0.666454
1145		0.667415
1146		0.668723
1147		0.671914
1148		0.672257
1149		0.674502
1150		0.674502
1151		0.675162
1152		0.675922
1153		0.675953
1154		0.677905
1155		0.674769
1156		0.674664
1157		0.674186
1158		0.6736
1159		0.675529
1160		0.675721
1161		0.684279
1162		0.68267
1163		0.681686
1164		0.685486
1165		0.681482
1166		0.68299
1167		0.686165
1168		0.679911
1169		0.680409
1170		0.681643
1171		0.682531
1172		0.687758
1173		0.684093
1174		0.680806
1175		0.682793
1176		0.684491
1177		0.685081
1178		0.683418
1179		0.685571
1180		0.6875
1181		0.687214
1182		0.688005
1183		0.689703
1184		0.691331
1185		0.687442
1186		0.680093
1187		0.681617
1188		0.682635
1189		0.682438
1190		0.681964
1191		0.681304
1192		0.6787
1193		0.680386
1194		0.681508
1195		0.681003
1196		0.679618
1197		0.682924
1198		0.68213
1199		0.687434
1200		0.687149
1201		0.686748
1202		0.685451
1203		0.684668
1204		0.685177
1205		0.685177
1206		0.684668
1207		0.68564
1208		0.685691
1209		0.685351
1210		0.686235
1211		0.678958
1212		0.675351
1213		0.675822
1214		0.674429
1215		0.677462
1216		0.672569
1217		0.67561
1218		0.677631
1219		0.680108
1220		0.681474
1221		0.683437
1222		0.684016
1223		0.686158
1224		0.686802
1225		0.687986
1226		0.686651
1227		0.686431
1228		0.684309
1229		0.687419
1230		0.689826
1231		0.690444
1232		0.688927
1233		0.688758
1234		0.687535
1235		0.686713
1236		0.68995
1237		0.691335
1238		0.691362
1239		0.694259
1240		0.695995
1241		0.695814
1242		0.698438
1243		0.698144
1244		0.699518
1245		0.698835
1246		0.693017
1247		0.694359
1248		0.698221
1249		0.696806
1250		0.6974
1251		0.68767
1252		0.687786
1253		0.687793
1254		0.686663
1255		0.688804
1256		0.689171
1257		0.69201
1258		0.693893
1259		0.693696
1260		0.696076
1261		0.675721
1262		0.679529
1263		0.681628
1264		0.681042
1265		0.683395
1266		0.684942
1267		0.683079
1268		0.680328
1269		0.687257
1270		0.687562
1271		0.689452
1272		0.690054
1273		0.687492
1274		0.690498
1275		0.68591
1276		0.687184
1277		0.687234
1278		0.686617
1279		0.685594
1280		0.682828
1281		0.681404
1282		0.679977
1283		0.679942
1284		0.681292
1285		0.680413
1286		0.684024
1287		0.685548
1288		0.686165
1289		0.690316
1290		0.688661
1291		0.690216
1292		0.691435
1293		0.689406
1294		0.692461
1295		0.694336
1296		0.695058
1297		0.693854
1298		0.693314
1299		0.689842
1300		0.690548
1301		0.68853
1302		0.687863
1303		0.690189
1304		0.69211
1305		0.685914
1306		0.686562
1307		0.687168
1308		0.686543
1309		0.688183
1310		0.687809
1311		0.664163
1312		0.664599
1313		0.665139
1314		0.665864
1315		0.66679
1316		0.664383
1317		0.666524
1318		0.670351
1319		0.670031
1320		0.673225
1321		0.672955
1322		0.67429
1323		0.670857
1324		0.67397
1325		0.671586
1326		0.675309
1327		0.67326
1328		0.675737
1329		0.676586
1330		0.675957
1331		0.67706
1332		0.675903
1333		0.675791
1334		0.67679
1335		0.674803
1336		0.669923
1337		0.670876
1338		0.671836
1339		0.672558
1340		0.671019
1341		0.673384
1342		0.673507
1343		0.671971
1344		0.673194
1345		0.673947
1346		0.672959
1347		0.674749
1348		0.676076
1349		0.676281
1350		0.674336
1351		0.674649
1352		0.676863
1353		0.676069
1354		0.676948
1355		0.678056
1356		0.677465
1357		0.679931
1358		0.674761
1359		0.672288
1360		0.672751
1361		0.662882
1362		0.664171
1363		0.664823
1364		0.668673
1365		0.666995
1366		0.667751
1367		0.668576
1368		0.668522
1369		0.669236
1370		0.66946
1371		0.668364
1372		0.665266
1373		0.666786
1374		0.664645
1375		0.668414
1376		0.666972
1377		0.66978
1378		0.672473
1379		0.671524
1380		0.671227
1381		0.67316
1382		0.672311
1383		0.670629
1384		0.672504
1385		0.670995
1386		0.673376
1387		0.673796
1388		0.673924
1389		0.675579
1390		0.674838
1391		0.679375
1392		0.679201
1393		0.67799
1394		0.679194
1395		0.681647
1396		0.681593
1397		0.680559
1398		0.681836
1399		0.68245
1400		0.682234
1401		0.680347
1402		0.685579
1403		0.684892
1404		0.685972
1405		0.685008
1406		0.685312
1407		0.683476
1408		0.685814
1409		0.685799
1410		0.686485
1411		0.675517
1412		0.675517
1413		0.67755
1414		0.677785
1415		0.678677
1416		0.677747
1417		0.680259
1418		0.681902
1419		0.681234
1420		0.682241
1421		0.682045
1422		0.682083
1423		0.682481
1424		0.68424
1425		0.68593
1426		0.688102
1427		0.689155
1428		0.688646
1429		0.689522
1430		0.694051
1431		0.698997
1432		0.699228
1433		0.700945
1434		0.703569
1435		0.706022
1436		0.708704
1437		0.705629
1438		0.710066
1439		0.7099
1440		0.709622
1441		0.714653
1442		0.714618
1443		0.718719
1444		0.721578
1445		0.720482
1446		0.725586
1447		0.726779
1448		0.726798
1449		0.729668
1450		0.731616
1451		0.735166
1452		0.739039
1453		0.741609
1454		0.744591
1455		0.748615
1456		0.752859
1457		0.752569
1458		0.755521
1459		0.758345
1460		0.757593
1461		0.725081
1462		0.730178
1463		0.730602
1464		0.726879
1465		0.727816
1466		0.727523
1467		0.734738
1468		0.733661
1469		0.734221
1470		0.736852
1471		0.73625
1472		0.740841
1473		0.745899
1474		0.749302
1475		0.745035
1476		0.749321
1477		0.745814
1478		0.752828
1479		0.752716
1480		0.754483
1481		0.756481
1482		0.754333
1483		0.757477
1484		0.760027
1485		0.761848
1486		0.760123
1487		0.760316
1488		0.760972
1489		0.762573
1490		0.76115
1491		0.762546
1492		0.762195
1493		0.762866
1494		0.76287
1495		0.762546
1496		0.761358
1497		0.760066
1498		0.764741
1499		0.756589
1500		0.749028
1501		0.713611
1502		0.716439
1503		0.705532
1504		0.710475
1505		0.718129
1506		0.719012
1507		0.718337
1508		0.722334
1509		0.715293
1510		0.71865
1511		0.728121
1512		0.724005
1513		0.727226
1514		0.727145
1515		0.728407
1516		0.702512
1517		0.692292
1518		0.687303
1519		0.685938
1520		0.681609
1521		0.672118
1522		0.654923
1523		0.65733
1524		0.645374
1525		0.65169
1526		0.64495
1527		0.63907
1528		0.644113
1529		0.641589
1530		0.639641
1531		0.634483
1532		0.631103
1533		0.630938
1534		0.624055
1535		0.633438
1536		0.62505
1537		0.632558
1538		0.632145
1539		0.625409
1540		0.62848
1541		0.632774
1542		0.627596
1543		0.61735
1544		0.624641
1545		0.620162
1546		0.617597
1547		0.625679
1548		0.620108
1549		0.617072
1550		0.601601
1551		0.602187
1552		0.597415
1553		0.599595
1554		0.590459
1555		0.585494
1556		0.588588
1557		0.585922
1558		0.584444
1559		0.579911
1560		0.577735
1561		0.554224
1562		0.557392
1563		0.55701
1564		0.557982
1565		0.5612
1566		0.561304
1567		0.562554
1568		0.56059
1569		0.561968
1570		0.562006
1571		0.566373
1572		0.565918
1573		0.571998
1574		0.574931
1575		0.577342
1576		0.580571
1577		0.587604
1578		0.587369
1579		0.590162
1580		0.589522
1581		0.59157
1582		0.591925
1583		0.59017
1584		0.589039
1585		0.587049
1586		0.571169
1587		0.567423
1588		0.568792
1589		0.575343
1590		0.573279
1591		0.576713
1592		0.57064
1593		0.576944
1594		0.576794
1595		0.583966
1596		0.593534
1597		0.588843
1598		0.590976
1599		0.592959
1600		0.603376
1601		0.606049
1602		0.5999
1603		0.602712
1604		0.604984
1605		0.61243
1606		0.623252
1607		0.620559
1608		0.623086
1609		0.630702
1610		0.625822
1611		0.630475
1612		0.620517
1613		0.622971
1614		0.618611
1615		0.617377
1616		0.618407
1617		0.614718
1618		0.600189
1619		0.59787
1620		0.597928
1621		0.59333
1622		0.596667
1623		0.602137
1624		0.592577
1625		0.592099
1626		0.589838
1627		0.590787
1628		0.589032
1629		0.589796
1630		0.590282
1631		0.589672
1632		0.598218
1633		0.602338
1634		0.605791
1635		0.609888
1636		0.631752
1637		0.631809
1638		0.625891
1639		0.623862
1640		0.623696
1641		0.624101
1642		0.622755
1643		0.619487
1644		0.609252
1645		0.606254
1646		0.609097
1647		0.601034
1648		0.603009
1649		0.603229
1650		0.603005
1651		0.600822
1652		0.603549
1653		0.600764
1654		0.601362
1655		0.596404
1656		0.584525
1657		0.583989
1658		0.585012
1659		0.587365
1660		0.585359
1661		0.58108
1662		0.579062
1663		0.589225
1664		0.602554
1665		0.606393
1666		0.6112
1667		0.615282
1668		0.617677
1669		0.61701
1670		0.620066
1671		0.624367
1672		0.621782
1673		0.626686
1674		0.615891
1675		0.612554
1676		0.606223
1677		0.614182
1678		0.607936
1679		0.609051
1680		0.61228
1681		0.615019
1682		0.6188
1683		0.62157
1684		0.623843
1685		0.628962
1686		0.593272
1687		0.591497
1688		0.597689
1689		0.60284
1690		0.607458
1691		0.613546
1692		0.619039
1693		0.618333
1694		0.616385
1695		0.616647
1696		0.623997
1697		0.625019
1698		0.620463
1699		0.62576
1700		0.631917
1701		0.633638
1702		0.639151
1703		0.643133
1704		0.649853
1705		0.654622
1706		0.653669
1707		0.666211
1708		0.662816
1709		0.664541
1710		0.659722
1711		0.696771
1712		0.697705
1713		0.697222
1714		0.701188
1715		0.697585
1716		0.693789
1717		0.687944
1718		0.68059
1719		0.673495
1720		0.654124
1721		0.657909
1722		0.648306
1723		0.638306
1724		0.637716
1725		0.639661
1726		0.635123
1727		0.630313
1728		0.62233
1729		0.606057
1730		0.608858
1731		0.592782
1732		0.582936
1733		0.58625
1734		0.569271
1735		0.574904
1736		0.517623
1737		0.521528
1738		0.519792
1739		0.513897
1740		0.50929
1741		0.498322
1742		0.494224
1743		0.49387
1744		0.481547
1745		0.486069
1746		0.479668
1747		0.477153
1748		0.469495
1749		0.46159
1750		0.451589
1751		0.437897
1752		0.443121
1753		0.438005
1754		0.439695
1755		0.43458
1756		0.440818
1757		0.441026
1758		0.435309
1759		0.438731
1760		0.44059
1761		0.421767
1762		0.432373
1763		0.432106
1764		0.428924
1765		0.431578
1766		0.431208
1767		0.43446
1768		0.436181
1769		0.430359
1770		0.441871
1771		0.443353
1772		0.445486
1773		0.445332
1774		0.440282
1775		0.439884
1776		0.441103
1777		0.440417
1778		0.434325
1779		0.433808
1780		0.434606
1781		0.43706
1782		0.438777
1783		0.431408
1784		0.430694
1785		0.425382
1786		0.393337
1787		0.400135
1788		0.401578
1789		0.402704
1790		0.393634
1791		0.393638
1792		0.391956
1793		0.388384
1794		0.387419
1795		0.386593
1796		0.382755
1797		0.386655
1798		0.384201
1799		0.386898
1800		0.387658
1801		0.38863
1802		0.383727
1803		0.37186
1804		0.372392
1805		0.371304
1806		0.371188
1807		0.359853
1808		0.35336
1809		0.354317
1810		0.343329
1811		0.327145
1812		0.325062
1813		0.322917
1814		0.317222
1815		0.316975
1816		0.310467
1817		0.307824
1818		0.300104
1819		0.302238
1820		0.301485
1821		0.29336
1822		0.281624
1823		0.280864
1824		0.279919
1825		0.285883
1826		0.284255
1827		0.28412
1828		0.279958
1829		0.285833
1830		0.281138
1831		0.278256
1832		0.272145
1833		0.27238
1834		0.260069
1835		0.262049
1836		0.228148
1837		0.219942
1838		0.223268
1839		0.217728
1840		0.213214
1841		0.206555
1842		0.206327
1843		0.200741
1844		0.195613
1845		0.186551
1846		0.17728
1847		0.176231
1848		0.173499
1849		0.166782
1850		0.16245
1851		0.15713
1852		0.158538
1853		0.158488
1854		0.156875
1855		0.158183
1856		0.15586
1857		0.151728
1858		0.154599
1859		0.155266
1860		0.150864
1861		0.144483
1862		0.142789
1863		0.142253
1864		0.134923
1865		0.129394
1866		0.135999
1867		0.130864
1868		0.129078
1869		0.138993
1870		0.145729
1871		0.149541
1872		0.154024
1873		0.157045
1874		0.15576
1875		0.162118
1876		0.170548
1877		0.184726
1878		0.198792
1879		0.212311
1880		0.216709
1881		0.229857
1882		0.251659
1883		0.253719
1884		0.264495
1885		0.27961
1886		0.2613
1887		0.277006
1888		0.296474
1889		0.302789
1890		0.31978
1891		0.333843
1892		0.340691
1893		0.352238
1894		0.364163
1895		0.374298
1896		0.375957
1897		0.387218
1898		0.400795
1899		0.418283
1900		0.429876
1901		0.439267
1902		0.448573
1903		0.448538
1904		0.448229
1905		0.455563
1906		0.462786
1907		0.463395
1908		0.466343
1909		0.462697
1910		0.463989
1911		0.488708
1912		0.478692
1913		0.479888
1914		0.473175
1915		0.461574
1916		0.458391
1917		0.443719
1918		0.435752
1919		0.42939
1920		0.425255
1921		0.414823
1922		0.408518
1923		0.395598
1924		0.398017
1925		0.389086
1926		0.377512
1927		0.375158
1928		0.37635
1929		0.364811
1930		0.358835
1931		0.356138
1932		0.349572
1933		0.342072
1934		0.335046
1935		0.329012
1936		0.295359
1937		0.296061
1938		0.286366
1939		0.279286
1940		0.273005
1941		0.270154
1942		0.255374
1943		0.253117
1944		0.252693
1945		0.248885
1946		0.247353
1947		0.249452
1948		0.25456
1949		0.248873
1950		0.236478
1951		0.233326
1952		0.224587
1953		0.218164
1954		0.208052
1955		0.203434
1956		0.191921
1957		0.181073
1958		0.1724
1959		0.168032
1960		0.151497
1961		0.133152
1962		0.121898
1963		0.115856
1964		0.110158
1965		0.106481
1966		0.0992786
1967		0.100926
1968		0.092554
1969		0.0836111
1970		0.083588
1971		0.0782832
1972		0.069456
1973		0.0664506
1974		0.0571991
1975		0.0520679
1976		0.0500154
1977		0.04375
1978		0.041304
1979		0.0364429
1980		0.0331481
1981		0.0246605
1982		0.0216281
1983		0.023017
1984		0.0231867
1985		0.021848
1986		0.0262809
1987		0.024591
1988		0.0274923
1989		0.0223302
1990		0.0216667
1991		0.0233719
1992		0.0260957
1993		0.0247608
1994		0.0235571
1995		0.0246142
1996		0.023912
1997		0.024483
1998		0.0239313
1999		0.0251273
2000		0.0290972
2001		0.038588
2002		0.0489506
2003		0.0598843
2004		0.0715586
2005		0.0892901
2006		0.10162
2007		0.11863
2008		0.130185
2009		0.136786
2010		0.157253
2011		0.171674
2012		0.187461
2013		0.204518
2014		0.219194
2015		0.227755
2016		0.248356
2017		0.270258
2018		0.283295
2019		0.303819
2020		0.314444
2021		0.32407
2022		0.335262
2023		0.346462
2024		0.355579
2025		0.358692
2026		0.373383
2027		0.381875
2028		0.383928
2029		0.394599
2030		0.387365
2031		0.395197
2032		0.399082
2033		0.4012
2034		0.402762
2035		0.401289
2036		0.392562
2037		0.380837
2038		0.378997
2039		0.375644
2040		0.361528
2041		0.349545
2042		0.348538
2043		0.333897
2044		0.328117
2045		0.323017
2046		0.315664
2047		0.307724
2048		0.30615
2049		0.306454
2050		0.294012
2051		0.293897
2052		0.28152
2053		0.27255
2054		0.271262
2055		0.255208
2056		0.240166
2057		0.232515
2058		0.230417
2059		0.215988
2060		0.214406
2061		0.207894
2062		0.198742
2063		0.196022
2064		0.187523
2065		0.173021
2066		0.167288
2067		0.157986
2068		0.150428
2069		0.145895
2070		0.134406
2071		0.122377
2072		0.114421
2073		0.105201
2074		0.0932137
2075		0.0875077
2076		0.0808796
2077		0.0730401
2078		0.071088
2079		0.064375
2080		0.0642014
2081		0.0589043
2082		0.0546065
2083		0.0483912
2084		0.045652
2085		0.0390818
2086		0.0323727
2087		0.0337577
2088		0.03549
2089		0.0339545
2090		0.0329784
2091		0.0326389
2092		0.0312847
2093		0.0310494
2094		0.0297454
2095		0.03201
2096		0.0329552
2097		0.0352623
2098		0.038858
2099		0.039402
2100		0.0461073
2101		0.05451
2102		0.0553781
2103		0.0636034
2104		0.0753588
2105		0.0789313
2106		0.0886652
2107		0.0946991
2108		0.101169
2109		0.108133
2110		0.117851
2111		0.11853
2112		0.129159
2113		0.13669
2114		0.14316
2115		0.153789
2116		0.162589
2117		0.167897
2118		0.176123
2119		0.187446
2120		0.193974
2121		0.204676
2122		0.213897
2123		0.217743
2124		0.22478
2125		0.22718
2126		0.236798
2127		0.239059
2128		0.249221
2129		0.24674
2130		0.255278
2131		0.260046
2132		0.255633
2133		0.253557
2134		0.249803
2135		0.244846
2136		0.258677
2137		0.252948
2138		0.25978
2139		0.258704
2140		0.271713
2141		0.264637
2142		0.265293
2143		0.265625
2144		0.27098
2145		0.269198
2146		0.268545
2147		0.265525
2148		0.262824
2149		0.259903
2150		0.261628
2151		0.256134
2152		0.240559
2153		0.241184
2154		0.239799
2155		0.245332
2156		0.246825
2157		0.251474
2158		0.240498
2159		0.238816
2160		0.234217
2161		0.221524
2162		0.218997
2163		0.226532
2164		0.237535
2165		0.234043
2166		0.230428
2167		0.222137
2168		0.219931
2169		0.218951
2170		0.216157
2171		0.212558
2172		0.219398
2173		0.21157
2174		0.206597
2175		0.209178
2176		0.204113
2177		0.199167
2178		0.192704
2179		0.189221
2180		0.189676
2181		0.177346
2182		0.170239
2183		0.16522
2184		0.158368
2185		0.1499
2186		0.138341
2187		0.13142
2188		0.124568
2189		0.123009
2190		0.117238
2191		0.10936
2192		0.104703
2193		0.0959761
2194		0.093125
2195		0.0890278
2196		0.0850694
2197		0.082365
2198		0.0783333
2199		0.0694213
2200		0.0640355
2201		0.0653395
2202		0.0592554
2203		0.0536806
2204		0.0507176
2205		0.0482407
2206		0.0423302
2207		0.0429514
2208		0.0396451
2209		0.0350077
2210		0.0344907
2211		0.034838
2212		0.0325694
2213		0.033071
2214		0.0272608
2215		0.0246373
2216		0.0273534
2217		0.0198225
2218		0.0191204
2219		0.018341
2220		0.0187731
2221		0.019159
2222		0.0188619
2223		0.0183179
2224		0.0213812
2225		0.0198611
2226		0.0205401
2227		0.0206481
2228		0.0180131
2229		0.0194367
2230		0.0175424
2231		0.0195872
2232		0.0216898
2233		0.0222068
2234		0.0226196
2235		0.0189622
2236		0.0179282
2237		0.0218094
2238		0.0215779
2239		0.0230401
2240		0.0256173
2241		0.0233256
2242		0.0230903
2243		0.0215509
2244		0.0247338
2245		0.023561
2246		0.0254244
2247		0.0258488
2248		0.0253356
2249		0.0182099
2250		0.0191551
2251		0.0208063
2252		0.0206366
2253		0.0185918
2254		0.0172454
2255		0.022037
2256		0.0222338
2257		0.0210224
2258		0.0229244
2259		0.0255556
2260		0.022091
2261		0.0268441
2262		0.0302855
2263		0.0302971
2264		0.0303164
2265		0.0304938
2266		0.0355247
2267		0.0415046
2268		0.0505363
2269		0.0689931
2270		0.0714622
2271		0.0749653
2272		0.0816127
2273		0.0844715
2274		0.0868017
2275		0.0927199
2276		0.0935841
2277		0.0909028
2278		0.0940548
2279		0.094919
2280		0.0928241
2281		0.0916127
2282		0.09451
2283		0.0970139
2284		0.102809
2285		0.105081
2286		0.10267
2287		0.10441
2288		0.106894
2289		0.106092
2290		0.109576
2291		0.109761
2292		0.107747
2293		0.109475
2294		0.107859
2295		0.105386
2296		0.108426
2297		0.112485
2298		0.111458
2299		0.115532
2300		0.122137
2301		0.123453
2302		0.126998
2303		0.126439
2304		0.12446
2305		0.122874
2306		0.127118
2307		0.124062
2308		0.123372
2309		0.124819
2310		0.132944
2311		0.120814
2312		0.128349
2313		0.127955
2314		0.127978
2315		0.125262
2316		0.119792
2317		0.11365
2318		0.110478
2319		0.10789
2320		0.106096
2321		0.108349
2322		0.104232
2323		0.10706
2324		0.104425
2325		0.0993133
2326		0.0965008
2327		0.09326
2328		0.0904051
2329		0.0881018
2330		0.0871335
2331		0.083152
2332		0.0744444
2333		0.0753434
2334		0.0726428
2335		0.0683681
2336		0.0725154
2337		0.0656134
2338		0.0620293
2339		0.0614082
2340		0.0547647
2341		0.0540085
2342		0.0577623
2343		0.0556829
2344		0.0543518
2345		0.0534144
2346		0.0501543
2347		0.0497106
2348		0.0512963
2349		0.0458295
2350		0.0446605
2351		0.0459568
2352		0.0398534
2353		0.0384954
2354		0.0389198
2355		0.0331481
2356		0.0362191
2357		0.0352778
2358		0.0326929
2359		0.0259877
2360		0.0267207
2361		0.022554
2362		0.0215471
2363		0.0249769
2364		0.0213503
2365		0.0206173
2366		0.0217284
2367		0.0244367
2368		0.0209722
2369		0.0187037
2370		0.0209414
2371		0.0181327
2372		0.0230015
2373		0.0191667
2374		0.0156327
2375		0.0154051
2376		0.0122994
2377		0.0156173
2378		0.0155324
2379		0.0180787
2380		0.0222608
2381		0.0195525
2382		0.022392
2383		0.0304707
2384		0.0356481
2385		0.0410957
2386		0.0540316
2387		0.0570216
2388		0.0668904
2389		0.0624228
2390		0.0622685
2391		0.0625695
2392		0.057473
2393		0.0552083
2394		0.0543056
2395		0.0532793
2396		0.0516011
2397		0.0473495
2398		0.038696
2399		0.0373495
2400		0.0394444
2401		0.0332523
2402		0.0379167
2403		0.0374228
2404		0.0447299
2405		0.0484066
2406		0.0460378
2407		0.0575926
2408		0.0576852
2409		0.0606134
2410		0.0565085
2411		0.0497608
2412		0.0526003
2413		0.0524537
2414		0.0512037
2415		0.0574614
2416		0.0543904
2417		0.0531906
2418		0.0508951
2419		0.0469676
2420		0.0502971
2421		0.0481713
2422		0.0447647
2423		0.0386188
2424		0.0299498
2425		0.025706
2426		0.0273225
2427		0.0230324
2428		0.025054
2429		0.0233256
2430		0.0218287
2431		0.0218133
2432		0.0210957
2433		0.032037
2434		0.0396219
2435		0.0431636
2436		0.0524074
2437		0.0553781
2438		0.0565741
2439		0.056439
2440		0.0577353
2441		0.0606404
2442		0.0597299
2443		0.067392
2444		0.064267
2445		0.0641975
2446		0.0675309
2447		0.0653241
2448		0.0666435
2449		0.0649537
2450		0.0670949
2451		0.0687732
2452		0.0700309
2453		0.0700694
2454		0.0720448
2455		0.0739892
2456		0.0745833
2457		0.0744907
2458		0.075706
2459		0.0769329
2460		0.0785764
2461		0.0852469
2462		0.0843441
2463		0.0873843
2464		0.0891435
2465		0.0864583
2466		0.083642
2467		0.079321
2468		0.0754707
2469		0.0701466
2470		0.066169
2471		0.06125
2472		0.0583796
2473		0.0542284
2474		0.054537
2475		0.0465162
2476		0.0466628
2477		0.0485147
2478		0.0465664
2479		0.0448611
2480		0.0419367
2481		0.0416744
2482		0.0367052
2483		0.036358
2484		0.0325887
2485		0.0339005
2486		0.0332369
2487		0.0319444
2488		0.0328549
2489		0.0336921
2490		0.0378511
2491		0.0364583
2492		0.0371991
2493		0.0377315
2494		0.0400887
2495		0.0404282
2496		0.0409722
2497		0.0405363
2498		0.0411343
2499		0.0388272
2500		0.0421412
2501		0.0420293
2502		0.0433179
2503		0.0437346
2504		0.0470756
2505		0.0477392
2506		0.0475463
2507		0.0466744
2508		0.0504321
2509		0.058696
2510		0.0636806
2511		0.0691821
2512		0.0783565
2513		0.0811034
2514		0.0859722
2515		0.0858642
2516		0.0869329
2517		0.0798495
2518		0.0789198
2519		0.0786227
2520		0.0779784
2521		0.0785262
2522		0.0792207
2523		0.0777315
2524		0.0795718
2525		0.0839661
2526		0.0820911
2527		0.0787269
2528		0.0786883
2529		0.0782909
2530		0.0769136
2531		0.0778202
2532		0.0822222
2533		0.0768557
2534		0.07576
2535		0.0801813
2536		0.0842438
2537		0.0815741
2538		0.0806057
2539		0.0825309
2540		0.0866165
2541		0.0906096
2542		0.0846026
2543		0.0852122
2544		0.088125
2545		0.0932099
2546		0.0874383
2547		0.085135
2548		0.0869676
2549		0.0821759
2550		0.0791281
2551		0.0818133
2552		0.0797222
2553		0.0864043
2554		0.0828511
2555		0.0812346
2556		0.0776543
2557		0.0733526
2558		0.0693904
2559		0.0735417
2560		0.0727739
2561		0.0612731
2562		0.0537539
2563		0.0437539
2564		0.0438735
2565		0.043287
2566		0.0374383
2567		0.0369985
2568		0.0373804
2569		0.0362886
2570		0.0323804
2571		0.0315278
2572		0.0258719
2573		0.0231906
2574		0.0224846
2575		0.0199923
2576		0.0204012
2577		0.0211111
2578		0.0217747
2579		0.018885
2580		0.0196065
2581		0.018588
2582		0.0204475
2583		0.020216
2584		0.0194676
2585		0.0186728
2586		0.0196759
2587		0.0192438
2588		0.0206096
2589		0.02125
2590		0.0211728
2591		0.0202623
2592		0.0201852
2593		0.0199113
2594		0.0203511
2595		0.0231173
2596		0.019483
2597		0.0215509
2598		0.0197917
2599		0.0181867
2600		0.0191667
2601		0.0196451
2602		0.020787
2603		0.0186651
2604		0.0199846
2605		0.0204784
2606		0.0214429
2607		0.0215278
2608		0.0204745
2609		0.0199653
2610		0.0204745
2611		0.0221373
2612		0.0213426
2613		0.0220756
2614		0.0216358
2615		0.021358
2616		0.0191667
2617		0.0197299
2618		0.0202855
2619		0.0205015
2620		0.0210494
2621		0.0228125
2622		0.0210725
2623		0.0219985
2624		0.0209568
2625		0.0305478
2626		0.0348611
2627		0.04125
2628		0.0474614
2629		0.051304
2630		0.054946
2631		0.0570525
2632		0.0603704
2633		0.0584954
2634		0.0604475
2635		0.0631327
2636		0.0629167
2637		0.0694329
2638		0.0776312
2639		0.0840432
2640		0.0866744
2641		0.0941744
2642		0.0968017
2643		0.106505
2644		0.106304
2645		0.108569
2646		0.113654
2647		0.119468
2648		0.128125
2649		0.131192
2650		0.134587
2651		0.136528
2652		0.141825
2653		0.140872
2654		0.144468
2655		0.146474
2656		0.150814
2657		0.15341
2658		0.154213
2659		0.159433
2660		0.161323
2661		0.149915
2662		0.162593
2663		0.164715
2664		0.16434
2665		0.170328
2666		0.164275
2667		0.162527
2668		0.167647
2669		0.166292
2670		0.166894
2671		0.167238
2672		0.164919
2673		0.167292
2674		0.165224
2675		0.17034
2676		0.168125
2677		0.169371
2678		0.166748
2679		0.167604
2680		0.169761
2681		0.166493
2682		0.152261
2683		0.150212
2684		0.149788
2685		0.147863
2686		0.114186
2687		0.111285
2688		0.111767
2689		0.11625
2690		0.11358
2691		0.116481
2692		0.111887
2693		0.110613
2694		0.109336
2695		0.102238
2696		0.099267
2697		0.0886613
2698		0.0792593
2699		0.0729938
2700		0.0668789
2701		0.0658873
2702		0.068534
2703		0.0638503
2704		0.0639506
2705		0.0677971
2706		0.0698958
2707		0.0728395
2708		0.0701042
2709		0.0686343
2710		0.059946
2711		0.0611497
2712		0.0576389
2713		0.0560687
2714		0.0553318
2715		0.0583179
2716		0.0571914
2717		0.0572029
2718		0.058071
2719		0.0610185
2720		0.061875
2721		0.0625849
2722		0.0621296
2723		0.0634568
2724		0.0599074
2725		0.0640201
2726		0.0641975
2727		0.0690625
2728		0.0730015
2729		0.0755941
2730		0.081142
2731		0.0871875
2732		0.0887924
2733		0.0932485
2734		0.0956289
2735		0.0977701
2736		0.0973302
2737		0.101161
2738		0.101466
2739		0.100089
2740		0.102492
2741		0.103194
2742		0.0990123
2743		0.105829
2744		0.104873
2745		0.10397
2746		0.105424
2747		0.106273
2748		0.109587
2749		0.114722
2750		0.115775
2751		0.114117
2752		0.116454
2753		0.115409
2754		0.121173
2755		0.121127
2756		0.118538
2757		0.121227
2758		0.122623
2759		0.12358
2760		0.124668
2761		0.128117
2762		0.12637
2763		0.129637
2764		0.129421
2765		0.129363
2766		0.13086
2767		0.133897
2768		0.135694
2769		0.137901
2770		0.138465
2771		0.137654
2772		0.135382
2773		0.139495
2774		0.142662
2775		0.143866
2776		0.144904
2777		0.14353
2778		0.151763
2779		0.147527
2780		0.147369
2781		0.147218
2782		0.148067
2783		0.149437
2784		0.148137
2785		0.145552
2786		0.139572
2787		0.14137
2788		0.144491
2789		0.143889
2790		0.143383
2791		0.140617
2792		0.138268
2793		0.143229
2794		0.139691
2795		0.138592
2796		0.138299
2797		0.142878
2798		0.139194
2799		0.140637
2800		0.145802
2801		0.145856
2802		0.145482
2803		0.146015
2804		0.147747
2805		0.147184
2806		0.14853
2807		0.149846
2808		0.149533
2809		0.148823
2810		0.149039
2811		0.147126
2812		0.149614
2813		0.150069
2814		0.148858
2815		0.147932
2816		0.149383
2817		0.148465
2818		0.150706
2819		0.152249
2820		0.15424
2821		0.153113
2822		0.150374
2823		0.15603
2824		0.152982
2825		0.1538
2826		0.152288
2827		0.153198
2828		0.152805
2829		0.153275
2830		0.153137
2831		0.150806
2832		0.150791
2833		0.149726
2834		0.150652
2835		0.151408
2836		0.154062
2837		0.156802
2838		0.154973
2839		0.155455
2840		0.157855
2841		0.159826
2842		0.1574
2843		0.160085
2844		0.15625
2845		0.157758
2846		0.159309
2847		0.158627
2848		0.159356
2849		0.159765
2850		0.164799
2851		0.170922
2852		0.171659
2853		0.173935
2854		0.174992
2855		0.175235
2856		0.171736
2857		0.171829
2858		0.168881
2859		0.168518
2860		0.166883
2861		0.159209
2862		0.158754
2863		0.154653
2864		0.153214
2865		0.153816
2866		0.154819
2867		0.154942
2868		0.156933
2869		0.154803
2870		0.153723
2871		0.157593
2872		0.155255
2873		0.154869
2874		0.155301
2875		0.156285
2876		0.15586
2877		0.154143
2878		0.157994
2879		0.155617
2880		0.160208
2881		0.163916
2882		0.166049
2883		0.166296
2884		0.166987
2885		0.167396
2886		0.176235
2887		0.179082
2888		0.179205
2889		0.179082
2890		0.180316
2891		0.183534
2892		0.184583
2893		0.185463
2894		0.185069
2895		0.183696
2896		0.183241
2897		0.185363
2898		0.186902
2899		0.18436
2900		0.186181
2901		0.186682
2902		0.188314
2903		0.184653
2904		0.186269
2905		0.185903
2906		0.184167
2907		0.185941
2908		0.18363
2909		0.186304
2910		0.187851
2911		0.179267
2912		0.179668
2913		0.181308
2914		0.179688
2915		0.178287
2916		0.180548
2917		0.17924
2918		0.178858
2919		0.178619
2920		0.182068
2921		0.181659
2922		0.184942
2923		0.18402
2924		0.18348
2925		0.183654
2926		0.183642
2927		0.182404
2928		0.182654
2929		0.182018
2930		0.18343
2931		0.182766
2932		0.18397
2933		0.182755
2934		0.186146
2935		0.183893
2936		0.173048
2937		0.176265
2938		0.174522
2939		0.173634
2940		0.175961
2941		0.1836
2942		0.187118
2943		0.188353
2944		0.19196
2945		0.193202
2946		0.196493
2947		0.202913
2948		0.209707
2949		0.215012
2950		0.219036
2951		0.223873
2952		0.230274
2953		0.234352
2954		0.236462
2955		0.241404
2956		0.245274
2957		0.249047
2958		0.25512
2959		0.258773
2960		0.264529
2961		0.277635
2962		0.282496
2963		0.286987
2964		0.290166
2965		0.297295
2966		0.300594
2967		0.30417
2968		0.308889
2969		0.311262
2970		0.316424
2971		0.321466
2972		0.323476
2973		0.327735
2974		0.333553
2975		0.335698
2976		0.33713
2977		0.342187
2978		0.34564
2979		0.347149
2980		0.346566
2981		0.349772
2982		0.350405
2983		0.355154
2984		0.354603
2985		0.359255
2986		0.358337
2987		0.358206
2988		0.35995
2989		0.363214
2990		0.364807
2991		0.368391
2992		0.377311
2993		0.38441
2994		0.383684
2995		0.387133
2996		0.392469
2997		0.395694
2998		0.402045
2999		0.401042
3000		0.405772
3001		0.405158
3002		0.411671
3003		0.411709
3004		0.417072
3005		0.420513
3006		0.423492
3007		0.428519
3008		0.434711
3009		0.438152
3010		0.445247
3011		0.450914
3012		0.456968
3013		0.465166
3014		0.458723
3015		0.468515
3016		0.476883
3017		0.480073
3018		0.491597
3019		0.492782
3020		0.493808
3021		0.501053
3022		0.508538
3023		0.515039
3024		0.51054
3025		0.517836
3026		0.519001
3027		0.515779
3028		0.516721
3029		0.523731
3030		0.521921
3031		0.520926
3032		0.520826
3033		0.515652
3034		0.521798
3035		0.52434
3036		0.514174
3037		0.50804
3038		0.506539
3039		0.513102
3040		0.521674
3041		0.518665
3042		0.523904
3043		0.516636
3044		0.521678
3045		0.518071
3046		0.517454
3047		0.516879
3048		0.515934
3049		0.522373
3050		0.520884
3051		0.524734
3052		0.517944
3053		0.521277
3054		0.519988
3055		0.519221
3056		0.517789
3057		0.515093
3058		0.517164
3059		0.518434
3060		0.524356
3061		0.499518
3062		0.498557
3063		0.497681
3064		0.499047
3065		0.508873
3066		0.514869
3067		0.522546
3068		0.53037
3069		0.532508
3070		0.532797
3071		0.534051
3072		0.529483
3073		0.526852
3074		0.527751
3075		0.531381
3076		0.534402
3077		0.534294
3078		0.529715
3079		0.532342
3080		0.534255
3081		0.544421
3082		0.555729
3083		0.557828
3084		0.559032
3085		0.566717
3086		0.56206
3087		0.564174
3088		0.562859
3089		0.567944
3090		0.566404
3091		0.565339
3092		0.566806
3093		0.566586
3094		0.565907
3095		0.569028
3096		0.571285
3097		0.570911
3098		0.572188
3099		0.565394
3100		0.568491
3101		0.56875
3102		0.577431
3103		0.576285
3104		0.575104
3105		0.571921
3106		0.572052
3107		0.576292
3108		0.576778
3109		0.575351
3110		0.577704
3111		0.544853
3112		0.542566
3113		0.546755
3114		0.547145
3115		0.549132
3116		0.549448
3117		0.546346
3118		0.549749
3119		0.553831
3120		0.5586
3121		0.555054
3122		0.558113
3123		0.559313
3124		0.564931
3125		0.567832
3126		0.569973
3127		0.572284
3128		0.571948
3129		0.572284
3130		0.575359
3131		0.577176
3132		0.572647
3133		0.571763
3134		0.572897
3135		0.576821
3136		0.575243
3137		0.577558
3138		0.579796
3139		0.57591
3140		0.580783
3141		0.582782
3142		0.584784
3143		0.584846
3144		0.585988
3145		0.587083
3146		0.589124
3147		0.593572
3148		0.592955
3149		0.593939
3150		0.598032
3151		0.597064
3152		0.596192
3153		0.595995
3154		0.601694
3155		0.599965
3156		0.602427
3157		0.604402
3158		0.603434
3159		0.605475
3160		0.607616
3161		0.57289
3162		0.573588
3163		0.569302
3164		0.563607
3165		0.569749
3166		0.565556
3167		0.566636
3168		0.570177
3169		0.575201
3170		0.576192
3171		0.576173
3172		0.574969
3173		0.576045
3174		0.575837
3175		0.574533
3176		0.576173
3177		0.577596
3178		0.579383
3179		0.586744
3180		0.588526
3181		0.593152
3182		0.598634
3183		0.603002
3184		0.603939
3185		0.602882
3186		0.608036
3187		0.613137
3188		0.615787
3189		0.616015
3190		0.623584
3191		0.621196
3192		0.626215
3193		0.626435
3194		0.62826
3195		0.632728
3196		0.636088
3197		0.635413
3198		0.631686
3199		0.631701
3200		0.633383
3201		0.635579
3202		0.636134
3203		0.636728
3204		0.639279
3205		0.639444
3206		0.639892
3207		0.639252
3208		0.637897
3209		0.639657
3210		0.635421
3211		0.584753
3212		0.585532
3213		0.586713
3214		0.593723
3215		0.593638
3216		0.593731
3217		0.59544
3218		0.593005
3219		0.597512
3220		0.595872
3221		0.598669
3222		0.597593
3223		0.596852
3224		0.602589
3225		0.601497
3226		0.605999
3227		0.605239
3228		0.605069
3229		0.608908
3230		0.613299
3231		0.615671
3232		0.615062
3233		0.617253
3234		0.619055
3235		0.620482
3236		0.604005
3237		0.606285
3238		0.606416
3239		0.604499
3240		0.608731
3241		0.606817
3242		0.607867
3243		0.609946
3244		0.610864
3245		0.609676
3246		0.608981
3247		0.610027
3248		0.608372
3249		0.608164
3250		0.607423
3251		0.58559
3252		0.586385
3253		0.586435
3254		0.587485
3255		0.588083
3256		0.590042
3257		0.591698
3258		0.592064
3259		0.58885
3260		0.592666
3261		0.590999
3262		0.592203
3263		0.59539
3264		0.601427
3265		0.601466
3266		0.602627
3267		0.601937
3268		0.600293
3269		0.603982
3270		0.602801
3271		0.604101
3272		0.602681
3273		0.600837
3274		0.605968
3275		0.606042
3276		0.612434
3277		0.607762
3278		0.611894
3279		0.615224
3280		0.613183
3281		0.614988
3282		0.615517
3283		0.614282
3284		0.614954
3285		0.617199
3286		0.61848
3287		0.620189
3288		0.621705
3289		0.623511
3290		0.622909
3291		0.623071
3292		0.623731
3293		0.625386
3294		0.627531
3295		0.625594
3296		0.624171
3297		0.625355
3298		0.62441
3299		0.62331
3300		0.622288
3301		0.62488
3302		0.624753
3303		0.625444
3304		0.625085
3305		0.625664
3306		0.624066
3307		0.626076
3308		0.627288
3309		0.626184
3310		0.626914
3311		0.579047
3312		0.576833
3313		0.584178
3314		0.584433
3315		0.583098
3316		0.587519
3317		0.590552
3318		0.59299
3319		0.589896
3320		0.587353
3321		0.587214
3322		0.591509
3323		0.591451
3324		0.589298
3325		0.592369
3326		0.599275
3327		0.597612
3328		0.596053
3329		0.595648
3330		0.597427
3331		0.59701
3332		0.597388
3333		0.60184
3334		0.604776
3335		0.604765
3336		0.606536
3337		0.608615
3338		0.606358
3339		0.608376
3340		0.607446
3341		0.606084
3342		0.609387
3343		0.615259
3344		0.614846
3345		0.614776
3346		0.615583
3347		0.615656
3348		0.615486
3349		0.61385
3350		0.618515
3351		0.619063
3352		0.621694
3353		0.618368
3354		0.622245
3355		0.62164
3356		0.621412
3357		0.621528
3358		0.621678
3359		0.62233
3360		0.62316
3361		0.625775
3362		0.624541
3363		0.626119
3364		0.627083
3365		0.627253
3366		0.627982
3367		0.628449
3368		0.628164
3369		0.627292
3370		0.627122
3371		0.630262
3372		0.627689
3373		0.629965
3374		0.625695
3375		0.631242
3376		0.6313
3377		0.632288
3378		0.629876
3379		0.627782
3380		0.627384
3381		0.630251
3382		0.628623
3383		0.63284
3384		0.629055
3385		0.629186
3386		0.592319
3387		0.587238
3388		0.589834
3389		0.591011
3390		0.595104
3391		0.599213
3392		0.598276
3393		0.600058
3394		0.598337
3395		0.597982
3396		0.601883
3397		0.604456
3398		0.606489
3399		0.608434
3400		0.609105
3401		0.607909
3402		0.608769
3403		0.610841
3404		0.611127
3405		0.613526
3406		0.615725
3407		0.61485
3408		0.615239
3409		0.611501
3410		0.613075
3411		0.599564
3412		0.596686
3413		0.599911
3414		0.604738
3415		0.599529
3416		0.602342
3417		0.601273
3418		0.603904
3419		0.602261
3420		0.60169
3421		0.598333
3422		0.604672
3423		0.60164
3424		0.603291
3425		0.605096
3426		0.6075
3427		0.605532
3428		0.608383
3429		0.606674
3430		0.604865
3431		0.6064
3432		0.609302
3433		0.610432
3434		0.609977
3435		0.609792
3436		0.607164
3437		0.609286
3438		0.609506
3439		0.609865
3440		0.609811
3441		0.609722
3442		0.608464
3443		0.613453
3444		0.610131
3445		0.61186
3446		0.612901
3447		0.61186
3448		0.613056
3449		0.612743
3450		0.613615
3451		0.619718
3452		0.618125
3453		0.619159
3454		0.622458
3455		0.618461
3456		0.622056
3457		0.620478
3458		0.621007
3459		0.623839
3460		0.621273
3461		0.596138
3462		0.595127
3463		0.597049
3464		0.601435
3465		0.600806
3466		0.600563
3467		0.602751
3468		0.604336
3469		0.601975
3470		0.606103
3471		0.603885
3472		0.60662
3473		0.610887
3474		0.609012
3475		0.611809
3476		0.607593
3477		0.610413
3478		0.611682
3479		0.612589
3480		0.614479
3481		0.617836
3482		0.618796
3483		0.618464
3484		0.618835
3485		0.618796
3486		0.613152
3487		0.611431
3488		0.613059
3489		0.617265
3490		0.617978
3491		0.623565
3492		0.621339
3493		0.629896
3494		0.630039
3495		0.633777
3496		0.631196
3497		0.634788
3498		0.632103
3499		0.635864
3500		0.635158
3501		0.619317
3502		0.619846
3503		0.621169
3504		0.622527
3505		0.623218
3506		0.624398
3507		0.625208
3508		0.624356
3509		0.62549
3510		0.625694
3511		0.568094
3512		0.568831
3513		0.571292
3514		0.567083
3515		0.571397
3516		0.5724
3517		0.575613
3518		0.578225
3519		0.578194
3520		0.580085
3521		0.581624
3522		0.583928
3523		0.584491
3524		0.586593
3525		0.587589
3526		0.588823
3527		0.593337
3528		0.59772
3529		0.59782
3530		0.601458
3531		0.599228
3532		0.603221
3533		0.603302
3534		0.606952
3535		0.607469
3536		0.613561
3537		0.614352
3538		0.613414
3539		0.612315
3540		0.614267
3541		0.613912
3542		0.61282
3543		0.620575
3544		0.620158
3545		0.621358
3546		0.623553
3547		0.623827
3548		0.621366
3549		0.622627
3550		0.62581
3551		0.626061
3552		0.627608
3553		0.625305
3554		0.628283
3555		0.625586
3556		0.626798
3557		0.626069
3558		0.625193
3559		0.625803
3560		0.62674
3561		0.618248
3562		0.617168
3563		0.620633
3564		0.61902
3565		0.622593
3566		0.624664
3567		0.624309
3568		0.622114
3569		0.62468
3570		0.63826
3571		0.637056
3572		0.641941
3573		0.639171
3574		0.642585
3575		0.646435
3576		0.647103
3577		0.6512
3578		0.65142
3579		0.654437
3580		0.651998
3581		0.652523
3582		0.655945
3583		0.657226
3584		0.654244
3585		0.656076
3586		0.655235
3587		0.653283
3588		0.651478
3589		0.652161
3590		0.655887
3591		0.655093
3592		0.654518
3593		0.655062
3594		0.654252
3595		0.623823
3596		0.621856
3597		0.626258
3598		0.630073
3599		0.631316
3600		0.631061
3601		0.631065
3602		0.633997
3603		0.630764
3604		0.631852
3605		0.634668
3606		0.634225
3607		0.637508
3608		0.636404
3609		0.636323
3610		0.637215
3611		0.637199
3612		0.638252
3613		0.637357
3614		0.639506
3615		0.638021
3616		0.635529
3617		0.636532
3618		0.639113
3619		0.64042
3620		0.594545
3621		0.597307
3622		0.60201
3623		0.600309
3624		0.605822
3625		0.609487
3626		0.610602
3627		0.609726
3628		0.610556
3629		0.610367
3630		0.613121
3631		0.615536
3632		0.61706
3633		0.61961
3634		0.618808
3635		0.623476
3636		0.625926
3637		0.62978
3638		0.633731
3639		0.633372
3640		0.636697
3641		0.632037
3642		0.632739
3643		0.636883
3644		0.638607
3645		0.643287
3646		0.643688
3647		0.642874
3648		0.645718
3649		0.642805
3650		0.643762
3651		0.645309
3652		0.653607
3653		0.647882
3654		0.648777
3655		0.649074
3656		0.64772
3657		0.649587
3658		0.651238
3659		0.647793
3660		0.644668
3661		0.647207
3662		0.647477
3663		0.647589
3664		0.648603
3665		0.645583
3666		0.648441
3667		0.647403
3668		0.646181
3669		0.647878
3670		0.619159
3671		0.619525
3672		0.626489
3673		0.623881
3674		0.627577
3675		0.62424
3676		0.623549
3677		0.625193
3678		0.621782
3679		0.625841
3680		0.620401
3681		0.624267
3682		0.632172
3683		0.632068
3684		0.631833
3685		0.633881
3686		0.63461
3687		0.636698
3688		0.632504
3689		0.635621
3690		0.635556
3691		0.638808
3692		0.633947
3693		0.636231
3694		0.635965
3695		0.631235
3696		0.631501
3697		0.632809
3698		0.632403
3699		0.630251
3700		0.625887
3701		0.626524
3702		0.626941
3703		0.629178
3704		0.627785
3705		0.629961
3706		0.630228
3707		0.632523
3708		0.636497
3709		0.639317
3710		0.640718
3711		0.639896
3712		0.639499
3713		0.644074
3714		0.647654
3715		0.647457
3716		0.647747
3717		0.646825
3718		0.648785
3719		0.647704
3720		0.617434
3721		0.619279
3722		0.619479
3723		0.622519
3724		0.624333
3725		0.624468
3726		0.622886
3727		0.623383
3728		0.623349
3729		0.620907
3730		0.620475
3731		0.621346
3732		0.62223
3733		0.623129
3734		0.620309
3735		0.622164
3736		0.622786
3737		0.621771
3738		0.62424
3739		0.625772
3740		0.625606
3741		0.624973
3742		0.623549
3743		0.624969
3744		0.623299
3745		0.610397
3746		0.609973
3747		0.611736
3748		0.612859
3749		0.610644
3750		0.613133
3751		0.600343
3752		0.604271
3753		0.602299
3754		0.603781
3755		0.606964
3756		0.607272
3757		0.609553
3758		0.613248
3759		0.612114
3760		0.615822
3761		0.615991
3762		0.616046
3763		0.612211
3764		0.617959
3765		0.615428
3766		0.619587
3767		0.615208
3768		0.616744
3769		0.615251
3770		0.565988
3771		0.568893
3772		0.572214
3773		0.571767
3774		0.574618
3775		0.575482
3776		0.577045
3777		0.577504
3778		0.577577
3779		0.577403
3780		0.576204
3781		0.578364
3782		0.580166
3783		0.582357
3784		0.581493
3785		0.582782
3786		0.585085
3787		0.587095
3788		0.588623
3789		0.58985
3790		0.589043
3791		0.588881
3792		0.592184
3793		0.593461
3794		0.596115
3795		0.584383
3796		0.585768
3797		0.589769
3798		0.592971
3799		0.589954
3800		0.593673
3801		0.592535
3802		0.594167
3803		0.600432
3804		0.60181
3805		0.60186
3806		0.600922
3807		0.600594
3808		0.601879
3809		0.604715
3810		0.603727
3811		0.606871
3812		0.603237
3813		0.606601
3814		0.608191
3815		0.610124
3816		0.612161
3817		0.615482
3818		0.617288
3819		0.617681
3820		0.627272
3821		0.629028
3822		0.628283
3823		0.628908
3824		0.631705
3825		0.62924
3826		0.635467
3827		0.631366
3828		0.633951
3829		0.636123
3830		0.635185
3831		0.638858
3832		0.642365
3833		0.643009
3834		0.643538
3835		0.644086
3836		0.647126
3837		0.652728
3838		0.650421
3839		0.65191
3840		0.653079
3841		0.65488
3842		0.655517
3843		0.657789
3844		0.659178
3845		0.655093
3846		0.653032
3847		0.654788
3848		0.657851
3849		0.656971
3850		0.659475
3851		0.6625
3852		0.66441
3853		0.663985
3854		0.668326
3855		0.671385
3856		0.673422
3857		0.676624
3858		0.678561
3859		0.676589
3860		0.679749
3861		0.688542
3862		0.691273
3863		0.688322
3864		0.692407
3865		0.691748
3866		0.687102
3867		0.687986
3868		0.683499
3869		0.683322
3870		0.630027
3871		0.626713
3872		0.630378
3873		0.62956
3874		0.629163
3875		0.634541
3876		0.631207
3877		0.631539
3878		0.634788
3879		0.637539
3880		0.637403
3881		0.645883
3882		0.64843
3883		0.644688
3884		0.641725
3885		0.645066
3886		0.644198
3887		0.646601
3888		0.643634
3889		0.647951
3890		0.646948
3891		0.646991
3892		0.648171
3893		0.651335
3894		0.652226
3895		0.658225
3896		0.653461
3897		0.659904
3898		0.660718
3899		0.66483
3900		0.664113
3901		0.663773
3902		0.662103
3903		0.66988
3904		0.669147
3905		0.673032
3906		0.677851
3907		0.676875
3908		0.674298
3909		0.676034
3910		0.674599
3911		0.679541
3912		0.679224
3913		0.681281
3914		0.681863
3915		0.680648
3916		0.680648
3917		0.680062
3918		0.677523
3919		0.67924
3920		0.655174
3921		0.655999
3922		0.652998
3923		0.658978
3924		0.660409
3925		0.660197
3926		0.660976
3927		0.661296
3928		0.66186
3929		0.656343
3930		0.660968
3931		0.663472
3932		0.663592
3933		0.664807
3934		0.66343
3935		0.663627
3936		0.665008
3937		0.66108
3938		0.662759
3939		0.664965
3940		0.665536
3941		0.662789
3942		0.667662
3943		0.667215
3944		0.669514
3945		0.64277
3946		0.646015
3947		0.649305
3948		0.650212
3949		0.6499
3950		0.647257
3951		0.648345
3952		0.645922
3953		0.652072
3954		0.650401
3955		0.652284
3956		0.65407
3957		0.661806
3958		0.658669
3959		0.655282
3960		0.656605
3961		0.655201
3962		0.653654
3963		0.656763
3964		0.659016
3965		0.657566
3966		0.658318
3967		0.661381
3968		0.665532
3969		0.663191
3970		0.670343
3971		0.672747
3972		0.671458
3973		0.672323
3974		0.673356
3975		0.673877
3976		0.67669
3977		0.676084
3978		0.673823
3979		0.675181
3980		0.680563
3981		0.683272
3982		0.685367
3983		0.685305
3984		0.683372
3985		0.685293
3986		0.680417
3987		0.681605
3988		0.67674
3989		0.68169
3990		0.684182
3991		0.689988
3992		0.690023
3993		0.689437
3994		0.688665
3995		0.669089
3996		0.668538
3997		0.66772
3998		0.662936
3999		0.664286
4000		0.66341
4001		0.639495
4002		0.641165
4003		0.645123
4004		0.642708
4005		0.644525
4006		0.657554
4007		0.659402
4008		0.659005
4009		0.662581
4010		0.662863
4011		0.666362
4012		0.663441
4013		0.663615
4014		0.665069
4015		0.667261
4016		0.667994
4017		0.667373
4018		0.665081
4019		0.665737
4020		0.630123
4021		0.629066
4022		0.627245
4023		0.627859
4024		0.63762
4025		0.635486
4026		0.633546
4027		0.636084
4028		0.640351
4029		0.646454
4030		0.645409
4031		0.651273
4032		0.646605
4033		0.64684
4034		0.656381
4035		0.652261
4036		0.64934
4037		0.652311
4038		0.657836
4039		0.667261
4040		0.67093
4041		0.671389
4042		0.664695
4043		0.661728
4044		0.659826
4045		0.614051
4046		0.611296
4047		0.609363
4048		0.615008
4049		0.620451
4050		0.61679
4051		0.620475
4052		0.627446
4053		0.622809
4054		0.621508
4055		0.63061
4056		0.639614
4057		0.63912
4058		0.628688
4059		0.624915
4060		0.63211
4061		0.630285
4062		0.636651
4063		0.637295
4064		0.643553
4065		0.643082
4066		0.6475
4067		0.636435
4068		0.639649
4069		0.636269
4070		0.657758
4071		0.657867
4072		0.659267
4073		0.668457
4074		0.665154
4075		0.662535
4076		0.669911
4077		0.66914
4078		0.666547
4079		0.657442
4080		0.665883
4081		0.665135
4082		0.666829
4083		0.670729
4084		0.672164
4085		0.672052
4086		0.670513
4087		0.674012
4088		0.675695
4089		0.675664
4090		0.675478
4091		0.6739
4092		0.67522
4093		0.674035
4094		0.676767
4095		0.65456
4096		0.656319
4097		0.655066
4098		0.65772
4099		0.660374
4100		0.663299
4101		0.668264
4102		0.66137
4103		0.664699
4104		0.665849
4105		0.661694
4106		0.669221
4107		0.666285
4108		0.667326
4109		0.657114
4110		0.659734
4111		0.662793
4112		0.665413
4113		0.668414
4114		0.672315
4115		0.664734
4116		0.669753
4117		0.671389
4118		0.670008
4119		0.671528
4120		0.680737
4121		0.683306
4122		0.685926
4123		0.681987
4124		0.688121
4125		0.685764
4126		0.685679
4127		0.685274
4128		0.68461
4129		0.68385
4130		0.682311
4131		0.679838
4132		0.683113
4133		0.682921
4134		0.688584
4135		0.68794
4136		0.689232
4137		0.688738
4138		0.68113
4139		0.684063
4140		0.680849
4141		0.683414
4142		0.682488
4143		0.68512
4144		0.683819
4145		0.620166
4146		0.622546
4147		0.620139
4148		0.623607
4149		0.626528
4150		0.626339
4151		0.625193
4152		0.626211
4153		0.635945
4154		0.62956
4155		0.630359
4156		0.637338
4157		0.638615
4158		0.641725
4159		0.651979
4160		0.653642
4161		0.649734
4162		0.655336
4163		0.660887
4164		0.661532
4165		0.66081
4166		0.66473
4167		0.66544
4168		0.665301
4169		0.668939
4170		0.6574
4171		0.659128
4172		0.662284
4173		0.655571
4174		0.657627
4175		0.67505
4176		0.675185
4177		0.672002
4178		0.678731
4179		0.676427
4180		0.681451
4181		0.69017
4182		0.689626
4183		0.69713
4184		0.698835
4185		0.696308
4186		0.692689
4187		0.693407
4188		0.692801
4189		0.696732
4190		0.700374
4191		0.70321
4192		0.709402
4193		0.70326
4194		0.708017
4195		0.695741
4196		0.695498
4197		0.697438
4198		0.698658
4199		0.702353
4200		0.701454
4201		0.711208
4202		0.7051
4203		0.707068
4204		0.706686
4205		0.705579
4206		0.710745
4207		0.713515
4208		0.718978
4209		0.718407
4210		0.722041
4211		0.724668
4212		0.716119
4213		0.718711
4214		0.722535
4215		0.722558
4216		0.72066
4217		0.723762
4218		0.721011
4219		0.721767
4220		0.686084
4221		0.685675
4222		0.680471
4223		0.685347
4224		0.685274
4225		0.676651
4226		0.677546
4227		0.673195
4228		0.679317
4229		0.68022
4230		0.680347
4231		0.682168
4232		0.675756
4233		0.675679
4234		0.684884
4235		0.69189
4236		0.691863
4237		0.693785
4238		0.690505
4239		0.689279
4240		0.650907
4241		0.641867
4242		0.654996
4243		0.640895
4244		0.622272
4245		0.617593
4246		0.620467
4247		0.617392
4248		0.611439
4249		0.604043
4250		0.611482
4251		0.572461
4252		0.577195
4253		0.575772
4254		0.578422
4255		0.554128
4256		0.5524
4257		0.55336
4258		0.553499
4259		0.548117
4260		0.552747
4261		0.551713
4262		0.551397
4263		0.541246
4264		0.543989
4265		0.546736
4266		0.547477
4267		0.556435
4268		0.561485
4269		0.56321
4270		0.55189
4271		0.568912
4272		0.574371
4273		0.579838
4274		0.589309
4275		0.591424
4276		0.594927
4277		0.593646
4278		0.593796
4279		0.592377
4280		0.592022
4281		0.598657
4282		0.605995
4283		0.611821
4284		0.60836
4285		0.613742
4286		0.618183
4287		0.625548
4288		0.631813
4289		0.638989
4290		0.635652
4291		0.64267
4292		0.657878
4293		0.64647
4294		0.643681
4295		0.649163
4296		0.651188
4297		0.65463
4298		0.665683
4299		0.666269
4300		0.674695
4301		0.666262
4302		0.662674
4303		0.657257
4304		0.657485
4305		0.653924
4306		0.654958
4307		0.65228
4308		0.65483
4309		0.658862
4310		0.661242
4311		0.660077
4312		0.666339
4313		0.667778
4314		0.67147
4315		0.66733
4316		0.67473
4317		0.673997
4318		0.660733
4319		0.665197
4320		0.642168
4321		0.645177
4322		0.650814
4323		0.645644
4324		0.641331
4325		0.634826
4326		0.628121
4327		0.636686
4328		0.625586
4329		0.624336
4330		0.614498
4331		0.61348
4332		0.61667
4333		0.615679
4334		0.614622
4335		0.616096
4336		0.61066
4337		0.603195
4338		0.603098
4339		0.599969
4340		0.600532
4341		0.607485
4342		0.60936
4343		0.611034
4344		0.614776
4345		0.602002
4346		0.609857
4347		0.616632
4348		0.628144
4349		0.628677
4350		0.630266
4351		0.634657
4352		0.63564
4353		0.631424
4354		0.635166
4355		0.636917
4356		0.630505
4357		0.631682
4358		0.629043
4359		0.624776
4360		0.629418
4361		0.627562
4362		0.629765
4363		0.625683
4364		0.625289
4365		0.62358
4366		0.624444
4367		0.620914
4368		0.616555
4369		0.624768
4370		0.628881
4371		0.626146
4372		0.631358
4373		0.637782
4374		0.63289
4375		0.635367
4376		0.633596
4377		0.630818
4378		0.63213
4379		0.62939
4380		0.630116
4381		0.632215
4382		0.629275
4383		0.627037
4384		0.634336
4385		0.631173
4386		0.633827
4387		0.636366
4388		0.62946
4389		0.628086
4390		0.62358
4391		0.624225
4392		0.624298
4393		0.620224
4394		0.603418
4395		0.601246
4396		0.599001
4397		0.584637
4398		0.580243
4399		0.572407
4400		0.55738
4401		0.559144
4402		0.553349
4403		0.544923
4404		0.543692
4405		0.546103
4406		0.538299
4407		0.535042
4408		0.538576
4409		0.540648
4410		0.536157
4411		0.534661
4412		0.531088
4413		0.527978
4414		0.532936
4415		0.535984
4416		0.530725
4417		0.52912
4418		0.520598
4419		0.519132
4420		0.509375
4421		0.507785
4422		0.506643
4423		0.516609
4424		0.515856
4425		0.516377
4426		0.519622
4427		0.520829
4428		0.526289
4429		0.536628
4430		0.53637
4431		0.542473
4432		0.548966
4433		0.551971
4434		0.555444
4435		0.554012
4436		0.551057
4437		0.551617
4438		0.546435
4439		0.545201
4440		0.54642
4441		0.553229
4442		0.556497
4443		0.550903
4444		0.553823
4445		0.567755
4446		0.57213
4447		0.573885
4448		0.576443
4449		0.57314
4450		0.579529
4451		0.583387
4452		0.591057
4453		0.588534
4454		0.597446
4455		0.598376
4456		0.605548
4457		0.610914
4458		0.618248
4459		0.621412
4460		0.623827
4461		0.625046
4462		0.628735
4463		0.63157
4464		0.630054
4465		0.630417
4466		0.627465
4467		0.622863
4468		0.623272
4469		0.623569
4470		0.594317
4471		0.591524
4472		0.593152
4473		0.592986
4474		0.59385
4475		0.595876
4476		0.586532
4477		0.589302
4478		0.584815
4479		0.584834
4480		0.58135
4481		0.58017
4482		0.575459
4483		0.569734
4484		0.565718
4485		0.562485
4486		0.549371
4487		0.54005
4488		0.531528
4489		0.526671
4490		0.518661
4491		0.517805
4492		0.508464
4493		0.500621
4494		0.494749
4495		0.486929
4496		0.479622
4497		0.481709
4498		0.484869
4499		0.483133
4500		0.480695
4501		0.470976
4502		0.470347
4503		0.477758
4504		0.484178
4505		0.491509
4506		0.491177
4507		0.50032
4508		0.493503
4509		0.493831
4510		0.494753
4511		0.497705
4512		0.494803
4513		0.49571
4514		0.492334
4515		0.492207
4516		0.492249
4517		0.49338
4518		0.488133
4519		0.481701
4520		0.447554
4521		0.456759
4522		0.456879
4523		0.45863
4524		0.461069
4525		0.471192
4526		0.463908
4527		0.470386
4528		0.47583
4529		0.484522
4530		0.499857
4531		0.4976
4532		0.500999
4533		0.49463
4534		0.489167
4535		0.486836
4536		0.486717
4537		0.474036
4538		0.469769
4539		0.473426
4540		0.469309
4541		0.474738
4542		0.474985
4543		0.480957
4544		0.473083
4545		0.461601
4546		0.463553
4547		0.468499
4548		0.472353
4549		0.471732
4550		0.469325
4551		0.465147
4552		0.46414
4553		0.468434
4554		0.475953
4555		0.482654
4556		0.484171
4557		0.485035
4558		0.455941
4559		0.457793
4560		0.454888
4561		0.454603
4562		0.450772
4563		0.447411
4564		0.461084
4565		0.454811
4566		0.457728
4567		0.450833
4568		0.455637
4569		0.456281
4570		0.445405
4571		0.431755
4572		0.438449
4573		0.449637
4574		0.455478
4575		0.458708
4576		0.464078
4577		0.455397
4578		0.461528
4579		0.456354
4580		0.457809
4581		0.451894
4582		0.458997
4583		0.460606
4584		0.4638
4585		0.457843
4586		0.45419
4587		0.456397
4588		0.448179
4589		0.456011
4590		0.457971
4591		0.463908
4592		0.4736
4593		0.482415
4594		0.481991
4595		0.450147
4596		0.452357
4597		0.460505
4598		0.464371
4599		0.455332
4600		0.45831
4601		0.454417
4602		0.456115
4603		0.448785
4604		0.448596
4605		0.452508
4606		0.441254
4607		0.435062
4608		0.437569
4609		0.440174
4610		0.441779
4611		0.440394
4612		0.431809
4613		0.422072
4614		0.416821
4615		0.41515
4616		0.413688
4617		0.415
4618		0.417377
4619		0.405085
4620		0.388553
4621		0.389198
4622		0.39042
4623		0.393032
4624		0.377369
4625		0.368387
4626		0.364136
4627		0.363603
4628		0.355521
4629		0.351705
4630		0.348974
4631		0.351647
4632		0.35157
4633		0.355683
4634		0.347758
4635		0.347203
4636		0.34463
4637		0.341713
4638		0.34321
4639		0.347616
4640		0.357461
4641		0.35711
4642		0.349452
4643		0.359329
4644		0.355806
4645		0.35728
4646		0.367307
4647		0.368846
4648		0.372384
4649		0.380914
4650		0.380386
4651		0.391015
4652		0.40054
4653		0.400656
4654		0.402585
4655		0.417353
4656		0.415486
4657		0.423569
4658		0.427415
4659		0.422905
4660		0.405965
4661		0.405941
4662		0.40341
4663		0.412539
4664		0.406925
4665		0.406401
4666		0.399938
4667		0.400444
4668		0.40277
4669		0.399977
4670		0.396427
4671		0.396184
4672		0.378272
4673		0.372234
4674		0.371003
4675		0.368912
4676		0.359765
4677		0.357164
4678		0.352635
4679		0.347793
4680		0.339969
4681		0.328218
4682		0.324259
4683		0.326184
4684		0.322168
4685		0.316667
4686		0.313245
4687		0.319784
4688		0.325826
4689		0.325687
4690		0.325266
4691		0.323542
4692		0.32456
4693		0.312519
4694		0.313727
4695		0.300671
4696		0.302068
4697		0.295633
4698		0.295309
4699		0.298098
4700		0.309711
4701		0.304614
4702		0.312068
4703		0.309981
4704		0.306061
4705		0.318792
4706		0.319363
4707		0.324865
4708		0.329819
4709		0.333661
4710		0.340575
4711		0.347994
4712		0.348646
4713		0.353692
4714		0.359946
4715		0.367431
4716		0.368245
4717		0.373407
4718		0.379375
4719		0.378619
4720		0.384309
4721		0.379799
4722		0.367828
4723		0.373858
4724		0.375617
4725		0.374838
4726		0.360459
4727		0.369533
4728		0.368565
4729		0.372589
4730		0.361937
4731		0.3588
4732		0.359329
4733		0.358086
4734		0.356281
4735		0.355363
4736		0.355965
4737		0.359938
4738		0.359209
4739		0.346617
4740		0.348511
4741		0.341242
4742		0.342253
4743		0.342986
4744		0.335737
4745		0.318237
4746		0.319302
4747		0.308565
4748		0.308086
4749		0.306752
4750		0.300336
4751		0.269063
4752		0.277276
4753		0.282477
4754		0.273144
4755		0.270517
4756		0.258584
4757		0.240826
4758		0.233719
4759		0.223457
4760		0.214406
4761		0.2111
4762		0.204182
4763		0.194502
4764		0.189483
4765		0.181759
4766		0.170428
4767		0.170505
4768		0.168391
4769		0.169981
4770		0.163194
4771		0.153553
4772		0.159784
4773		0.163484
4774		0.155312
4775		0.139734
4776		0.137901
4777		0.126763
4778		0.117924
4779		0.116995
4780		0.114568
4781		0.106644
4782		0.106138
4783		0.0964429
4784		0.090054
4785		0.0868171
4786		0.077882
4787		0.0738079
4788		0.069159
4789		0.0604784
4790		0.0562693
4791		0.052037
4792		0.0476196
4793		0.0398302
4794		0.0390856
4795		0.0316705
4796		0.0288426
4797		0.0275849
4798		0.0254938
4799		0.0241975
4800		0.0221219
4801		0.0181019
4802		0.0161304
4803		0.0129861
4804		0.00854167
4805		0.00903549
4806		0.00807099
4807		0.00861111
4808		0.00709105
4809		0.00717593
4810		0.00795525
4811		0.00899691
4812		0.00923611
4813		0.00763117
4814		0.00988426
4815		0.00951389
4816		0.0093287
4817		0.010027
4818		0.00949074
4819		0.00854938
4820		0.00993056
4821		0.00952161
4822		0.00790895
4823		0.0105247
4824		0.00804012
4825		0.0128781
4826		0.0107639
4827		0.0107176
4828		0.0138194
4829		0.0104552
4830		0.0107407
4831		0.0109954
4832		0.0105478
4833		0.0137346
4834		0.017581
4835		0.015841
4836		0.0160995
4837		0.0186111
4838		0.0184954
4839		0.0188657
4840		0.0172299
4841		0.0165972
4842		0.0191898
4843		0.0181867
4844		0.0183025
4845		0.0196759
4846		0.0209028
4847		0.0190741
4848		0.0189352
4849		0.0156636
4850		0.0172454
4851		0.0177508
4852		0.0198688
4853		0.0203395
4854		0.0204475
4855		0.0190201
4856		0.0188426
4857		0.0185069
4858		0.0177623
4859		0.0141127
4860		0.0141204
4861		0.0155633
4862		0.0139738
4863		0.0148071
4864		0.0144213
4865		0.0140509
4866		0.0130093
4867		0.012392
4868		0.013071
4869		0.0119599
4870		0.0134182
4871		0.0128086
4872		0.0118673
4873		0.0114738
4874		0.0128086
4875		0.012608
4876		0.0142207
4877		0.0137886
4878		0.0152353
4879		0.0152662
4880		0.0139043
4881		0.0117438
4882		0.0118673
4883		0.0149074
4884		0.0144522
4885		0.0168557
4886		0.018642
4887		0.0169985
4888		0.0177932
4889		0.0176968
4890		0.0172685
4891		0.0168904
4892		0.0172222
4893		0.0178627
4894		0.0172994
4895		0.0171065
4896		0.0180015
4897		0.0175154
4898		0.0219059
4899		0.0264275
4900		0.0214853
4901		0.0221914
4902		0.0242824
4903		0.0236034
4904		0.0235725
4905		0.0240934
4906		0.0238735
4907		0.0214892
4908		0.0201698
4909		0.0181713
4910		0.0151698
4911		0.0153009
4912		0.0148071
4913		0.014267
4914		0.0100424
4915		0.0133256
4916		0.0136034
4917		0.0179861
4918		0.0236265
4919		0.0284259
4920		0.0372917
4921		0.0393866
4922		0.0415123
4923		0.041196
4924		0.0426312
4925		0.0446065
4926		0.0559182
4927		0.0645988
4928		0.0698225
4929		0.0809722
4930		0.0901157
4931		0.0948843
4932		0.103179
4933		0.100559
4934		0.0965509
4935		0.0968326
4936		0.0993403
4937		0.102882
4938		0.105802
4939		0.104325
4940		0.105239
4941		0.107616
4942		0.110031
4943		0.1076
4944		0.10968
4945		0.110517
4946		0.111906
4947		0.110189
4948		0.112924
4949		0.111682
4950		0.116605
4951		0.114244
4952		0.112801
4953		0.108426
4954		0.106875
4955		0.105216
4956		0.106142
4957		0.0992207
4958		0.0999807
4959		0.0875965
4960		0.0921296
4961		0.0924807
4962		0.0845795
4963		0.0793557
4964		0.0803549
4965		0.075787
4966		0.0725193
4967		0.0748071
4968		0.0701157
4969		0.0741049
4970		0.0693326
4971		0.0684529
4972		0.0587114
4973		0.0636536
4974		0.0622299
4975		0.0702045
4976		0.0697685
4977		0.0704398
4978		0.0646836
4979		0.066929
4980		0.0637654
4981		0.0600231
4982		0.0638233
4983		0.0622492
4984		0.055
4985		0.0519753
4986		0.0541937
4987		0.054591
4988		0.0540972
4989		0.0548843
4990		0.0592284
4991		0.0567322
4992		0.0550193
4993		0.0638117
4994		0.060436
4995		0.0599036
4996		0.0670563
4997		0.0679707
4998		0.0704398
4999		0.0761883
5000		0.0753935
5001		0.0740046
5002		0.0689583
5003		0.0706404
5004		0.065733
5005		0.072689
5006		0.0717824
5007		0.079537
5008		0.0885648
5009		0.0748843
5010		0.0705401
5011		0.0686111
5012		0.0659529
5013		0.0622608
5014		0.0568711
5015		0.0526736
5016		0.0426312
5017		0.0423572
5018		0.0480748
5019		0.0487731
5020		0.0512963
5021		0.0501389
5022		0.0453974
5023		0.0430556
5024		0.0462577
5025		0.0448611
5026		0.0410069
5027		0.0377546
5028		0.0349768
5029		0.0337577
5030		0.0318981
5031		0.0296296
5032		0.0240664
5033		0.0236111
5034		0.0202315
5035		0.0194522
5036		0.0205633
5037		0.0234799
5038		0.0213657
5039		0.0223457
5040		0.0215432
5041		0.020625
5042		0.0217515
5043		0.0210841
5044		0.0258719
5045		0.0291667
5046		0.0353163
5047		0.0405941
5048		0.0463194
5049		0.0507948
5050		0.0629784
5051		0.0728704
5052		0.0853048
5053		0.0962346
5054		0.103519
5055		0.11544
5056		0.127315
5057		0.132052
5058		0.145062
5059		0.153272
5060		0.158337
5061		0.173534
5062		0.181134
5063		0.185818
5064		0.198534
5065		0.207569
5066		0.211373
5067		0.227033
5068		0.23387
5069		0.240938
5070		0.251273
5071		0.267164
5072		0.2699
5073		0.270093
5074		0.276474
5075		0.276694
5076		0.286809
5077		0.289614
5078		0.291968
5079		0.302924
5080		0.290648
5081		0.289734
5082		0.284807
5083		0.286512
5084		0.303075
5085		0.300162
5086		0.289205
5087		0.291096
5088		0.284664
5089		0.275247
5090		0.270517
5091		0.267083
5092		0.257072
5093		0.255752
5094		0.254653
5095		0.250104
5096		0.248322
5097		0.243079
5098		0.241343
5099		0.239012
5100		0.238017
5101		0.228383
5102		0.226698
5103		0.22147
5104		0.213627
5105		0.207508
5106		0.201404
5107		0.189186
5108		0.18245
5109		0.18115
5110		0.167222
5111		0.163426
5112		0.150772
5113		0.138877
5114		0.13669
5115		0.123588
5116		0.11338
5117		0.107515
5118		0.100671
5119		0.0858333
5120		0.083233
5121		0.0716204
5122		0.0599383
5123		0.0563117
5124		0.048804
5125		0.0407755
5126		0.0340123
5127		0.0271528
5128		0.0237346
5129		0.020054
5130		0.0194522
5131		0.0132716
5132		0.0118981
5133		0.00967593
5134		0.00925154
5135		0.00669753
5136		0.0076929
5137		0.00608796
5138		0.00422068
5139		0.00591049
5140		0.00635803
5141		0.00388889
5142		0.00651235
5143		0.00388889
5144		0.00381173
5145		0.00493827
5146		0.00598765
5147		0.00432099
5148		0.00449074
5149		0.00639661
5150		0.00441358
5151		0.00486111
5152		0.00433642
5153		0.00486111
5154		0.00388889
5155		0.00433642
5156		0.00441358
5157		0.00651235
5158		0.00748457
5159		0.00694445
5160		0.00712963
5161		0.00712963
5162		0.00623457
5163		0.00716049
5164		0.00677469
5165		0.00697531
5166		0.00550926
5167		0.00558642
5168		0.00611111
5169		0.00603395
5170		0.00442901
5171		0.00529321
5172		0.00626543
5173		0.00311728
5174		0.00875
5175		0.00717593
5176		0.0083642
5177		0.00689043
5178		0.00652778
5179		0.00645062
5180		0.00645062
5181		0.0041358
5182		0.00652778
5183		0.00308642
5184		0.00324846
5185		0.00272377
5186		0.00217593
5187		0.00270062
5188		0.00382716
5189		0.00594136
5190		0.005
5191		0.005
5192		0.00367284
5193		0.00209877
5194		0.00209877
5195		0.00367284
5196		0.00344136
5197		0.00179012
5198		0.00179012
5199		0.00388889
5200		0.0053858
5201		0.0033642
5202		0.00231481
5203		0.00223765
5204		0.00276235
5205		0.00231481
5206		0.00186728
5207		0.00276235
5208		0.00404321
5209		0.00262346
5210		0.00104938
5211		0.00441358
5212		0.00486111
5213		0.00223765
5214		0.00493827
5215		0.00283951
5216		0.00223765
5217		0.00179012
5218		0.00231481
5219		0.00381173
5220		0.00441358
5221		0.00646605
5222		0.00459877
5223		0.00279321
5224		0.00535494
5225		0.00598765
5226		0.00430556
5227		0.00430556
5228		0.00737654
5229		0.00378086
5230		0.00378086
5231		0.00223765
5232		0.00283951
5233		0.00524691
5234		0.0033642
5235		0.00800926
5236		0.0062963
5237		0.00441358
5238		0.00412037
5239		0.00266204
5240		0.00134259
5241		0.00276235
5242		0.00262346
5243		0.00367284
5244		0.00658951
5245		0.00220679
5246		0.00223765
5247		0.00700617
5248		0.0071142
5249		0.00640432
5250		0.00546296
5251		0.00615741
5252		0.00817901
5253		0.00773148
5254		0.00483025
5255		0.00228395
5256		0.00231481
5257		0.008125
5258		0.0132022
5259		0.0185031
5260		0.0296682
5261		0.0360571
5262		0.0396914
5263		0.0450849
5264		0.0495756
5265		0.050679
5266		0.0512191
5267		0.0544599
5268		0.0549151
5269		0.0564352
5270		0.0614661
5271		0.0602971
5272		0.0571914
5273		0.0602701
5274		0.061034
5275		0.0640201
5276		0.061767
5277		0.0628935
5278		0.061821
5279		0.0614198
5280		0.0615664
5281		0.0612732
5282		0.0635069
5283		0.0629591
5284		0.0644946
5285		0.0662732
5286		0.0664275
5287		0.067091
5288		0.0747415
5289		0.0772608
5290		0.0826813
5291		0.0867824
5292		0.0910108
5293		0.0980478
5294		0.10696
5295		0.110926
5296		0.116084
5297		0.1187
5298		0.121111
5299		0.123121
5300		0.128287
5301		0.129907
5302		0.132527
5303		0.134078
5304		0.135957
5305		0.13363
5306		0.135941
5307		0.136485
5308		0.135548
5309		0.141505
5310		0.140339
5311		0.140459
5312		0.142438
5313		0.141894
5314		0.138708
5315		0.140606
5316		0.142512
5317		0.138746
5318		0.13662
5319		0.137816
5320		0.139089
5321		0.130231
5322		0.132461
5323		0.132924
5324		0.132782
5325		0.130756
5326		0.133067
5327		0.13233
5328		0.132658
5329		0.136019
5330		0.136269
5331		0.134016
5332		0.131362
5333		0.136501
5334		0.138561
5335		0.13912
5336		0.140887
5337		0.143214
5338		0.147342
5339		0.150621
5340		0.149907
5341		0.150405
5342		0.149147
5343		0.149877
5344		0.152515
5345		0.14664
5346		0.149591
5347		0.15598
5348		0.153978
5349		0.149799
5350		0.152928
5351		0.156813
5352		0.161902
5353		0.169525
5354		0.170648
5355		0.173013
5356		0.176779
5357		0.182948
5358		0.183819
5359		0.188897
5360		0.197311
5361		0.197909
5362		0.201501
5363		0.203434
5364		0.205733
5365		0.20738
5366		0.208129
5367		0.206381
5368		0.206042
5369		0.206439
5370		0.197218
5371		0.199819
5372		0.196466
5373		0.200436
5374		0.205204
5375		0.206667
5376		0.211042
5377		0.209483
5378		0.213962
5379		0.210984
5380		0.209734
5381		0.21115
5382		0.21343
5383		0.212049
5384		0.212079
5385		0.21723
5386		0.225814
5387		0.234549
5388		0.2326
5389		0.237978
5390		0.241215
5391		0.242091
5392		0.249742
5393		0.247423
5394		0.246516
5395		0.251316
5396		0.249572
5397		0.243438
5398		0.247894
5399		0.243183
5400		0.241524
5401		0.234309
5402		0.226497
5403		0.227874
5404		0.228792
5405		0.227512
5406		0.231562
5407		0.229749
5408		0.229317
5409		0.227774
5410		0.227828
5411		0.22836
5412		0.233411
5413		0.232955
5414		0.228557
5415		0.230247
5416		0.235999
5417		0.237743
5418		0.237674
5419		0.242276
5420		0.215617
5421		0.222357
5422		0.222762
5423		0.230876
5424		0.231686
5425		0.237126
5426		0.234502
5427		0.233951
5428		0.241528
5429		0.245023
5430		0.25012
5431		0.256651
5432		0.270008
5433		0.274417
5434		0.280571
5435		0.287272
5436		0.289668
5437		0.297346
5438		0.303854
5439		0.306964
5440		0.315077
5441		0.320015
5442		0.325386
5443		0.335648
5444		0.341501
5445		0.34483
5446		0.349765
5447		0.359279
5448		0.357137
5449		0.36034
5450		0.36635
5451		0.361007
5452		0.360382
5453		0.361184
5454		0.36385
5455		0.364614
5456		0.363021
5457		0.36169
5458		0.362971
5459		0.365158
5460		0.361767
5461		0.363785
5462		0.361964
5463		0.362801
5464		0.358627
5465		0.357461
5466		0.356551
5467		0.350563
5468		0.353368
5469		0.35434
5470		0.374711
5471		0.372685
5472		0.373241
5473		0.372427
5474		0.374005
5475		0.371019
5476		0.372234
5477		0.370613
5478		0.371412
5479		0.377037
5480		0.383623
5481		0.384745
5482		0.396022
5483		0.402461
5484		0.408133
5485		0.416578
5486		0.417099
5487		0.416412
5488		0.422735
5489		0.432894
5490		0.432766
5491		0.434379
5492		0.439688
5493		0.445135
5494		0.445525
5495		0.438893
5496		0.439147
5497		0.43814
5498		0.441674
5499		0.444741
5500		0.444606
5501		0.439286
5502		0.441165
5503		0.445451
5504		0.447994
5505		0.448272
5506		0.452222
5507		0.451744
5508		0.45284
5509		0.454919
5510		0.457654
5511		0.4613
5512		0.461705
5513		0.457704
5514		0.462126
5515		0.461246
5516		0.461115
5517		0.459907
5518		0.459718
5519		0.459815
5520		0.474275
5521		0.475104
5522		0.478846
5523		0.478221
5524		0.480177
5525		0.486713
5526		0.487751
5527		0.487855
5528		0.493993
5529		0.496948
5530		0.50049
5531		0.502581
5532		0.504082
5533		0.5076
5534		0.510552
5535		0.51782
5536		0.524178
5537		0.52505
5538		0.524734
5539		0.532056
5540		0.534961
5541		0.539225
5542		0.539468
5543		0.545637
5544		0.541605
5545		0.538792
5546		0.540729
5547		0.538901
5548		0.539722
5549		0.5436
5550		0.544456
5551		0.543299
5552		0.545613
5553		0.545922
5554		0.551474
5555		0.554429
5556		0.553858
5557		0.559576
5558		0.562458
5559		0.559896
5560		0.560012
5561		0.560019
5562		0.560208
5563		0.565046
5564		0.572913
5565		0.576377
5566		0.577785
5567		0.577639
5568		0.583665
5569		0.584695
5570		0.580702
5571		0.58169
5572		0.583657
5573		0.589668
5574		0.592901
5575		0.597728
5576		0.596196
5577		0.595772
5578		0.59679
5579		0.602967
5580		0.603692
5581		0.604772
5582		0.605714
5583		0.604861
5584		0.608769
5585		0.6111
5586		0.614001
5587		0.618812
5588		0.618827
5589		0.620957
5590		0.615706
5591		0.620432
5592		0.618962
5593		0.621443
5594		0.61706
5595		0.611914
5596		0.612662
5597		0.614981
5598		0.612855
5599		0.610401
5600		0.612851
5601		0.614614
5602		0.617106
5603		0.61314
5604		0.615768
5605		0.619398
5606		0.62282
5607		0.621416
5608		0.625023
5609		0.629417
5610		0.62777
5611		0.626964
5612		0.629147
5613		0.630833
5614		0.62838
5615		0.627859
5616		0.630725
5617		0.632184
5618		0.630934
5619		0.632647
5620		0.632959
5621		0.633167
5622		0.633522
5623		0.634572
5624		0.629958
5625		0.634097
5626		0.636485
5627		0.63336
5628		0.638565
5629		0.639491
5630		0.642785
5631		0.639417
5632		0.642523
5633		0.639826
5634		0.640625
5635		0.640691
5636		0.638812
5637		0.642284
5638		0.644406
5639		0.642099
5640		0.641331
5641		0.641578
5642		0.639896
5643		0.64463
5644		0.644518
5645		0.675953
5646		0.676508
5647		0.676088
5648		0.677076
5649		0.67561
5650		0.675401
5651		0.675097
5652		0.674549
5653		0.673869
5654		0.674707
5655		0.674749
5656		0.675424
5657		0.672153
5658		0.676211
5659		0.673754
5660		0.673407
5661		0.674429
5662		0.676123
5663		0.677099
5664		0.67799
5665		0.677404
5666		0.679834
5667		0.678549
5668		0.679985
5669		0.678341
5670		0.674815
5671		0.673522
5672		0.676555
5673		0.675378
5674		0.678491
5675		0.680752
5676		0.677253
5677		0.675085
5678		0.67505
5679		0.673827
5680		0.677762
5681		0.677211
5682		0.677458
5683		0.675633
5684		0.678958
5685		0.681007
5686		0.678866
5687		0.680189
5688		0.677662
5689		0.679823
5690		0.681667
5691		0.682137
5692		0.680004
5693		0.68179
5694		0.687218
5695		0.675174
5696		0.674911
5697		0.675613
5698		0.672041
5699		0.677218
5700		0.677778
5701		0.678148
5702		0.683796
5703		0.685556
5704		0.690802
5705		0.694506
5706		0.69907
5707		0.697199
5708		0.699633
5709		0.701331
5710		0.701586
5711		0.72152
5712		0.725903
5713		0.727253
5714		0.733735
5715		0.730509
5716		0.735409
5717		0.740312
5718		0.742816
5719		0.742226
5720		0.767701
5721		0.768492
5722		0.770957
5723		0.769086
5724		0.76473
5725		0.770177
5726		0.767924
5727		0.76789
5728		0.771439
5729		0.768727
5730		0.770872
5731		0.773792
5732		0.77659
5733		0.777338
5734		0.775988
5735		0.778561
5736		0.776231
5737		0.780606
