The video is over!
Frame Number 	Queue Density
1		0.0763542
2		0.0819907
3		0.085463
4		0.0953318
5		0.094213
6		0.0968711
7		0.101265
8		0.104406
9		0.104807
10		0.103434
11		0.104225
12		0.102901
13		0.110378
14		0.113013
15		0.115363
16		0.116065
17		0.114545
18		0.116566
19		0.11534
20		0.120139
21		0.120185
22		0.119394
23		0.123819
24		0.128877
25		0.129348
26		0.13326
27		0.135135
28		0.134834
29		0.137585
30		0.13588
31		0.137712
32		0.134333
33		0.135482
34		0.137585
35		0.135972
36		0.140729
37		0.139811
38		0.138364
39		0.137342
40		0.138661
41		0.139765
42		0.144244
43		0.139877
44		0.143098
45		0.139522
46		0.14358
47		0.14098
48		0.138464
49		0.14294
50		0.147407
51		0.146481
52		0.150363
53		0.151188
54		0.153873
55		0.161003
56		0.162623
57		0.164182
58		0.168974
59		0.169414
60		0.169799
61		0.172932
62		0.171713
63		0.167311
64		0.163997
65		0.166447
66		0.163569
67		0.163488
68		0.163927
69		0.167176
70		0.165621
71		0.167095
72		0.168499
73		0.166555
74		0.172342
75		0.174441
76		0.170698
77		0.16789
78		0.172998
79		0.17669
80		0.175417
81		0.180351
82		0.185359
83		0.19189
84		0.189691
85		0.192064
86		0.201123
87		0.199282
88		0.206138
89		0.210629
90		0.214977
91		0.217199
92		0.223237
93		0.221566
94		0.22218
95		0.21613
96		0.217126
97		0.223329
98		0.224491
99		0.222157
100		0.224838
101		0.220174
102		0.219823
103		0.215652
104		0.21311
105		0.21294
106		0.211026
107		0.213669
108		0.21088
109		0.217099
110		0.221327
111		0.224549
112		0.22679
113		0.22755
114		0.234857
115		0.237446
116		0.241574
117		0.238569
118		0.242157
119		0.24375
120		0.245714
121		0.25262
122		0.247157
123		0.246312
124		0.250313
125		0.248113
126		0.249309
127		0.249236
128		0.251779
129		0.252813
130		0.253256
131		0.256516
132		0.257261
133		0.251794
134		0.25603
135		0.258179
136		0.260679
137		0.263314
138		0.259711
139		0.258897
140		0.260783
141		0.263341
142		0.260853
143		0.261794
144		0.26174
145		0.255058
146		0.255316
147		0.258526
148		0.258619
149		0.253773
150		0.255193
151		0.256914
152		0.25436
153		0.258252
154		0.256069
155		0.258002
156		0.255228
157		0.24988
158		0.251219
159		0.25032
160		0.249271
161		0.243931
162		0.248588
163		0.245775
164		0.250841
165		0.249819
166		0.247292
167		0.24522
168		0.247133
169		0.246007
170		0.24853
171		0.246443
172		0.245845
173		0.244502
174		0.244421
175		0.244981
176		0.240023
177		0.238449
178		0.240104
179		0.239043
180		0.237095
181		0.239738
182		0.238534
183		0.235768
184		0.233754
185		0.237685
186		0.23912
187		0.237083
188		0.237049
189		0.236312
190		0.241416
191		0.24039
192		0.24022
193		0.239996
194		0.241736
195		0.24272
196		0.248306
197		0.246617
198		0.245752
199		0.244618
200		0.246559
201		0.244549
202		0.247566
203		0.2474
204		0.247616
205		0.247168
206		0.2476
207		0.24696
208		0.246393
209		0.246215
210		0.246593
211		0.244653
212		0.243341
213		0.241254
214		0.243885
215		0.243978
216		0.242118
217		0.243931
218		0.242554
219		0.245
220		0.231281
221		0.235216
222		0.231991
223		0.234282
224		0.236952
225		0.236767
226		0.235903
227		0.241389
228		0.240077
229		0.239124
230		0.238059
231		0.240197
232		0.240691
233		0.241427
234		0.240741
235		0.237508
236		0.240228
237		0.238029
238		0.239093
239		0.23755
240		0.239749
241		0.237257
242		0.234633
243		0.235174
244		0.236146
245		0.239985
246		0.23765
247		0.240247
248		0.239217
249		0.24071
250		0.236227
251		0.237639
252		0.23662
253		0.231481
254		0.232809
255		0.235795
256		0.235448
257		0.237589
258		0.233322
259		0.230826
260		0.230197
261		0.232396
262		0.230089
263		0.232037
264		0.229757
265		0.232025
266		0.232307
267		0.233661
268		0.23363
269		0.235799
270		0.232554
271		0.231127
272		0.232975
273		0.23309
274		0.234529
275		0.236829
276		0.236281
277		0.240818
278		0.246161
279		0.244934
280		0.247353
281		0.249992
282		0.253198
283		0.255386
284		0.251748
285		0.25076
286		0.252762
287		0.248839
288		0.254483
289		0.25169
290		0.249834
291		0.251011
292		0.253117
293		0.248002
294		0.247909
295		0.241281
296		0.238329
297		0.240907
298		0.240532
299		0.240374
300		0.24
301		0.242577
302		0.241605
303		0.242303
304		0.240042
305		0.238561
306		0.237442
307		0.237319
308		0.237427
309		0.237681
310		0.238353
311		0.23816
312		0.239101
313		0.238075
314		0.238831
315		0.239456
316		0.239726
317		0.238291
318		0.236717
319		0.235463
320		0.237103
321		0.238083
322		0.235868
323		0.237029
324		0.236184
325		0.238835
326		0.237377
327		0.238125
328		0.238194
329		0.238843
330		0.238889
331		0.237843
332		0.238441
333		0.234329
334		0.236748
335		0.2364
336		0.236674
337		0.239093
338		0.235135
339		0.235328
340		0.239078
341		0.240849
342		0.241821
343		0.241319
344		0.246474
345		0.238387
346		0.242878
347		0.245448
348		0.243086
349		0.24294
350		0.243808
351		0.244313
352		0.243441
353		0.243723
354		0.241308
355		0.238862
356		0.24282
357		0.243299
358		0.24125
359		0.245332
360		0.246767
361		0.247118
362		0.244703
363		0.24071
364		0.241632
365		0.242481
366		0.241995
367		0.244668
368		0.244306
369		0.244583
370		0.243711
371		0.247103
372		0.247677
373		0.249155
374		0.249626
375		0.244147
376		0.245073
377		0.249927
378		0.249352
379		0.2489
380		0.249842
381		0.249043
382		0.252488
383		0.252832
384		0.25409
385		0.253966
386		0.258036
387		0.258495
388		0.261142
389		0.262072
390		0.261694
391		0.261358
392		0.260752
393		0.261454
394		0.265498
395		0.260208
396		0.259583
397		0.262681
398		0.262982
399		0.262203
400		0.262701
401		0.26186
402		0.264028
403		0.26716
404		0.271647
405		0.274298
406		0.279873
407		0.284715
408		0.284101
409		0.29088
410		0.299568
411		0.304568
412		0.307577
413		0.312423
414		0.320845
415		0.322284
416		0.3314
417		0.33409
418		0.339641
419		0.34316
420		0.344853
421		0.352245
422		0.352924
423		0.356698
424		0.363229
425		0.371856
426		0.372488
427		0.378191
428		0.3839
429		0.386466
430		0.389124
431		0.395586
432		0.397365
433		0.406408
434		0.411671
435		0.41081
436		0.40941
437		0.41787
438		0.419182
439		0.420451
440		0.420799
441		0.421482
442		0.423835
443		0.428684
444		0.428546
445		0.420312
446		0.419063
447		0.42407
448		0.423889
449		0.426146
450		0.429379
451		0.431069
452		0.433349
453		0.434541
454		0.438329
455		0.438785
456		0.439352
457		0.441346
458		0.446802
459		0.44892
460		0.448638
461		0.448349
462		0.448418
463		0.447025
464		0.446717
465		0.448148
466		0.45044
467		0.451211
468		0.449657
469		0.453769
470		0.457527
471		0.456443
472		0.456485
473		0.458438
474		0.462569
475		0.46539
476		0.465413
477		0.463596
478		0.464718
479		0.464155
480		0.462465
481		0.464888
482		0.464861
483		0.464958
484		0.464823
485		0.464545
486		0.46598
487		0.466755
488		0.462967
489		0.463245
490		0.460976
491		0.460748
492		0.463098
493		0.46088
494		0.464888
495		0.46061
496		0.463144
497		0.466204
498		0.463877
499		0.469591
500		0.473407
501		0.472886
502		0.478414
503		0.483862
504		0.484772
505		0.491177
506		0.497882
507		0.502342
508		0.506169
509		0.511933
510		0.511597
511		0.513893
512		0.522118
513		0.520536
514		0.522014
515		0.520691
516		0.522928
517		0.523711
518		0.527569
519		0.52652
520		0.533063
521		0.535548
522		0.539842
523		0.535868
524		0.540421
525		0.541219
526		0.543029
527		0.543071
528		0.545459
529		0.546879
530		0.542685
531		0.54522
532		0.544583
533		0.54664
534		0.542585
535		0.543943
536		0.542199
537		0.54265
538		0.541478
539		0.545127
540		0.546065
541		0.54169
542		0.547627
543		0.549128
544		0.551215
545		0.522288
546		0.527697
547		0.5263
548		0.526281
549		0.527701
550		0.529599
551		0.527739
552		0.529445
553		0.52816
554		0.529853
555		0.528638
556		0.527658
557		0.526343
558		0.529105
559		0.521944
560		0.521011
561		0.530455
562		0.527419
563		0.526057
564		0.525937
565		0.527118
566		0.526393
567		0.528611
568		0.525343
569		0.528241
570		0.527758
571		0.53262
572		0.535895
573		0.53711
574		0.539533
575		0.542145
576		0.544151
577		0.543711
578		0.543387
579		0.548322
580		0.55228
581		0.553854
582		0.55314
583		0.554452
584		0.556254
585		0.558943
586		0.560235
587		0.563106
588		0.562612
589		0.564097
590		0.563715
591		0.562323
592		0.561466
593		0.562813
594		0.564645
595		0.552269
596		0.556871
597		0.554039
598		0.558306
599		0.559375
600		0.563812
601		0.563958
602		0.565069
603		0.566474
604		0.567766
605		0.570455
606		0.569784
607		0.573426
608		0.576917
609		0.576354
610		0.577315
611		0.585027
612		0.5837
613		0.5889
614		0.593943
615		0.59407
616		0.595799
617		0.599599
618		0.599749
619		0.603673
620		0.600745
621		0.602002
622		0.605706
623		0.607269
624		0.608268
625		0.611995
626		0.610656
627		0.61093
628		0.610289
629		0.612689
630		0.611925
631		0.613584
632		0.616269
633		0.619333
634		0.617847
635		0.618021
636		0.620455
637		0.618966
638		0.616613
639		0.616354
640		0.616667
641		0.617485
642		0.615648
643		0.617828
644		0.618191
645		0.629248
646		0.630336
647		0.632049
648		0.632454
649		0.63429
650		0.634294
651		0.63463
652		0.633873
653		0.634363
654		0.635073
655		0.637022
656		0.638202
657		0.639626
658		0.641632
659		0.64081
660		0.640401
661		0.640999
662		0.64282
663		0.643021
664		0.642978
665		0.645741
666		0.64419
667		0.645147
668		0.645293
669		0.645351
670		0.625667
671		0.627789
672		0.623395
673		0.62674
674		0.629109
675		0.63162
676		0.631547
677		0.63272
678		0.634811
679		0.632504
680		0.634792
681		0.63706
682		0.637407
683		0.641875
684		0.641157
685		0.641142
686		0.64385
687		0.643167
688		0.643283
689		0.645023
690		0.644051
691		0.643457
692		0.644803
693		0.645486
694		0.646258
695		0.629336
696		0.630594
697		0.630189
698		0.635023
699		0.635775
700		0.634576
701		0.635339
702		0.635675
703		0.636964
704		0.637986
705		0.637859
706		0.639703
707		0.64015
708		0.63809
709		0.640521
710		0.63968
711		0.640829
712		0.642415
713		0.642701
714		0.642195
715		0.643418
716		0.642519
717		0.643576
718		0.644622
719		0.645667
720		0.63968
721		0.639988
722		0.641269
723		0.644035
724		0.643939
725		0.643854
726		0.644533
727		0.645421
728		0.645305
729		0.643804
730		0.644637
731		0.643927
732		0.646111
733		0.646647
734		0.648955
735		0.647446
736		0.647296
737		0.648302
738		0.648966
739		0.647755
740		0.645968
741		0.647913
742		0.65022
743		0.650231
744		0.65064
745		0.625602
746		0.629525
747		0.631636
748		0.634934
749		0.631713
750		0.634591
751		0.618611
752		0.619016
753		0.623171
754		0.623561
755		0.622211
756		0.620795
757		0.627928
758		0.625826
759		0.626721
760		0.628025
761		0.629136
762		0.629221
763		0.629263
764		0.629811
765		0.630015
766		0.630185
767		0.632377
768		0.6301
769		0.631053
770		0.645189
771		0.643904
772		0.642577
773		0.642458
774		0.640258
775		0.642022
776		0.643468
777		0.648549
778		0.651474
779		0.651316
780		0.650644
781		0.650791
782		0.65564
783		0.654429
784		0.657207
785		0.655147
786		0.654113
787		0.656142
788		0.655961
789		0.656428
790		0.657901
791		0.665536
792		0.665667
793		0.670559
794		0.671844
795		0.635293
796		0.632388
797		0.635941
798		0.641975
799		0.642496
800		0.646408
801		0.651752
802		0.652045
803		0.649171
804		0.649684
805		0.655012
806		0.654371
807		0.6563
808		0.659988
809		0.658727
810		0.660363
811		0.660664
812		0.659248
813		0.659525
814		0.661011
815		0.663935
816		0.662894
817		0.665606
818		0.665216
819		0.667878
820		0.659444
821		0.659842
822		0.658588
823		0.660035
824		0.664545
825		0.66235
826		0.663383
827		0.663931
828		0.665417
829		0.666192
830		0.666497
831		0.668715
832		0.668754
833		0.668823
834		0.671119
835		0.672924
836		0.670988
837		0.672512
838		0.673978
839		0.677836
840		0.677041
841		0.678654
842		0.678387
843		0.679475
844		0.679379
845		0.677388
846		0.675448
847		0.675733
848		0.679761
849		0.675895
850		0.680984
851		0.679232
852		0.680258
853		0.678275
854		0.679421
855		0.677284
856		0.68142
857		0.677812
858		0.683526
859		0.684275
860		0.682292
861		0.684498
862		0.684155
863		0.68517
864		0.683426
865		0.687334
866		0.684622
867		0.686111
868		0.687867
869		0.686377
870		0.667025
871		0.665795
872		0.667616
873		0.670027
874		0.672739
875		0.672122
876		0.670768
877		0.671192
878		0.672245
879		0.672423
880		0.658692
881		0.65831
882		0.657886
883		0.657623
884		0.658164
885		0.659452
886		0.658762
887		0.659603
888		0.662106
889		0.662654
890		0.66517
891		0.664394
892		0.666115
893		0.665768
894		0.665829
895		0.665768
896		0.66767
897		0.668098
898		0.668029
899		0.668808
900		0.668654
901		0.669522
902		0.672774
903		0.674236
904		0.672018
905		0.682029
906		0.682824
907		0.68412
908		0.685112
909		0.685428
910		0.685123
911		0.684803
912		0.685787
913		0.685822
914		0.685355
915		0.685374
916		0.684734
917		0.6836
918		0.683885
919		0.682488
920		0.682477
921		0.683341
922		0.685239
923		0.686192
924		0.684865
925		0.685586
926		0.686242
927		0.687843
928		0.690201
929		0.691775
930		0.666493
931		0.666682
932		0.666304
933		0.669421
934		0.668133
935		0.670826
936		0.672296
937		0.675324
938		0.678345
939		0.67755
940		0.681073
941		0.680899
942		0.681493
943		0.684182
944		0.685174
945		0.684209
946		0.683958
947		0.683117
948		0.682593
949		0.684614
950		0.683538
951		0.681339
952		0.683654
953		0.680513
954		0.680922
955		0.677307
956		0.676501
957		0.678588
958		0.674306
959		0.682211
960		0.678796
961		0.678129
962		0.682612
963		0.683036
964		0.680957
965		0.683314
966		0.683237
967		0.684298
968		0.683889
969		0.68402
970		0.684109
971		0.685872
972		0.684171
973		0.686123
974		0.68831
975		0.688283
976		0.690683
977		0.692164
978		0.690035
979		0.6911
980		0.68289
981		0.68284
982		0.685181
983		0.684888
984		0.687535
985		0.689275
986		0.688773
987		0.686732
988		0.684761
989		0.686493
990		0.690397
991		0.690301
992		0.689788
993		0.691204
994		0.695193
995		0.696115
996		0.697056
997		0.696447
998		0.697211
999		0.697207
1000		0.697809
1001		0.675752
1002		0.676435
1003		0.675042
1004		0.67566
1005		0.673796
1006		0.673434
1007		0.674433
1008		0.673711
1009		0.67262
1010		0.676316
1011		0.666319
1012		0.665355
1013		0.667982
1014		0.671022
1015		0.670139
1016		0.671038
1017		0.672164
1018		0.670467
1019		0.670841
1020		0.66914
1021		0.671609
1022		0.672342
1023		0.673403
1024		0.673129
1025		0.674097
1026		0.674286
1027		0.671798
1028		0.673692
1029		0.673492
1030		0.673661
1031		0.673677
1032		0.676431
1033		0.675768
1034		0.676042
1035		0.676578
1036		0.67282
1037		0.66951
1038		0.672859
1039		0.674344
1040		0.676281
1041		0.677577
1042		0.676902
1043		0.677801
1044		0.676092
1045		0.673376
1046		0.673804
1047		0.677025
1048		0.681042
1049		0.68235
1050		0.682643
1051		0.683846
1052		0.68414
1053		0.679911
1054		0.683052
1055		0.680764
1056		0.681829
1057		0.683526
1058		0.683079
1059		0.683588
1060		0.682924
1061		0.676547
1062		0.677319
1063		0.676049
1064		0.67456
1065		0.674985
1066		0.676559
1067		0.676566
1068		0.677589
1069		0.677573
1070		0.676462
1071		0.680023
1072		0.679375
1073		0.679769
1074		0.679865
1075		0.683634
1076		0.682608
1077		0.684641
1078		0.683341
1079		0.684008
1080		0.68289
1081		0.687438
1082		0.687326
1083		0.687187
1084		0.68816
1085		0.687361
1086		0.680216
1087		0.679857
1088		0.679934
1089		0.67909
1090		0.679155
1091		0.680567
1092		0.677812
1093		0.682407
1094		0.676532
1095		0.680166
1096		0.680205
1097		0.681204
1098		0.679888
1099		0.68211
1100		0.680945
1101		0.67963
1102		0.68162
1103		0.680401
1104		0.684213
1105		0.682477
1106		0.680802
1107		0.680934
1108		0.679622
1109		0.678206
1110		0.679032
1111		0.674884
1112		0.671678
1113		0.677234
1114		0.679302
1115		0.680089
1116		0.679471
1117		0.680231
1118		0.679907
1119		0.679934
1120		0.680868
1121		0.67963
1122		0.6811
1123		0.681655
1124		0.681713
1125		0.68135
1126		0.681254
1127		0.678727
1128		0.679792
1129		0.677431
1130		0.683167
1131		0.681231
1132		0.683214
1133		0.684884
1134		0.683148
1135		0.684182
1136		0.669317
1137		0.668785
1138		0.66809
1139		0.669201
1140		0.672191
1141		0.670907
1142		0.671929
1143		0.668808
1144		0.668981
1145		0.669329
1146		0.670664
1147		0.671404
1148		0.673846
1149		0.676011
1150		0.67566
1151		0.676501
1152		0.678337
1153		0.677477
1154		0.678102
1155		0.673557
1156		0.67358
1157		0.676223
1158		0.671566
1159		0.67598
1160		0.677867
1161		0.68554
1162		0.68218
1163		0.683885
1164		0.685891
1165		0.683846
1166		0.683206
1167		0.686651
1168		0.681412
1169		0.683291
1170		0.683333
1171		0.684367
1172		0.689066
1173		0.680895
1174		0.683407
1175		0.684059
1176		0.684761
1177		0.683843
1178		0.686643
1179		0.685602
1180		0.689564
1181		0.689471
1182		0.687481
1183		0.688904
1184		0.691134
1185		0.684668
1186		0.679198
1187		0.680548
1188		0.679387
1189		0.685096
1190		0.68304
1191		0.683133
1192		0.67956
1193		0.678403
1194		0.683627
1195		0.684032
1196		0.680278
1197		0.681412
1198		0.683881
1199		0.687855
1200		0.685648
1201		0.683426
1202		0.682222
1203		0.681427
1204		0.686265
1205		0.68738
1206		0.685914
1207		0.68598
1208		0.682593
1209		0.684637
1210		0.684178
1211		0.678997
1212		0.67637
1213		0.67635
1214		0.675849
1215		0.67826
1216		0.675806
1217		0.678032
1218		0.677002
1219		0.680505
1220		0.681038
1221		0.68304
1222		0.683426
1223		0.685108
1224		0.685251
1225		0.686979
1226		0.685637
1227		0.684047
1228		0.685521
1229		0.686053
1230		0.689039
1231		0.690235
1232		0.688137
1233		0.686705
1234		0.686497
1235		0.685216
1236		0.690556
1237		0.690764
1238		0.689329
1239		0.693839
1240		0.694931
1241		0.693781
1242		0.695667
1243		0.698152
1244		0.697554
1245		0.697272
1246		0.690899
1247		0.693264
1248		0.696736
1249		0.694186
1250		0.695567
1251		0.685536
1252		0.685899
1253		0.685667
1254		0.684711
1255		0.68718
1256		0.686713
1257		0.690282
1258		0.692994
1259		0.692319
1260		0.696562
1261		0.673754
1262		0.679938
1263		0.681339
1264		0.68049
1265		0.68076
1266		0.683476
1267		0.683665
1268		0.677759
1269		0.685741
1270		0.686732
1271		0.688337
1272		0.687647
1273		0.685814
1274		0.686717
1275		0.684066
1276		0.686412
1277		0.688094
1278		0.68772
1279		0.685702
1280		0.684124
1281		0.681829
1282		0.681451
1283		0.681181
1284		0.682022
1285		0.680949
1286		0.685764
1287		0.687322
1288		0.688823
1289		0.690687
1290		0.691686
1291		0.693029
1292		0.693603
1293		0.691624
1294		0.693789
1295		0.694946
1296		0.696331
1297		0.695548
1298		0.694225
1299		0.690015
1300		0.690494
1301		0.688735
1302		0.690328
1303		0.692508
1304		0.692488
1305		0.690316
1306		0.689306
1307		0.688391
1308		0.688218
1309		0.689186
1310		0.688372
1311		0.664417
1312		0.665235
1313		0.662801
1314		0.664225
1315		0.6662
1316		0.660779
1317		0.669062
1318		0.669892
1319		0.670914
1320		0.674236
1321		0.673916
1322		0.676061
1323		0.673368
1324		0.672002
1325		0.668677
1326		0.676944
1327		0.672647
1328		0.677523
1329		0.677269
1330		0.67321
1331		0.677299
1332		0.674931
1333		0.677593
1334		0.674769
1335		0.672758
1336		0.665378
1337		0.669591
1338		0.670208
1339		0.67049
1340		0.66733
1341		0.671011
1342		0.671736
1343		0.668954
1344		0.671462
1345		0.672164
1346		0.671123
1347		0.673337
1348		0.673773
1349		0.674934
1350		0.673175
1351		0.673966
1352		0.674977
1353		0.674711
1354		0.674097
1355		0.67613
1356		0.676018
1357		0.678113
1358		0.675567
1359		0.674961
1360		0.674495
1361		0.662801
1362		0.66363
1363		0.66625
1364		0.668819
1365		0.669688
1366		0.668187
1367		0.669826
1368		0.669579
1369		0.670359
1370		0.673194
1371		0.670498
1372		0.66934
1373		0.670424
1374		0.669086
1375		0.671134
1376		0.671516
1377		0.670791
1378		0.673059
1379		0.671998
1380		0.670444
1381		0.672666
1382		0.672917
1383		0.67142
1384		0.672689
1385		0.67157
1386		0.674267
1387		0.675876
1388		0.677689
1389		0.678738
1390		0.677994
1391		0.682307
1392		0.682211
1393		0.681258
1394		0.681497
1395		0.685239
1396		0.684097
1397		0.684618
1398		0.684633
1399		0.685413
1400		0.684911
1401		0.684904
1402		0.688021
1403		0.687303
1404		0.686582
1405		0.685941
1406		0.685355
1407		0.683106
1408		0.686242
1409		0.686667
1410		0.686088
1411		0.675231
1412		0.675309
1413		0.676829
1414		0.680355
1415		0.678098
1416		0.677377
1417		0.6813
1418		0.682118
1419		0.680015
1420		0.68189
1421		0.683171
1422		0.684171
1423		0.684008
1424		0.685243
1425		0.686736
1426		0.688175
1427		0.690008
1428		0.688735
1429		0.692265
1430		0.694201
1431		0.697604
1432		0.698619
1433		0.700694
1434		0.703434
1435		0.705613
1436		0.707994
1437		0.703276
1438		0.709348
1439		0.709614
1440		0.709012
1441		0.714857
1442		0.71483
1443		0.718518
1444		0.72211
1445		0.722022
1446		0.726952
1447		0.727446
1448		0.728052
1449		0.73017
1450		0.732207
1451		0.736512
1452		0.739333
1453		0.741508
1454		0.744495
1455		0.749267
1456		0.752705
1457		0.753476
1458		0.756667
1459		0.759579
1460		0.759051
1461		0.727087
1462		0.732473
1463		0.731991
1464		0.727577
1465		0.728839
1466		0.727863
1467		0.734387
1468		0.732496
1469		0.733958
1470		0.737608
1471		0.736925
1472		0.741767
1473		0.743738
1474		0.746497
1475		0.744784
1476		0.747191
1477		0.744043
1478		0.751281
1479		0.750297
1480		0.752878
1481		0.75659
1482		0.753769
1483		0.756817
1484		0.760505
1485		0.763808
1486		0.761312
1487		0.762126
1488		0.76309
1489		0.764498
1490		0.763897
1491		0.76397
1492		0.762982
1493		0.763403
1494		0.764549
1495		0.764136
1496		0.761956
1497		0.761752
1498		0.764668
1499		0.759491
1500		0.749977
1501		0.714406
1502		0.716401
1503		0.710455
1504		0.714317
1505		0.721408
1506		0.720976
1507		0.720108
1508		0.724784
1509		0.721343
1510		0.721254
1511		0.729533
1512		0.72762
1513		0.730004
1514		0.728233
1515		0.73032
1516		0.70468
1517		0.695189
1518		0.690096
1519		0.68956
1520		0.684618
1521		0.674144
1522		0.658353
1523		0.659101
1524		0.648873
1525		0.651397
1526		0.651501
1527		0.641624
1528		0.644529
1529		0.644363
1530		0.642515
1531		0.635991
1532		0.633318
1533		0.630613
1534		0.628079
1535		0.633889
1536		0.625791
1537		0.632573
1538		0.635378
1539		0.630139
1540		0.629834
1541		0.634232
1542		0.629614
1543		0.62081
1544		0.627836
1545		0.624143
1546		0.621786
1547		0.627782
1548		0.617882
1549		0.617396
1550		0.602728
1551		0.601057
1552		0.596532
1553		0.599873
1554		0.589811
1555		0.581867
1556		0.588846
1557		0.582635
1558		0.58505
1559		0.579236
1560		0.57853
1561		0.553164
1562		0.557218
1563		0.558191
1564		0.560266
1565		0.561686
1566		0.560991
1567		0.564919
1568		0.564286
1569		0.564417
1570		0.565563
1571		0.564506
1572		0.567963
1573		0.571377
1574		0.576906
1575		0.580127
1576		0.584267
1577		0.586782
1578		0.588445
1579		0.591586
1580		0.589676
1581		0.591389
1582		0.593665
1583		0.593997
1584		0.586736
1585		0.589325
1586		0.573113
1587		0.567828
1588		0.567076
1589		0.57804
1590		0.574799
1591		0.582172
1592		0.577481
1593		0.581427
1594		0.581296
1595		0.588457
1596		0.598395
1597		0.593411
1598		0.595147
1599		0.596809
1600		0.603418
1601		0.608067
1602		0.602789
1603		0.603318
1604		0.606894
1605		0.616262
1606		0.623742
1607		0.622554
1608		0.626007
1609		0.633009
1610		0.627342
1611		0.629888
1612		0.62434
1613		0.622558
1614		0.617392
1615		0.615768
1616		0.618731
1617		0.615883
1618		0.599549
1619		0.59961
1620		0.598322
1621		0.594248
1622		0.598113
1623		0.60304
1624		0.595687
1625		0.595397
1626		0.590575
1627		0.594603
1628		0.594379
1629		0.591617
1630		0.594051
1631		0.595779
1632		0.602739
1633		0.606439
1634		0.611011
1635		0.610907
1636		0.634915
1637		0.635887
1638		0.627878
1639		0.625857
1640		0.625621
1641		0.625316
1642		0.623615
1643		0.62064
1644		0.611798
1645		0.607585
1646		0.61103
1647		0.60287
1648		0.606235
1649		0.607805
1650		0.604356
1651		0.604205
1652		0.605397
1653		0.603538
1654		0.604587
1655		0.600289
1656		0.589306
1657		0.588526
1658		0.587207
1659		0.590513
1660		0.587924
1661		0.582361
1662		0.582508
1663		0.591655
1664		0.601559
1665		0.604487
1666		0.609985
1667		0.6161
1668		0.618981
1669		0.61919
1670		0.622415
1671		0.627322
1672		0.622863
1673		0.625189
1674		0.616358
1675		0.611235
1676		0.609784
1677		0.614688
1678		0.610795
1679		0.611821
1680		0.612388
1681		0.618958
1682		0.623167
1683		0.621539
1684		0.62532
1685		0.631998
1686		0.594444
1687		0.593326
1688		0.598943
1689		0.601674
1690		0.606393
1691		0.61439
1692		0.619151
1693		0.617195
1694		0.616123
1695		0.616204
1696		0.622913
1697		0.622214
1698		0.619857
1699		0.625008
1700		0.632195
1701		0.633229
1702		0.638827
1703		0.641597
1704		0.647921
1705		0.652863
1706		0.652813
1707		0.666262
1708		0.662751
1709		0.664437
1710		0.65892
1711		0.696246
1712		0.697207
1713		0.695752
1714		0.700505
1715		0.696466
1716		0.691663
1717		0.687207
1718		0.679545
1719		0.672072
1720		0.655876
1721		0.656578
1722		0.649448
1723		0.63936
1724		0.635401
1725		0.640181
1726		0.633345
1727		0.628966
1728		0.621404
1729		0.605158
1730		0.606752
1731		0.591238
1732		0.58015
1733		0.585652
1734		0.567365
1735		0.572542
1736		0.513893
1737		0.519151
1738		0.519032
1739		0.509097
1740		0.507458
1741		0.49664
1742		0.494587
1743		0.49223
1744		0.480849
1745		0.487785
1746		0.482654
1747		0.478839
1748		0.471586
1749		0.463144
1750		0.453773
1751		0.435802
1752		0.444302
1753		0.43924
1754		0.440405
1755		0.43664
1756		0.442986
1757		0.442338
1758		0.43711
1759		0.441516
1760		0.441319
1761		0.424205
1762		0.433769
1763		0.431196
1764		0.431366
1765		0.431385
1766		0.432222
1767		0.43277
1768		0.433113
1769		0.42875
1770		0.440139
1771		0.442095
1772		0.447948
1773		0.446458
1774		0.441836
1775		0.44233
1776		0.443349
1777		0.438225
1778		0.433048
1779		0.435108
1780		0.432481
1781		0.436717
1782		0.438708
1783		0.431543
1784		0.428708
1785		0.423268
1786		0.39434
1787		0.39718
1788		0.404333
1789		0.404279
1790		0.394726
1791		0.392685
1792		0.394263
1793		0.390992
1794		0.388025
1795		0.388573
1796		0.383009
1797		0.390976
1798		0.38652
1799		0.388846
1800		0.387654
1801		0.38985
1802		0.385718
1803		0.372438
1804		0.374039
1805		0.373098
1806		0.370301
1807		0.358357
1808		0.355837
1809		0.357319
1810		0.344564
1811		0.330251
1812		0.329514
1813		0.322593
1814		0.321007
1815		0.318638
1816		0.309749
1817		0.311454
1818		0.301975
1819		0.304213
1820		0.30326
1821		0.297994
1822		0.285235
1823		0.283198
1824		0.279498
1825		0.286466
1826		0.279784
1827		0.285521
1828		0.280868
1829		0.28424
1830		0.279051
1831		0.278272
1832		0.274306
1833		0.276493
1834		0.263445
1835		0.261057
1836		0.229714
1837		0.22402
1838		0.226204
1839		0.22338
1840		0.21934
1841		0.210787
1842		0.208245
1843		0.203708
1844		0.196316
1845		0.188785
1846		0.182014
1847		0.181443
1848		0.177928
1849		0.175073
1850		0.166721
1851		0.163534
1852		0.163503
1853		0.158885
1854		0.156717
1855		0.156501
1856		0.152647
1857		0.148499
1858		0.150949
1859		0.153549
1860		0.148796
1861		0.146578
1862		0.142539
1863		0.1364
1864		0.134583
1865		0.134217
1866		0.137446
1867		0.134387
1868		0.131682
1869		0.143256
1870		0.151138
1871		0.151809
1872		0.157627
1873		0.158835
1874		0.157377
1875		0.161941
1876		0.172716
1877		0.178468
1878		0.193704
1879		0.210737
1880		0.220046
1881		0.225166
1882		0.246454
1883		0.252878
1884		0.260918
1885		0.278927
1886		0.259059
1887		0.275783
1888		0.297824
1889		0.302569
1890		0.319792
1891		0.336863
1892		0.340756
1893		0.353144
1894		0.366806
1895		0.374645
1896		0.375745
1897		0.384421
1898		0.398657
1899		0.416798
1900		0.430895
1901		0.439178
1902		0.446416
1903		0.446092
1904		0.451146
1905		0.456744
1906		0.462272
1907		0.465814
1908		0.461917
1909		0.459583
1910		0.467643
1911		0.488607
1912		0.479313
1913		0.481883
1914		0.472886
1915		0.465336
1916		0.458831
1917		0.447068
1918		0.440027
1919		0.435694
1920		0.428187
1921		0.417168
1922		0.41044
1923		0.395718
1924		0.399394
1925		0.393681
1926		0.381003
1927		0.378237
1928		0.379402
1929		0.365293
1930		0.359846
1931		0.353881
1932		0.347265
1933		0.340637
1934		0.330502
1935		0.327157
1936		0.296759
1937		0.296767
1938		0.284178
1939		0.275529
1940		0.27157
1941		0.273256
1942		0.257272
1943		0.254228
1944		0.253997
1945		0.25348
1946		0.252253
1947		0.25211
1948		0.260258
1949		0.254421
1950		0.244514
1951		0.237608
1952		0.226354
1953		0.219711
1954		0.210845
1955		0.207029
1956		0.195432
1957		0.18581
1958		0.17439
1959		0.174171
1960		0.155351
1961		0.141505
1962		0.127311
1963		0.115189
1964		0.113422
1965		0.107434
1966		0.0997917
1967		0.101296
1968		0.0950116
1969		0.0877199
1970		0.0903009
1971		0.0826582
1972		0.0757485
1973		0.0690432
1974		0.0610687
1975		0.0557832
1976		0.0499344
1977		0.0440471
1978		0.0420216
1979		0.0371065
1980		0.0327855
1981		0.0265509
1982		0.0279784
1983		0.026875
1984		0.0271142
1985		0.0271644
1986		0.0248534
1987		0.0265702
1988		0.0282176
1989		0.0284568
1990		0.0269907
1991		0.0276312
1992		0.0280826
1993		0.0305015
1994		0.0278627
1995		0.0262654
1996		0.029456
1997		0.0278472
1998		0.0241898
1999		0.0254051
2000		0.0330131
2001		0.0409954
2002		0.0543866
2003		0.0595177
2004		0.0773187
2005		0.0962963
2006		0.10353
2007		0.119718
2008		0.133032
2009		0.144182
2010		0.162203
2011		0.175417
2012		0.18701
2013		0.200741
2014		0.218133
2015		0.230559
2016		0.245791
2017		0.272963
2018		0.281123
2019		0.301956
2020		0.313912
2021		0.325309
2022		0.338623
2023		0.345374
2024		0.357921
2025		0.364475
2026		0.371551
2027		0.381458
2028		0.383792
2029		0.399383
2030		0.393719
2031		0.402504
2032		0.401948
2033		0.402234
2034		0.406597
2035		0.404325
2036		0.396709
2037		0.385258
2038		0.386346
2039		0.378295
2040		0.365992
2041		0.354873
2042		0.353202
2043		0.340872
2044		0.332245
2045		0.322677
2046		0.312342
2047		0.304927
2048		0.304001
2049		0.309194
2050		0.295228
2051		0.296235
2052		0.287199
2053		0.276771
2054		0.273029
2055		0.256107
2056		0.240664
2057		0.235787
2058		0.230401
2059		0.218056
2060		0.215301
2061		0.211829
2062		0.198125
2063		0.195289
2064		0.192215
2065		0.174572
2066		0.170266
2067		0.161497
2068		0.152006
2069		0.149109
2070		0.138966
2071		0.125332
2072		0.115509
2073		0.105185
2074		0.0948534
2075		0.0904707
2076		0.0820988
2077		0.0739545
2078		0.068723
2079		0.0636227
2080		0.0629128
2081		0.056142
2082		0.0538002
2083		0.0472222
2084		0.0451543
2085		0.0413619
2086		0.0353125
2087		0.0353511
2088		0.0332948
2089		0.0316397
2090		0.033777
2091		0.0342631
2092		0.0334684
2093		0.0335995
2094		0.0324653
2095		0.0349267
2096		0.0347647
2097		0.03799
2098		0.0370679
2099		0.0402238
2100		0.0497145
2101		0.0541937
2102		0.0587654
2103		0.0668326
2104		0.0787037
2105		0.0834722
2106		0.0898611
2107		0.0988117
2108		0.101844
2109		0.110189
2110		0.115806
2111		0.119475
2112		0.131119
2113		0.135243
2114		0.143098
2115		0.151262
2116		0.163333
2117		0.173414
2118		0.180293
2119		0.191265
2120		0.19184
2121		0.202191
2122		0.212782
2123		0.217735
2124		0.228673
2125		0.229055
2126		0.236763
2127		0.241157
2128		0.252384
2129		0.249491
2130		0.258152
2131		0.261146
2132		0.255004
2133		0.253368
2134		0.252415
2135		0.247951
2136		0.262407
2137		0.256262
2138		0.26091
2139		0.259024
2140		0.271323
2141		0.265652
2142		0.265505
2143		0.267002
2144		0.271285
2145		0.268939
2146		0.264676
2147		0.264981
2148		0.259228
2149		0.259738
2150		0.259572
2151		0.255177
2152		0.240945
2153		0.241262
2154		0.241794
2155		0.24647
2156		0.246937
2157		0.24968
2158		0.241547
2159		0.238079
2160		0.232724
2161		0.220262
2162		0.220235
2163		0.226088
2164		0.232249
2165		0.234144
2166		0.23196
2167		0.222018
2168		0.220563
2169		0.218052
2170		0.214124
2171		0.212971
2172		0.215806
2173		0.207473
2174		0.203291
2175		0.204634
2176		0.201215
2177		0.195258
2178		0.188661
2179		0.19015
2180		0.185714
2181		0.178546
2182		0.168495
2183		0.163839
2184		0.156725
2185		0.147172
2186		0.13461
2187		0.130775
2188		0.125721
2189		0.1224
2190		0.117481
2191		0.108214
2192		0.107897
2193		0.0944136
2194		0.0922839
2195		0.0893634
2196		0.0805594
2197		0.0792014
2198		0.0749653
2199		0.0722569
2200		0.0659414
2201		0.0626042
2202		0.05549
2203		0.0517554
2204		0.0535918
2205		0.0511073
2206		0.0437037
2207		0.0439043
2208		0.0403819
2209		0.0384105
2210		0.0368017
2211		0.0389159
2212		0.0368634
2213		0.0338002
2214		0.0276389
2215		0.0263079
2216		0.0255285
2217		0.0198804
2218		0.0215239
2219		0.0201659
2220		0.0162423
2221		0.0173071
2222		0.0208295
2223		0.0174614
2224		0.0191358
2225		0.017365
2226		0.0189468
2227		0.0195062
2228		0.0190509
2229		0.0197145
2230		0.0182909
2231		0.0199961
2232		0.0203819
2233		0.0226312
2234		0.0220795
2235		0.0206983
2236		0.0205054
2237		0.0218789
2238		0.0213696
2239		0.0231211
2240		0.0217824
2241		0.0192207
2242		0.0231327
2243		0.0202778
2244		0.0235725
2245		0.0241937
2246		0.0241937
2247		0.0276659
2248		0.0242824
2249		0.024865
2250		0.0259452
2251		0.0248688
2252		0.0240664
2253		0.0217207
2254		0.0232832
2255		0.0233063
2256		0.0291589
2257		0.0246528
2258		0.0296181
2259		0.0305903
2260		0.0276813
2261		0.0324923
2262		0.0318441
2263		0.0329282
2264		0.0312731
2265		0.0337269
2266		0.0414159
2267		0.0454745
2268		0.0501505
2269		0.0660802
2270		0.0699036
2271		0.0785802
2272		0.0867901
2273		0.0892014
2274		0.0935378
2275		0.0897608
2276		0.0928742
2277		0.0927855
2278		0.0929437
2279		0.0938194
2280		0.095054
2281		0.092936
2282		0.094186
2283		0.0989583
2284		0.10184
2285		0.104186
2286		0.105741
2287		0.107168
2288		0.108484
2289		0.110856
2290		0.108137
2291		0.112064
2292		0.106019
2293		0.109043
2294		0.108526
2295		0.110147
2296		0.108549
2297		0.111732
2298		0.111497
2299		0.117558
2300		0.121304
2301		0.124117
2302		0.125733
2303		0.12255
2304		0.120953
2305		0.119317
2306		0.123812
2307		0.123835
2308		0.122203
2309		0.124267
2310		0.133399
2311		0.121188
2312		0.125571
2313		0.130652
2314		0.129958
2315		0.120475
2316		0.119502
2317		0.1164
2318		0.110174
2319		0.106763
2320		0.107434
2321		0.104171
2322		0.102928
2323		0.105629
2324		0.100953
2325		0.10135
2326		0.096875
2327		0.0945949
2328		0.0908989
2329		0.0899074
2330		0.0827662
2331		0.0804359
2332		0.0779282
2333		0.0754707
2334		0.0729707
2335		0.0665741
2336		0.0751312
2337		0.0708333
2338		0.0635031
2339		0.0616782
2340		0.0555015
2341		0.0544213
2342		0.0581597
2343		0.05625
2344		0.0532369
2345		0.0506674
2346		0.0496373
2347		0.0494444
2348		0.0512847
2349		0.0488619
2350		0.0461073
2351		0.0455941
2352		0.0411651
2353		0.0407793
2354		0.0382369
2355		0.0380093
2356		0.0415509
2357		0.037662
2358		0.0383256
2359		0.0296142
2360		0.0265046
2361		0.0227662
2362		0.0263696
2363		0.0247338
2364		0.0233025
2365		0.0209066
2366		0.0253742
2367		0.0243634
2368		0.0212924
2369		0.0190702
2370		0.0215239
2371		0.0219213
2372		0.0204437
2373		0.0196412
2374		0.0196991
2375		0.0197647
2376		0.0193403
2377		0.0180478
2378		0.0200579
2379		0.018206
2380		0.0193056
2381		0.0200579
2382		0.0250116
2383		0.032936
2384		0.0341628
2385		0.0436998
2386		0.0536883
2387		0.0571682
2388		0.0653935
2389		0.0651659
2390		0.0642477
2391		0.0586767
2392		0.0562346
2393		0.0510069
2394		0.0562693
2395		0.0564429
2396		0.0505594
2397		0.0476813
2398		0.0443634
2399		0.0421219
2400		0.037554
2401		0.0328935
2402		0.03826
2403		0.0355054
2404		0.0448071
2405		0.0478164
2406		0.0432716
2407		0.0527315
2408		0.058642
2409		0.0586227
2410		0.0553472
2411		0.0511844
2412		0.0486304
2413		0.0508989
2414		0.0516628
2415		0.0591628
2416		0.0533912
2417		0.0527932
2418		0.0488812
2419		0.0472338
2420		0.0466551
2421		0.044919
2422		0.0405517
2423		0.0345833
2424		0.0247029
2425		0.0202469
2426		0.0199151
2427		0.0207099
2428		0.0248032
2429		0.0190548
2430		0.0169599
2431		0.0193519
2432		0.023615
2433		0.0327585
2434		0.0404475
2435		0.0414545
2436		0.0525964
2437		0.0510841
2438		0.0524807
2439		0.0529128
2440		0.0607253
2441		0.0591165
2442		0.0625733
2443		0.0639545
2444		0.0646682
2445		0.0630556
2446		0.0635069
2447		0.0641049
2448		0.0641782
2449		0.0649576
2450		0.0650039
2451		0.0681173
2452		0.0675
2453		0.0699498
2454		0.0721489
2455		0.0752508
2456		0.0735764
2457		0.0778434
2458		0.0754938
2459		0.0762114
2460		0.079348
2461		0.0827855
2462		0.0834722
2463		0.084348
2464		0.0848997
2465		0.0880517
2466		0.0841358
2467		0.0781906
2468		0.0715625
2469		0.067963
2470		0.0664506
2471		0.0617168
2472		0.0575231
2473		0.0517515
2474		0.0546335
2475		0.0495448
2476		0.0469097
2477		0.0474151
2478		0.0493326
2479		0.0466474
2480		0.0451042
2481		0.0408295
2482		0.0408218
2483		0.0378974
2484		0.0342593
2485		0.0354784
2486		0.0348997
2487		0.0349228
2488		0.0382793
2489		0.0374383
2490		0.0361921
2491		0.0366937
2492		0.0351466
2493		0.0360494
2494		0.0366165
2495		0.03549
2496		0.0387577
2497		0.0389622
2498		0.0412654
2499		0.0411651
2500		0.042446
2501		0.0451582
2502		0.0410494
2503		0.0439969
2504		0.0461574
2505		0.0463079
2506		0.0429977
2507		0.0450926
2508		0.0489545
2509		0.0607214
2510		0.0634066
2511		0.06951
2512		0.0828897
2513		0.0819174
2514		0.0879282
2515		0.0907948
2516		0.0868287
2517		0.08
2518		0.0803665
2519		0.0774383
2520		0.0773843
2521		0.0773881
2522		0.079348
2523		0.0796373
2524		0.0796219
2525		0.0822299
2526		0.0777739
2527		0.0733603
2528		0.0753511
2529		0.0772338
2530		0.0736728
2531		0.0789699
2532		0.0806404
2533		0.0754282
2534		0.0725964
2535		0.0802045
2536		0.0839853
2537		0.0812037
2538		0.0826813
2539		0.0872299
2540		0.0883796
2541		0.0923148
2542		0.0880208
2543		0.0872685
2544		0.0898534
2545		0.0931173
2546		0.0904244
2547		0.0850463
2548		0.0894444
2549		0.0858025
2550		0.0826389
2551		0.0818441
2552		0.0817863
2553		0.0882485
2554		0.0846682
2555		0.0810108
2556		0.0796335
2557		0.0779977
2558		0.0751813
2559		0.0785262
2560		0.0783565
2561		0.0648611
2562		0.056169
2563		0.0490239
2564		0.0464892
2565		0.0428356
2566		0.0385378
2567		0.0420679
2568		0.0413117
2569		0.0347106
2570		0.0310957
2571		0.0315278
2572		0.0250965
2573		0.0189699
2574		0.0217863
2575		0.0209722
2576		0.0222415
2577		0.019591
2578		0.0210841
2579		0.0231713
2580		0.0212731
2581		0.0193711
2582		0.0196296
2583		0.0235339
2584		0.0216512
2585		0.0233025
2586		0.0159375
2587		0.0198225
2588		0.0220795
2589		0.0185031
2590		0.0205633
2591		0.0177894
2592		0.0178974
2593		0.0177932
2594		0.0182639
2595		0.0209684
2596		0.0190509
2597		0.0209529
2598		0.0222647
2599		0.0202238
2600		0.0182369
2601		0.0202315
2602		0.022311
2603		0.0204244
2604		0.0223418
2605		0.022419
2606		0.0203704
2607		0.0187461
2608		0.0187461
2609		0.0187809
2610		0.0208295
2611		0.02201
2612		0.0233179
2613		0.0219136
2614		0.021385
2615		0.0216744
2616		0.0214198
2617		0.021875
2618		0.0221605
2619		0.0220448
2620		0.0223148
2621		0.0226003
2622		0.0213735
2623		0.0216589
2624		0.0242515
2625		0.0322029
2626		0.0396181
2627		0.039784
2628		0.0465972
2629		0.0516667
2630		0.0540818
2631		0.0580208
2632		0.0595679
2633		0.057554
2634		0.0600502
2635		0.0622068
2636		0.064267
2637		0.0684992
2638		0.0761497
2639		0.0826813
2640		0.0838542
2641		0.0948997
2642		0.0960185
2643		0.101393
2644		0.10397
2645		0.107265
2646		0.114695
2647		0.120845
2648		0.127917
2649		0.129028
2650		0.132963
2651		0.136601
2652		0.141701
2653		0.142446
2654		0.145868
2655		0.149367
2656		0.1486
2657		0.151412
2658		0.151478
2659		0.154823
2660		0.160042
2661		0.15233
2662		0.157631
2663		0.164344
2664		0.159039
2665		0.168549
2666		0.160131
2667		0.158916
2668		0.164464
2669		0.165224
2670		0.167724
2671		0.165795
2672		0.161728
2673		0.164996
2674		0.158688
2675		0.168156
2676		0.169992
2677		0.171574
2678		0.167338
2679		0.164884
2680		0.167897
2681		0.163731
2682		0.152496
2683		0.151555
2684		0.151493
2685		0.143816
2686		0.112654
2687		0.109807
2688		0.11189
2689		0.114869
2690		0.114078
2691		0.119286
2692		0.11277
2693		0.114572
2694		0.112215
2695		0.103499
2696		0.0981829
2697		0.0871142
2698		0.0789352
2699		0.0785571
2700		0.0689738
2701		0.0662924
2702		0.067554
2703		0.0641126
2704		0.0614853
2705		0.0661034
2706		0.0704012
2707		0.0710532
2708		0.0736767
2709		0.0696875
2710		0.0609105
2711		0.0598187
2712		0.0591358
2713		0.0535687
2714		0.0552585
2715		0.058723
2716		0.0568519
2717		0.0575617
2718		0.0575347
2719		0.0587423
2720		0.0592477
2721		0.0604552
2722		0.0568249
2723		0.0598495
2724		0.0600463
2725		0.062936
2726		0.0656096
2727		0.0653009
2728		0.0737616
2729		0.0763272
2730		0.082608
2731		0.084429
2732		0.0890779
2733		0.0946296
2734		0.0963889
2735		0.0997377
2736		0.102099
2737		0.104896
2738		0.104248
2739		0.10238
2740		0.0990586
2741		0.103167
2742		0.104884
2743		0.106767
2744		0.105448
2745		0.106979
2746		0.106408
2747		0.105475
2748		0.109942
2749		0.117708
2750		0.119171
2751		0.117751
2752		0.116921
2753		0.118708
2754		0.119464
2755		0.121343
2756		0.123113
2757		0.125517
2758		0.125652
2759		0.126319
2760		0.127704
2761		0.12897
2762		0.126566
2763		0.12919
2764		0.126462
2765		0.124591
2766		0.131481
2767		0.13686
2768		0.132816
2769		0.13512
2770		0.137461
2771		0.13912
2772		0.137778
2773		0.139225
2774		0.142377
2775		0.144236
2776		0.145995
2777		0.145015
2778		0.147485
2779		0.148823
2780		0.148565
2781		0.148457
2782		0.148912
2783		0.150428
2784		0.148665
2785		0.151019
2786		0.142824
2787		0.144734
2788		0.143387
2789		0.139255
2790		0.142701
2791		0.141543
2792		0.139834
2793		0.141169
2794		0.13968
2795		0.138916
2796		0.140837
2797		0.145008
2798		0.140467
2799		0.144958
2800		0.145417
2801		0.144136
2802		0.146867
2803		0.148349
2804		0.146941
2805		0.147373
2806		0.149441
2807		0.151466
2808		0.152704
2809		0.153302
2810		0.150883
2811		0.150459
2812		0.14978
2813		0.150984
2814		0.150471
2815		0.150548
2816		0.150922
2817		0.146995
2818		0.151196
2819		0.154147
2820		0.152967
2821		0.152369
2822		0.151327
2823		0.154965
2824		0.151381
2825		0.15488
2826		0.152832
2827		0.153507
2828		0.15549
2829		0.152847
2830		0.152585
2831		0.151763
2832		0.15284
2833		0.153816
2834		0.155127
2835		0.153642
2836		0.15414
2837		0.154217
2838		0.151235
2839		0.154086
2840		0.153989
2841		0.155336
2842		0.158866
2843		0.158789
2844		0.158017
2845		0.15784
2846		0.160112
2847		0.160089
2848		0.158191
2849		0.159838
2850		0.165918
2851		0.171875
2852		0.166736
2853		0.171663
2854		0.172172
2855		0.172238
2856		0.168954
2857		0.168958
2858		0.167905
2859		0.165556
2860		0.162782
2861		0.156663
2862		0.157504
2863		0.156246
2864		0.157049
2865		0.156096
2866		0.15696
2867		0.157014
2868		0.159028
2869		0.154633
2870		0.156933
2871		0.156154
2872		0.156852
2873		0.156451
2874		0.160166
2875		0.155235
2876		0.155918
2877		0.154313
2878		0.157485
2879		0.158175
2880		0.160397
2881		0.166061
2882		0.16755
2883		0.165644
2884		0.16821
2885		0.166528
2886		0.176462
2887		0.17831
2888		0.181354
2889		0.177542
2890		0.179012
2891		0.180556
2892		0.180394
2893		0.183453
2894		0.183499
2895		0.185251
2896		0.185208
2897		0.180988
2898		0.17988
2899		0.183916
2900		0.185255
2901		0.183488
2902		0.18603
2903		0.18201
2904		0.186659
2905		0.184811
2906		0.181628
2907		0.186686
2908		0.186659
2909		0.181586
2910		0.184622
2911		0.179992
2912		0.178584
2913		0.180556
2914		0.179695
2915		0.178376
2916		0.180768
2917		0.180891
2918		0.180177
2919		0.180401
2920		0.179171
2921		0.181304
2922		0.181593
2923		0.184444
2924		0.182045
2925		0.1826
2926		0.183252
2927		0.184788
2928		0.182157
2929		0.180332
2930		0.183187
2931		0.182762
2932		0.183781
2933		0.183283
2934		0.186447
2935		0.186902
2936		0.17659
2937		0.178866
2938		0.176424
2939		0.177851
2940		0.177631
2941		0.18424
2942		0.186073
2943		0.188098
2944		0.194267
2945		0.196154
2946		0.198989
2947		0.203623
2948		0.208654
2949		0.210301
2950		0.221481
2951		0.221914
2952		0.224059
2953		0.227299
2954		0.232419
2955		0.238129
2956		0.242184
2957		0.245081
2958		0.250259
2959		0.256215
2960		0.259232
2961		0.275567
2962		0.280204
2963		0.284444
2964		0.286875
2965		0.292801
2966		0.289776
2967		0.296451
2968		0.301408
2969		0.302222
2970		0.311238
2971		0.314873
2972		0.316968
2973		0.324159
2974		0.330467
2975		0.332616
2976		0.340158
2977		0.339144
2978		0.3438
2979		0.345409
2980		0.346964
2981		0.347434
2982		0.348924
2983		0.353175
2984		0.353198
2985		0.357103
2986		0.354151
2987		0.35865
2988		0.361053
2989		0.364248
2990		0.368615
2991		0.370598
2992		0.375339
2993		0.380691
2994		0.384425
2995		0.383488
2996		0.388958
2997		0.393584
2998		0.39841
2999		0.399823
3000		0.408148
3001		0.402542
3002		0.407095
3003		0.409645
3004		0.415571
3005		0.419252
3006		0.420301
3007		0.427323
3008		0.430934
3009		0.437967
3010		0.44419
3011		0.448229
3012		0.452878
3013		0.458958
3014		0.46093
3015		0.46348
3016		0.475096
3017		0.48
3018		0.488866
3019		0.489576
3020		0.49157
3021		0.495216
3022		0.504676
3023		0.513947
3024		0.509452
3025		0.519047
3026		0.518785
3027		0.516806
3028		0.516987
3029		0.526304
3030		0.524961
3031		0.523985
3032		0.52365
3033		0.51711
3034		0.519298
3035		0.523387
3036		0.512766
3037		0.508962
3038		0.508048
3039		0.511412
3040		0.519429
3041		0.514078
3042		0.519228
3043		0.516408
3044		0.524201
3045		0.520208
3046		0.5201
3047		0.5187
3048		0.519414
3049		0.522361
3050		0.520548
3051		0.523044
3052		0.520814
3053		0.522982
3054		0.523353
3055		0.519024
3056		0.518245
3057		0.516215
3058		0.515262
3059		0.518264
3060		0.523858
3061		0.500795
3062		0.499363
3063		0.496987
3064		0.49963
3065		0.51066
3066		0.517674
3067		0.524221
3068		0.53012
3069		0.533318
3070		0.532951
3071		0.533769
3072		0.529958
3073		0.526617
3074		0.528681
3075		0.531586
3076		0.536462
3077		0.535428
3078		0.529101
3079		0.532446
3080		0.536678
3081		0.545104
3082		0.556763
3083		0.559869
3084		0.559822
3085		0.568495
3086		0.561763
3087		0.564784
3088		0.562917
3089		0.566447
3090		0.566975
3091		0.566038
3092		0.567569
3093		0.566073
3094		0.565737
3095		0.569668
3096		0.574414
3097		0.571196
3098		0.57277
3099		0.568603
3100		0.568364
3101		0.571763
3102		0.579695
3103		0.577766
3104		0.578306
3105		0.574394
3106		0.575509
3107		0.576802
3108		0.577643
3109		0.577323
3110		0.579468
3111		0.546238
3112		0.54338
3113		0.548603
3114		0.549684
3115		0.550629
3116		0.551578
3117		0.548954
3118		0.553183
3119		0.557234
3120		0.559093
3121		0.556543
3122		0.559228
3123		0.560444
3124		0.563997
3125		0.570251
3126		0.568981
3127		0.571956
3128		0.57157
3129		0.57336
3130		0.575231
3131		0.575791
3132		0.571968
3133		0.572704
3134		0.573314
3135		0.576782
3136		0.575154
3137		0.577921
3138		0.580216
3139		0.577843
3140		0.58088
3141		0.584387
3142		0.586381
3143		0.586235
3144		0.587515
3145		0.587187
3146		0.591308
3147		0.596744
3148		0.596659
3149		0.59576
3150		0.599977
3151		0.599823
3152		0.598445
3153		0.596833
3154		0.602068
3155		0.601925
3156		0.602693
3157		0.60485
3158		0.604873
3159		0.606674
3160		0.608904
3161		0.572006
3162		0.572805
3163		0.570181
3164		0.566524
3165		0.572523
3166		0.568326
3167		0.568326
3168		0.572936
3169		0.574178
3170		0.575907
3171		0.573248
3172		0.574626
3173		0.576694
3174		0.57777
3175		0.577986
3176		0.57853
3177		0.580505
3178		0.580922
3179		0.58988
3180		0.588789
3181		0.596115
3182		0.601763
3183		0.604182
3184		0.603341
3185		0.604946
3186		0.608804
3187		0.614772
3188		0.616844
3189		0.617739
3190		0.622338
3191		0.621119
3192		0.62598
3193		0.627122
3194		0.625949
3195		0.629695
3196		0.632114
3197		0.632809
3198		0.628214
3199		0.632172
3200		0.633009
3201		0.634657
3202		0.63512
3203		0.634977
3204		0.639363
3205		0.638245
3206		0.63983
3207		0.636921
3208		0.636408
3209		0.639811
3210		0.637461
3211		0.585324
3212		0.586505
3213		0.586115
3214		0.594344
3215		0.593866
3216		0.591682
3217		0.594178
3218		0.590895
3219		0.597257
3220		0.596964
3221		0.598623
3222		0.598268
3223		0.599877
3224		0.603731
3225		0.601964
3226		0.606755
3227		0.607805
3228		0.607759
3229		0.612072
3230		0.612917
3231		0.615077
3232		0.616416
3233		0.617527
3234		0.619375
3235		0.620718
3236		0.60544
3237		0.606937
3238		0.607681
3239		0.60532
3240		0.609224
3241		0.608839
3242		0.608545
3243		0.608715
3244		0.609734
3245		0.612079
3246		0.610559
3247		0.610853
3248		0.60919
3249		0.608314
3250		0.609896
3251		0.585077
3252		0.588125
3253		0.585046
3254		0.588059
3255		0.58821
3256		0.589441
3257		0.590691
3258		0.589549
3259		0.591543
3260		0.594942
3261		0.593966
3262		0.594244
3263		0.59689
3264		0.602593
3265		0.603403
3266		0.604217
3267		0.603735
3268		0.597589
3269		0.602168
3270		0.605282
3271		0.605343
3272		0.60387
3273		0.603133
3274		0.609286
3275		0.609742
3276		0.613353
3277		0.611215
3278		0.612666
3279		0.617434
3280		0.61566
3281		0.61662
3282		0.617782
3283		0.61843
3284		0.618164
3285		0.619892
3286		0.622087
3287		0.621721
3288		0.624043
3289		0.625386
3290		0.624174
3291		0.624877
3292		0.624838
3293		0.623958
3294		0.628708
3295		0.625529
3296		0.626798
3297		0.625185
3298		0.62686
3299		0.627612
3300		0.628302
3301		0.628083
3302		0.626277
3303		0.627257
3304		0.629047
3305		0.628445
3306		0.625039
3307		0.627257
3308		0.6289
3309		0.625478
3310		0.626231
3311		0.577064
3312		0.575397
3313		0.582554
3314		0.581817
3315		0.584302
3316		0.58723
3317		0.588665
3318		0.590876
3319		0.590799
3320		0.587948
3321		0.588954
3322		0.588773
3323		0.591157
3324		0.591983
3325		0.593318
3326		0.598592
3327		0.597874
3328		0.595887
3329		0.593966
3330		0.596397
3331		0.597052
3332		0.59816
3333		0.6011
3334		0.602527
3335		0.604086
3336		0.607226
3337		0.608846
3338		0.605972
3339		0.607577
3340		0.607006
3341		0.604842
3342		0.606466
3343		0.613511
3344		0.61262
3345		0.612292
3346		0.613954
3347		0.613472
3348		0.614564
3349		0.611192
3350		0.618457
3351		0.618754
3352		0.62017
3353		0.618117
3354		0.619024
3355		0.621408
3356		0.620448
3357		0.619934
3358		0.618623
3359		0.620023
3360		0.619938
3361		0.626049
3362		0.624985
3363		0.62098
3364		0.623329
3365		0.62456
3366		0.62738
3367		0.627018
3368		0.62772
3369		0.623823
3370		0.626443
3371		0.629487
3372		0.628526
3373		0.632454
3374		0.631462
3375		0.633584
3376		0.632693
3377		0.632072
3378		0.629059
3379		0.627091
3380		0.62973
3381		0.632677
3382		0.631987
3383		0.629375
3384		0.630471
3385		0.631327
3386		0.591937
3387		0.589672
3388		0.592523
3389		0.594498
3390		0.596208
3391		0.598904
3392		0.598179
3393		0.599576
3394		0.599495
3395		0.598002
3396		0.598596
3397		0.60125
3398		0.603715
3399		0.607813
3400		0.607203
3401		0.606682
3402		0.605752
3403		0.608997
3404		0.610197
3405		0.612002
3406		0.611238
3407		0.614379
3408		0.615721
3409		0.614363
3410		0.614726
3411		0.602488
3412		0.601072
3413		0.603063
3414		0.605278
3415		0.60311
3416		0.601975
3417		0.601119
3418		0.604853
3419		0.602662
3420		0.60189
3421		0.598711
3422		0.605309
3423		0.602118
3424		0.60488
3425		0.607959
3426		0.608611
3427		0.60637
3428		0.610297
3429		0.608939
3430		0.608592
3431		0.60853
3432		0.611354
3433		0.612423
3434		0.613329
3435		0.613102
3436		0.61032
3437		0.612207
3438		0.612542
3439		0.612924
3440		0.612959
3441		0.61336
3442		0.610536
3443		0.614267
3444		0.613549
3445		0.613538
3446		0.615475
3447		0.615378
3448		0.616223
3449		0.615347
3450		0.618094
3451		0.621508
3452		0.617708
3453		0.62086
3454		0.623924
3455		0.621898
3456		0.62412
3457		0.623218
3458		0.625228
3459		0.627261
3460		0.624298
3461		0.595108
3462		0.598441
3463		0.60093
3464		0.6039
3465		0.603951
3466		0.603407
3467		0.605567
3468		0.607797
3469		0.605721
3470		0.609491
3471		0.609221
3472		0.608584
3473		0.611092
3474		0.610926
3475		0.613275
3476		0.609556
3477		0.610073
3478		0.611508
3479		0.612257
3480		0.614039
3481		0.618738
3482		0.618989
3483		0.619132
3484		0.620282
3485		0.619865
3486		0.613773
3487		0.614884
3488		0.614715
3489		0.617431
3490		0.618538
3491		0.626721
3492		0.625721
3493		0.630436
3494		0.632226
3495		0.634784
3496		0.633573
3497		0.636829
3498		0.635729
3499		0.638044
3500		0.637704
3501		0.621578
3502		0.621809
3503		0.623985
3504		0.624487
3505		0.62539
3506		0.625667
3507		0.6274
3508		0.626709
3509		0.62684
3510		0.62772
3511		0.569572
3512		0.569417
3513		0.571941
3514		0.568526
3515		0.572639
3516		0.574753
3517		0.576327
3518		0.580505
3519		0.579387
3520		0.580536
3521		0.580637
3522		0.581401
3523		0.58564
3524		0.589414
3525		0.590069
3526		0.592828
3527		0.596096
3528		0.601389
3529		0.600903
3530		0.60412
3531		0.603549
3532		0.606107
3533		0.605613
3534		0.607257
3535		0.607114
3536		0.615178
3537		0.615336
3538		0.614552
3539		0.613492
3540		0.616242
3541		0.61613
3542		0.615864
3543		0.6226
3544		0.62218
3545		0.623071
3546		0.624568
3547		0.626192
3548		0.625019
3549		0.627681
3550		0.629464
3551		0.628634
3552		0.630409
3553		0.630019
3554		0.630988
3555		0.629969
3556		0.631188
3557		0.630293
3558		0.631111
3559		0.631505
3560		0.631643
3561		0.621941
3562		0.62245
3563		0.626979
3564		0.624329
3565		0.628029
3566		0.629093
3567		0.629911
3568		0.628029
3569		0.630301
3570		0.638927
3571		0.639772
3572		0.643329
3573		0.641308
3574		0.645123
3575		0.648144
3576		0.648121
3577		0.649622
3578		0.64963
3579		0.65076
3580		0.650694
3581		0.651003
3582		0.655891
3583		0.657863
3584		0.655039
3585		0.655062
3586		0.654595
3587		0.652963
3588		0.652076
3589		0.65255
3590		0.655837
3591		0.655417
3592		0.653083
3593		0.651917
3594		0.655069
3595		0.625525
3596		0.623511
3597		0.62787
3598		0.631188
3599		0.632184
3600		0.632191
3601		0.632218
3602		0.635424
3603		0.631767
3604		0.63282
3605		0.634892
3606		0.63468
3607		0.636813
3608		0.637002
3609		0.637041
3610		0.637014
3611		0.638086
3612		0.638511
3613		0.638492
3614		0.639931
3615		0.639437
3616		0.636721
3617		0.638333
3618		0.639823
3619		0.641366
3620		0.594541
3621		0.598079
3622		0.600347
3623		0.600309
3624		0.605089
3625		0.610077
3626		0.61034
3627		0.610887
3628		0.61186
3629		0.612824
3630		0.615073
3631		0.61593
3632		0.618461
3633		0.619236
3634		0.619981
3635		0.625895
3636		0.628194
3637		0.632431
3638		0.637404
3639		0.637805
3640		0.640112
3641		0.637431
3642		0.637203
3643		0.641443
3644		0.642566
3645		0.646755
3646		0.645312
3647		0.64625
3648		0.646103
3649		0.644583
3650		0.645988
3651		0.646948
3652		0.653395
3653		0.649109
3654		0.648858
3655		0.649896
3656		0.649182
3657		0.65039
3658		0.649151
3659		0.648889
3660		0.644252
3661		0.648206
3662		0.647315
3663		0.648461
3664		0.64963
3665		0.647149
3666		0.650366
3667		0.649541
3668		0.647797
3669		0.650093
3670		0.618978
3671		0.618029
3672		0.625841
3673		0.62262
3674		0.627361
3675		0.623981
3676		0.625208
3677		0.626524
3678		0.622608
3679		0.627326
3680		0.622558
3681		0.624552
3682		0.630837
3683		0.630154
3684		0.630629
3685		0.633449
3686		0.632076
3687		0.63392
3688		0.630104
3689		0.635008
3690		0.632801
3691		0.636998
3692		0.633484
3693		0.638835
3694		0.638252
3695		0.632095
3696		0.632492
3697		0.635293
3698		0.634599
3699		0.633113
3700		0.627731
3701		0.628754
3702		0.628893
3703		0.6313
3704		0.630066
3705		0.631678
3706		0.631933
3707		0.633152
3708		0.636547
3709		0.63809
3710		0.641802
3711		0.639988
3712		0.64037
3713		0.643256
3714		0.645907
3715		0.645976
3716		0.644329
3717		0.645517
3718		0.645366
3719		0.64713
3720		0.61439
3721		0.617639
3722		0.618912
3723		0.622816
3724		0.622253
3725		0.62265
3726		0.6225
3727		0.620779
3728		0.623441
3729		0.622064
3730		0.622596
3731		0.621933
3732		0.623353
3733		0.624371
3734		0.622033
3735		0.622928
3736		0.624225
3737		0.622878
3738		0.624734
3739		0.625999
3740		0.624089
3741		0.623314
3742		0.626184
3743		0.624846
3744		0.623677
3745		0.613202
3746		0.612909
3747		0.614329
3748		0.61586
3749		0.613461
3750		0.616018
3751		0.603044
3752		0.607261
3753		0.604911
3754		0.605802
3755		0.60875
3756		0.60875
3757		0.611451
3758		0.613206
3759		0.613827
3760		0.617226
3761		0.616848
3762		0.616566
3763		0.613916
3764		0.618796
3765		0.615548
3766		0.620957
3767		0.616991
3768		0.618295
3769		0.617245
3770		0.566902
3771		0.569279
3772		0.574371
3773		0.574618
3774		0.576809
3775		0.577091
3776		0.577268
3777		0.577527
3778		0.578009
3779		0.578715
3780		0.576215
3781		0.577832
3782		0.578337
3783		0.579637
3784		0.580529
3785		0.58223
3786		0.585054
3787		0.586262
3788		0.590166
3789		0.591219
3790		0.592014
3791		0.591493
3792		0.594082
3793		0.595432
3794		0.597566
3795		0.586223
3796		0.587797
3797		0.591115
3798		0.593407
3799		0.593059
3800		0.593256
3801		0.593117
3802		0.594383
3803		0.602311
3804		0.603808
3805		0.603742
3806		0.601389
3807		0.60309
3808		0.604016
3809		0.607608
3810		0.606069
3811		0.608102
3812		0.605286
3813		0.607909
3814		0.608538
3815		0.6101
3816		0.613677
3817		0.616235
3818		0.615772
3819		0.620556
3820		0.626343
3821		0.627288
3822		0.630567
3823		0.629147
3824		0.630324
3825		0.629568
3826		0.633414
3827		0.629742
3828		0.634954
3829		0.634637
3830		0.636875
3831		0.639745
3832		0.643264
3833		0.644063
3834		0.643468
3835		0.646138
3836		0.647033
3837		0.651678
3838		0.650837
3839		0.652442
3840		0.653989
3841		0.656412
3842		0.655953
3843		0.660937
3844		0.661416
3845		0.656991
3846		0.654097
3847		0.656285
3848		0.659691
3849		0.658823
3850		0.660548
3851		0.662643
3852		0.664035
3853		0.665085
3854		0.670108
3855		0.672053
3856		0.675992
3857		0.678665
3858		0.681478
3859		0.680189
3860		0.682577
3861		0.689464
3862		0.692685
3863		0.68821
3864		0.691512
3865		0.692921
3866		0.687218
3867		0.687307
3868		0.684244
3869		0.684761
3870		0.631524
3871		0.628106
3872		0.631593
3873		0.630883
3874		0.631894
3875		0.635239
3876		0.635228
3877		0.632241
3878		0.636536
3879		0.638553
3880		0.63907
3881		0.645147
3882		0.648052
3883		0.644525
3884		0.643954
3885		0.642951
3886		0.64439
3887		0.644556
3888		0.64417
3889		0.645706
3890		0.645494
3891		0.648723
3892		0.65081
3893		0.651597
3894		0.651524
3895		0.659637
3896		0.654279
3897		0.661593
3898		0.660964
3899		0.663819
3900		0.664167
3901		0.66441
3902		0.663603
3903		0.670891
3904		0.669853
3905		0.672458
3906		0.678843
3907		0.676971
3908		0.675089
3909		0.675066
3910		0.67485
3911		0.679344
3912		0.680648
3913		0.680131
3914		0.682033
3915		0.682797
3916		0.681632
3917		0.679938
3918		0.676331
3919		0.680178
3920		0.65255
3921		0.654425
3922		0.651022
3923		0.65755
3924		0.659109
3925		0.658877
3926		0.658391
3927		0.659321
3928		0.660228
3929		0.654522
3930		0.660417
3931		0.662762
3932		0.662975
3933		0.663839
3934		0.663777
3935		0.66039
3936		0.664425
3937		0.661157
3938		0.664294
3939		0.66593
3940		0.667554
3941		0.663148
3942		0.667662
3943		0.667157
3944		0.668997
3945		0.642581
3946		0.645845
3947		0.650409
3948		0.651088
3949		0.653179
3950		0.64941
3951		0.64946
3952		0.648025
3953		0.653414
3954		0.650725
3955		0.654668
3956		0.656975
3957		0.663468
3958		0.660343
3959		0.657299
3960		0.658202
3961		0.656705
3962		0.654063
3963		0.658669
3964		0.661262
3965		0.660436
3966		0.66
3967		0.664896
3968		0.668673
3969		0.66613
3970		0.670517
3971		0.673511
3972		0.672982
3973		0.673538
3974		0.675289
3975		0.675367
3976		0.676636
3977		0.6763
3978		0.674425
3979		0.676998
3980		0.682438
3981		0.68419
3982		0.686046
3983		0.683627
3984		0.682076
3985		0.686215
3986		0.678735
3987		0.681208
3988		0.676323
3989		0.681142
3990		0.68314
3991		0.690552
3992		0.690386
3993		0.690069
3994		0.689028
3995		0.667411
3996		0.666925
3997		0.667153
3998		0.663221
3999		0.663935
4000		0.662542
4001		0.638353
4002		0.641385
4003		0.644406
4004		0.643345
4005		0.645042
4006		0.657025
4007		0.659228
4008		0.656435
4009		0.661308
4010		0.664398
4011		0.665424
4012		0.663457
4013		0.66365
4014		0.664012
4015		0.665748
4016		0.667944
4017		0.669101
4018		0.66735
4019		0.666983
4020		0.634402
4021		0.634325
4022		0.632346
4023		0.63282
4024		0.638881
4025		0.637334
4026		0.63451
4027		0.639645
4028		0.641995
4029		0.648993
4030		0.648573
4031		0.653403
4032		0.649603
4033		0.648414
4034		0.658376
4035		0.652419
4036		0.649383
4037		0.650529
4038		0.656956
4039		0.667612
4040		0.668762
4041		0.669969
4042		0.666254
4043		0.662658
4044		0.661883
4045		0.614529
4046		0.611466
4047		0.612215
4048		0.618086
4049		0.622458
4050		0.616184
4051		0.618407
4052		0.626721
4053		0.624217
4054		0.622519
4055		0.630363
4056		0.640312
4057		0.640297
4058		0.62946
4059		0.624757
4060		0.63088
4061		0.629479
4062		0.637103
4063		0.638515
4064		0.643546
4065		0.641713
4066		0.646547
4067		0.636366
4068		0.641659
4069		0.636752
4070		0.658083
4071		0.657878
4072		0.661173
4073		0.67012
4074		0.66684
4075		0.663742
4076		0.67086
4077		0.669996
4078		0.667539
4079		0.65865
4080		0.665189
4081		0.664144
4082		0.666941
4083		0.670899
4084		0.671501
4085		0.670953
4086		0.671956
4087		0.672735
4088		0.677033
4089		0.675513
4090		0.676829
4091		0.67179
4092		0.677404
4093		0.676863
4094		0.676902
4095		0.655046
4096		0.657458
4097		0.654761
4098		0.656763
4099		0.660374
4100		0.663129
4101		0.667867
4102		0.661192
4103		0.663403
4104		0.664942
4105		0.660729
4106		0.668684
4107		0.667681
4108		0.667014
4109		0.653688
4110		0.656235
4111		0.661069
4112		0.664248
4113		0.668229
4114		0.669819
4115		0.666663
4116		0.669039
4117		0.668839
4118		0.667643
4119		0.673198
4120		0.680255
4121		0.680482
4122		0.682639
4123		0.681782
4124		0.687488
4125		0.685718
4126		0.685401
4127		0.684807
4128		0.68358
4129		0.681929
4130		0.678125
4131		0.67941
4132		0.679842
4133		0.682751
4134		0.689414
4135		0.688966
4136		0.689113
4137		0.688318
4138		0.682407
4139		0.685328
4140		0.681447
4141		0.683843
4142		0.682187
4143		0.685035
4144		0.682029
4145		0.619448
4146		0.621863
4147		0.620205
4148		0.62142
4149		0.625448
4150		0.625833
4151		0.625737
4152		0.626589
4153		0.634776
4154		0.631343
4155		0.631559
4156		0.63674
4157		0.638904
4158		0.64316
4159		0.652033
4160		0.656833
4161		0.654471
4162		0.659784
4163		0.662442
4164		0.662971
4165		0.661373
4166		0.665768
4167		0.665999
4168		0.667137
4169		0.668731
4170		0.657805
4171		0.660397
4172		0.664279
4173		0.656694
4174		0.659904
4175		0.675613
4176		0.67468
4177		0.670903
4178		0.676817
4179		0.678187
4180		0.681188
4181		0.692523
4182		0.690405
4183		0.697407
4184		0.697836
4185		0.694414
4186		0.692157
4187		0.694078
4188		0.691651
4189		0.696316
4190		0.699811
4191		0.703576
4192		0.708248
4193		0.702616
4194		0.708171
4195		0.696366
4196		0.693889
4197		0.698657
4198		0.699063
4199		0.702824
4200		0.701574
4201		0.710258
4202		0.706528
4203		0.706678
4204		0.706165
4205		0.704865
4206		0.709579
4207		0.713939
4208		0.719699
4209		0.718518
4210		0.722234
4211		0.725393
4212		0.716848
4213		0.719676
4214		0.722747
4215		0.723372
4216		0.722253
4217		0.724286
4218		0.721354
4219		0.721655
4220		0.685054
4221		0.685652
4222		0.68086
4223		0.687461
4224		0.687951
4225		0.676593
4226		0.67929
4227		0.675532
4228		0.679761
4229		0.682211
4230		0.680324
4231		0.683916
4232		0.67762
4233		0.678808
4234		0.687257
4235		0.693515
4236		0.695274
4237		0.695316
4238		0.690316
4239		0.689155
4240		0.652901
4241		0.643981
4242		0.654464
4243		0.641223
4244		0.621779
4245		0.618754
4246		0.622789
4247		0.61809
4248		0.610826
4249		0.6036
4250		0.609143
4251		0.573333
4252		0.576547
4253		0.576404
4254		0.579275
4255		0.556478
4256		0.553357
4257		0.552141
4258		0.551512
4259		0.548738
4260		0.550779
4261		0.547774
4262		0.544807
4263		0.538102
4264		0.541721
4265		0.544877
4266		0.546231
4267		0.556366
4268		0.557716
4269		0.561242
4270		0.553727
4271		0.571497
4272		0.57554
4273		0.583908
4274		0.593079
4275		0.593441
4276		0.597253
4277		0.596431
4278		0.598241
4279		0.596354
4280		0.597488
4281		0.602917
4282		0.606181
4283		0.611034
4284		0.607508
4285		0.613407
4286		0.618287
4287		0.625386
4288		0.630741
4289		0.637851
4290		0.636863
4291		0.641238
4292		0.655914
4293		0.646096
4294		0.644996
4295		0.64787
4296		0.649205
4297		0.653962
4298		0.663422
4299		0.667689
4300		0.675228
4301		0.665602
4302		0.660945
4303		0.655131
4304		0.657886
4305		0.653873
4306		0.656995
4307		0.653681
4308		0.657002
4309		0.656991
4310		0.662415
4311		0.661636
4312		0.667569
4313		0.669078
4314		0.673488
4315		0.669792
4316		0.674873
4317		0.677265
4318		0.661447
4319		0.66434
4320		0.643256
4321		0.646049
4322		0.649934
4323		0.642577
4324		0.640556
4325		0.634857
4326		0.629001
4327		0.636466
4328		0.627126
4329		0.626146
4330		0.61777
4331		0.615262
4332		0.618735
4333		0.617539
4334		0.615729
4335		0.615289
4336		0.609537
4337		0.602141
4338		0.60064
4339		0.599275
4340		0.600154
4341		0.607199
4342		0.609248
4343		0.613796
4344		0.617215
4345		0.601034
4346		0.610328
4347		0.613206
4348		0.630289
4349		0.63
4350		0.633295
4351		0.635922
4352		0.638368
4353		0.634371
4354		0.635544
4355		0.638916
4356		0.634707
4357		0.63419
4358		0.628785
4359		0.625208
4360		0.627187
4361		0.627488
4362		0.63032
4363		0.625328
4364		0.626366
4365		0.622824
4366		0.625008
4367		0.621424
4368		0.61625
4369		0.626061
4370		0.629668
4371		0.627944
4372		0.635359
4373		0.641053
4374		0.637967
4375		0.640351
4376		0.63848
4377		0.633411
4378		0.633889
4379		0.630957
4380		0.629981
4381		0.633831
4382		0.630089
4383		0.627419
4384		0.634606
4385		0.629348
4386		0.633889
4387		0.635586
4388		0.628333
4389		0.625532
4390		0.623079
4391		0.624005
4392		0.623549
4393		0.618534
4394		0.604313
4395		0.604344
4396		0.598499
4397		0.585147
4398		0.576262
4399		0.570772
4400		0.555806
4401		0.556157
4402		0.552288
4403		0.544055
4404		0.543773
4405		0.545096
4406		0.535814
4407		0.535282
4408		0.536138
4409		0.539321
4410		0.535224
4411		0.533071
4412		0.529468
4413		0.525598
4414		0.532238
4415		0.5324
4416		0.531447
4417		0.528094
4418		0.517566
4419		0.51821
4420		0.508017
4421		0.507627
4422		0.505532
4423		0.51113
4424		0.51409
4425		0.510748
4426		0.516343
4427		0.519811
4428		0.520197
4429		0.53662
4430		0.537986
4431		0.542504
4432		0.54934
4433		0.551424
4434		0.552786
4435		0.552558
4436		0.552963
4437		0.552141
4438		0.548862
4439		0.545289
4440		0.547203
4441		0.551454
4442		0.55696
4443		0.551389
4444		0.555513
4445		0.567716
4446		0.572299
4447		0.573924
4448		0.576277
4449		0.573314
4450		0.579803
4451		0.58287
4452		0.590702
4453		0.587801
4454		0.596701
4455		0.597469
4456		0.603908
4457		0.609938
4458		0.619089
4459		0.620949
4460		0.62512
4461		0.626632
4462		0.631319
4463		0.633692
4464		0.634039
4465		0.63218
4466		0.629132
4467		0.624776
4468		0.622951
4469		0.624614
4470		0.596207
4471		0.592473
4472		0.594375
4473		0.596898
4474		0.595397
4475		0.601354
4476		0.588372
4477		0.589745
4478		0.587519
4479		0.586647
4480		0.58267
4481		0.581223
4482		0.577442
4483		0.572268
4484		0.568881
4485		0.566574
4486		0.552072
4487		0.541891
4488		0.533515
4489		0.528221
4490		0.521281
4491		0.521427
4492		0.511593
4493		0.503688
4494		0.496532
4495		0.48784
4496		0.480467
4497		0.483179
4498		0.484672
4499		0.483225
4500		0.481192
4501		0.469722
4502		0.470853
4503		0.476076
4504		0.486555
4505		0.493318
4506		0.49265
4507		0.501728
4508		0.495343
4509		0.499105
4510		0.495729
4511		0.497801
4512		0.494267
4513		0.495741
4514		0.491165
4515		0.492091
4516		0.488924
4517		0.492593
4518		0.487396
4519		0.480953
4520		0.450505
4521		0.459209
4522		0.462635
4523		0.461632
4524		0.464981
4525		0.475714
4526		0.46728
4527		0.475251
4528		0.478059
4529		0.489008
4530		0.504549
4531		0.500405
4532		0.505266
4533		0.496242
4534		0.492612
4535		0.490197
4536		0.487461
4537		0.475552
4538		0.474275
4539		0.477504
4540		0.474244
4541		0.474456
4542		0.4788
4543		0.486184
4544		0.476998
4545		0.462488
4546		0.463989
4547		0.468912
4548		0.471763
4549		0.470232
4550		0.469043
4551		0.465517
4552		0.465953
4553		0.468461
4554		0.474834
4555		0.486042
4556		0.485509
4557		0.486728
4558		0.458735
4559		0.45961
4560		0.455552
4561		0.456628
4562		0.453102
4563		0.448094
4564		0.462512
4565		0.456671
4566		0.456462
4567		0.454691
4568		0.456123
4569		0.457963
4570		0.446628
4571		0.429946
4572		0.43838
4573		0.448384
4574		0.450258
4575		0.456852
4576		0.464259
4577		0.454032
4578		0.458519
4579		0.455517
4580		0.457631
4581		0.452446
4582		0.455532
4583		0.460042
4584		0.462384
4585		0.457091
4586		0.452901
4587		0.455853
4588		0.446196
4589		0.45407
4590		0.457589
4591		0.462928
4592		0.472431
4593		0.480181
4594		0.481597
4595		0.449981
4596		0.450444
4597		0.460374
4598		0.465567
4599		0.455039
4600		0.458221
4601		0.452512
4602		0.452022
4603		0.448576
4604		0.448399
4605		0.452577
4606		0.442249
4607		0.435177
4608		0.436366
4609		0.441188
4610		0.442049
4611		0.436265
4612		0.429606
4613		0.42027
4614		0.415154
4615		0.413117
4616		0.414309
4617		0.415093
4618		0.41615
4619		0.40287
4620		0.391995
4621		0.387438
4622		0.392504
4623		0.39294
4624		0.378059
4625		0.366786
4626		0.36157
4627		0.363777
4628		0.356462
4629		0.350463
4630		0.349537
4631		0.348731
4632		0.350644
4633		0.353029
4634		0.348449
4635		0.342975
4636		0.341948
4637		0.338843
4638		0.339807
4639		0.346555
4640		0.358183
4641		0.358113
4642		0.34659
4643		0.357674
4644		0.35316
4645		0.357481
4646		0.362438
4647		0.366817
4648		0.369992
4649		0.377959
4650		0.376412
4651		0.38662
4652		0.397747
4653		0.395312
4654		0.40125
4655		0.411971
4656		0.409699
4657		0.418619
4658		0.426898
4659		0.424329
4660		0.404988
4661		0.403866
4662		0.401574
4663		0.410502
4664		0.40375
4665		0.404309
4666		0.3962
4667		0.399163
4668		0.400675
4669		0.397975
4670		0.395795
4671		0.394333
4672		0.37804
4673		0.371154
4674		0.373113
4675		0.368225
4676		0.358252
4677		0.35892
4678		0.353515
4679		0.346462
4680		0.340421
4681		0.326744
4682		0.327527
4683		0.326802
4684		0.321786
4685		0.316412
4686		0.309861
4687		0.31826
4688		0.320903
4689		0.323951
4690		0.320575
4691		0.320691
4692		0.319367
4693		0.309429
4694		0.311871
4695		0.299024
4696		0.300066
4697		0.29206
4698		0.294005
4699		0.300421
4700		0.310158
4701		0.304317
4702		0.310343
4703		0.308819
4704		0.3049
4705		0.317704
4706		0.317971
4707		0.320147
4708		0.325606
4709		0.332369
4710		0.33809
4711		0.347041
4712		0.347014
4713		0.351717
4714		0.358376
4715		0.364051
4716		0.366694
4717		0.370721
4718		0.37397
4719		0.376798
4720		0.383283
4721		0.379657
4722		0.36684
4723		0.37265
4724		0.372631
4725		0.373025
4726		0.361617
4727		0.37088
4728		0.370139
4729		0.372809
4730		0.364699
4731		0.358032
4732		0.35836
4733		0.356505
4734		0.354306
4735		0.354136
4736		0.355355
4737		0.357477
4738		0.356701
4739		0.34716
4740		0.349788
4741		0.344471
4742		0.345212
4743		0.34485
4744		0.341119
4745		0.320976
4746		0.321532
4747		0.310826
4748		0.309614
4749		0.308291
4750		0.302079
4751		0.274325
4752		0.279691
4753		0.285355
4754		0.275895
4755		0.27218
4756		0.260355
4757		0.24135
4758		0.23809
4759		0.226991
4760		0.219255
4761		0.21495
4762		0.207006
4763		0.195401
4764		0.19137
4765		0.184441
4766		0.174255
4767		0.169545
4768		0.168642
4769		0.170637
4770		0.162967
4771		0.153692
4772		0.160208
4773		0.164684
4774		0.157029
4775		0.139306
4776		0.13674
4777		0.127118
4778		0.118553
4779		0.117755
4780		0.115714
4781		0.109063
4782		0.104954
4783		0.0976968
4784		0.0918904
4785		0.0834298
4786		0.076304
4787		0.0709105
4788		0.0692708
4789		0.0611883
4790		0.0587191
4791		0.0537654
4792		0.0466242
4793		0.0403935
4794		0.0418441
4795		0.034456
4796		0.0298843
4797		0.0231829
4798		0.0260532
4799		0.0206597
4800		0.0235224
4801		0.0177276
4802		0.0127392
4803		0.0127623
4804		0.00819444
4805		0.00716049
4806		0.00768519
4807		0.00848765
4808		0.0127006
4809		0.0102932
4810		0.0103704
4811		0.0079321
4812		0.0103549
4813		0.0104012
4814		0.0126389
4815		0.0108642
4816		0.0110648
4817		0.0133179
4818		0.0107407
4819		0.0108488
4820		0.0127392
4821		0.0128318
4822		0.0128704
4823		0.0134645
4824		0.0154475
4825		0.0158873
4826		0.0140625
4827		0.0160571
4828		0.0162577
4829		0.0140201
4830		0.0140471
4831		0.0139853
4832		0.0159491
4833		0.0158488
4834		0.0219367
4835		0.0217207
4836		0.0179089
4837		0.0176582
4838		0.0175077
4839		0.0219985
4840		0.0203935
4841		0.022365
4842		0.018696
4843		0.0214159
4844		0.0195486
4845		0.0217207
4846		0.0177083
4847		0.0196836
4848		0.0196528
4849		0.0195602
4850		0.0192207
4851		0.0211574
4852		0.017581
4853		0.0175733
4854		0.0177894
4855		0.0220139
4856		0.0202546
4857		0.0199614
4858		0.0196219
4859		0.0182716
4860		0.0188349
4861		0.016821
4862		0.0122068
4863		0.01875
4864		0.0163117
4865		0.015679
4866		0.0179437
4867		0.0149228
4868		0.0171296
4869		0.0125
4870		0.0149074
4871		0.0106327
4872		0.0147377
4873		0.0167438
4874		0.014537
4875		0.015108
4876		0.0204707
4877		0.0180131
4878		0.0161265
4879		0.0161613
4880		0.0160031
4881		0.0180478
4882		0.0184259
4883		0.0188889
4884		0.0209645
4885		0.0164892
4886		0.0184954
4887		0.0187731
4888		0.018777
4889		0.0232022
4890		0.0168634
4891		0.0214583
4892		0.0171759
4893		0.017091
4894		0.0168248
4895		0.0143287
4896		0.0168981
4897		0.0202623
4898		0.0252392
4899		0.0241281
4900		0.0248997
4901		0.0234414
4902		0.0265586
4903		0.026929
4904		0.0266975
4905		0.0265548
4906		0.0211883
4907		0.0227006
4908		0.019537
4909		0.0194637
4910		0.0154012
4911		0.0123071
4912		0.0121528
4913		0.00951389
4914		0.0101235
4915		0.0132099
4916		0.0137191
4917		0.0197994
4918		0.0258796
4919		0.0259259
4920		0.0378665
4921		0.0424537
4922		0.0415085
4923		0.0481983
4924		0.0462076
4925		0.0458179
4926		0.0568981
4927		0.0653318
4928		0.0720216
4929		0.0812076
4930		0.0908989
4931		0.0920486
4932		0.100355
4933		0.101933
4934		0.0959298
4935		0.0972068
4936		0.100486
4937		0.103399
4938		0.104942
4939		0.108735
4940		0.104757
4941		0.10939
4942		0.110903
4943		0.109545
4944		0.111678
4945		0.108399
4946		0.112485
4947		0.111323
4948		0.112052
4949		0.112377
4950		0.114406
4951		0.112114
4952		0.112708
4953		0.106497
4954		0.107014
4955		0.102523
4956		0.106088
4957		0.0974306
4958		0.098561
4959		0.085787
4960		0.0900463
4961		0.0901505
4962		0.0841551
4963		0.0775386
4964		0.079375
4965		0.0737268
4966		0.0727045
4967		0.075081
4968		0.0710185
4969		0.0742631
4970		0.0701273
4971		0.0668248
4972		0.0596026
4973		0.062365
4974		0.0651968
4975		0.0707755
4976		0.0704321
4977		0.0743518
4978		0.0700309
4979		0.0718634
4980		0.0653009
4981		0.0637346
4982		0.0663542
4983		0.0659992
4984		0.0590123
4985		0.0577778
4986		0.0600154
4987		0.0590278
4988		0.0572068
4989		0.0601697
4990		0.0650154
4991		0.0642631
4992		0.058804
4993		0.0647338
4994		0.0623804
4995		0.062392
4996		0.0701968
4997		0.0671566
4998		0.0732986
4999		0.0733102
5000		0.0765471
5001		0.0752122
5002		0.0712461
5003		0.0734105
5004		0.0726312
5005		0.0747762
5006		0.0788928
5007		0.083017
5008		0.0853472
5009		0.0721643
5010		0.0668403
5011		0.0629784
5012		0.0641474
5013		0.0567052
5014		0.0569792
5015		0.0504167
5016		0.0455093
5017		0.0399074
5018		0.0402894
5019		0.0460494
5020		0.0477392
5021		0.0499537
5022		0.0473611
5023		0.0418827
5024		0.0438272
5025		0.0407716
5026		0.0405748
5027		0.0377778
5028		0.0356327
5029		0.0323534
5030		0.0310339
5031		0.0291435
5032		0.0223765
5033		0.0219637
5034		0.0211265
5035		0.0174151
5036		0.0196219
5037		0.0232755
5038		0.0210802
5039		0.0176466
5040		0.0170988
5041		0.0217824
5042		0.0228395
5043		0.0251698
5044		0.0286188
5045		0.029321
5046		0.0357677
5047		0.0431057
5048		0.0475965
5049		0.0553858
5050		0.0626003
5051		0.0755285
5052		0.0884182
5053		0.10027
5054		0.0977045
5055		0.115162
5056		0.126968
5057		0.133194
5058		0.147161
5059		0.155062
5060		0.160829
5061		0.174371
5062		0.178383
5063		0.186501
5064		0.197994
5065		0.201443
5066		0.205475
5067		0.222758
5068		0.230343
5069		0.237191
5070		0.247037
5071		0.264788
5072		0.267519
5073		0.271512
5074		0.274147
5075		0.275829
5076		0.288889
5077		0.289992
5078		0.290035
5079		0.300644
5080		0.294772
5081		0.292292
5082		0.285309
5083		0.288318
5084		0.303735
5085		0.297454
5086		0.292014
5087		0.292276
5088		0.286292
5089		0.271238
5090		0.272168
5091		0.263499
5092		0.25838
5093		0.260127
5094		0.258885
5095		0.252731
5096		0.251659
5097		0.250887
5098		0.248102
5099		0.243916
5100		0.23662
5101		0.234356
5102		0.230725
5103		0.222932
5104		0.213515
5105		0.212851
5106		0.203939
5107		0.192431
5108		0.184765
5109		0.183935
5110		0.171879
5111		0.167747
5112		0.155228
5113		0.144001
5114		0.136057
5115		0.128696
5116		0.115397
5117		0.109954
5118		0.10037
5119		0.0879051
5120		0.0812153
5121		0.0733526
5122		0.0617747
5123		0.0543094
5124		0.0478858
5125		0.0390741
5126		0.0358025
5127		0.028858
5128		0.0269985
5129		0.0225733
5130		0.0188002
5131		0.0161728
5132		0.0137616
5133		0.0126466
5134		0.0106057
5135		0.00805941
5136		0.0073534
5137		0.0073534
5138		0.00623071
5139		0.00623071
5140		0.00623071
5141		0.00623071
5142		0.00625
5143		0.00416667
5144		0.00625
5145		0.00833333
5146		0.00833333
5147		0.00625
5148		0.00625
5149		0.00625
5150		0.00833333
5151		0.00832176
5152		0.00415509
5153		0.00208333
5154		0.00625
5155		0.00208333
5156		0.00625
5157		0.00625
5158		0.00625
5159		0.00929398
5160		0.0110648
5161		0.00683256
5162		0.0048071
5163		0.00685185
5164		0.00671296
5165		0.0087963
5166		0.00685185
5167		0.00476852
5168		0.00892361
5169		0.0109838
5170		0.00877315
5171		0.00707562
5172		0.00921296
5173		0.0112539
5174		0.00920139
5175		0.00711806
5176		0.00915124
5177		0.0050463
5178		0.00667052
5179		0.00671296
5180		0.00671296
5181		0.0108796
5182		0.0108796
5183		0.0108796
5184		0.0107215
5185		0.0107176
5186		0.0107215
5187		0.0107253
5188		0.0110995
5189		0.0111111
5190		0.00861111
5191		0.0105903
5192		0.0041358
5193		0.00621914
5194		0.00824074
5195		0.00415509
5196		0.00623843
5197		0.00832176
5198		0.0103125
5199		0.00833333
5200		0.00833333
5201		0.00833333
5202		0.00833333
5203		0.00833333
5204		0.0104167
5205		0.00833333
5206		0.00625
5207		0.00833333
5208		0.00805556
5209		0.00815586
5210		0.00833333
5211		0.00814429
5212		0.0061034
5213		0.00808642
5214		0.0102122
5215		0.00823302
5216		0.0101042
5217		0.00416667
5218		0.00614583
5219		0.0041088
5220		0.00513889
5221		0.00263889
5222		0.00888889
5223		0.00888889
5224		0.00666667
5225		0.00875
5226		0.00875
5227		0.00662037
5228		0.00666667
5229		0.00666667
5230		0.00665123
5231		0.00623457
5232		0.00208333
5233		0.00833333
5234		0.00625
5235		0.00416667
5236		0.00416667
5237		0.00625
5238		0.00833333
5239		0.00856481
5240		0.00416667
5241		0.00833333
5242		0.0103627
5243		0.00625
5244		0.00416667
5245		0.00665509
5246		0.00832176
5247		0.00458333
5248		0.00625
5249		0.00458333
5250		0.00621142
5251		0.00486111
5252		0.00694444
5253		0.00902778
5254		0.00875
5255		0.00666667
5256		0.00625
5257		0.00953704
5258		0.0208488
5259		0.0204012
5260		0.0288735
5261		0.0361921
5262		0.0412269
5263		0.0470833
5264		0.0505594
5265		0.0494213
5266		0.0527701
5267		0.0604707
5268		0.056929
5269		0.058287
5270		0.0630131
5271		0.0639352
5272		0.0632909
5273		0.0654591
5274		0.0660224
5275		0.0666011
5276		0.0699884
5277		0.0648071
5278		0.0654205
5279		0.060625
5280		0.0646605
5281		0.0677431
5282		0.064213
5283		0.0641011
5284		0.0616782
5285		0.0715046
5286		0.0729707
5287		0.0679282
5288		0.0788927
5289		0.0811998
5290		0.0827276
5291		0.0905247
5292		0.0940123
5293		0.102774
5294		0.108021
5295		0.115201
5296		0.121933
5297		0.125899
5298		0.126817
5299		0.126786
5300		0.127639
5301		0.128735
5302		0.138611
5303		0.130864
5304		0.134907
5305		0.135525
5306		0.141296
5307		0.140899
5308		0.140606
5309		0.144676
5310		0.136026
5311		0.137469
5312		0.14515
5313		0.142226
5314		0.140729
5315		0.142905
5316		0.142022
5317		0.139792
5318		0.141535
5319		0.142064
5320		0.137523
5321		0.13527
5322		0.136273
5323		0.138376
5324		0.138846
5325		0.134938
5326		0.136408
5327		0.135949
5328		0.136393
5329		0.1389
5330		0.138688
5331		0.137365
5332		0.137531
5333		0.141049
5334		0.141285
5335		0.141991
5336		0.142616
5337		0.145104
5338		0.149302
5339		0.149375
5340		0.149873
5341		0.155062
5342		0.154082
5343		0.151319
5344		0.152535
5345		0.146802
5346		0.147353
5347		0.154522
5348		0.1538
5349		0.149398
5350		0.149934
5351		0.156408
5352		0.163248
5353		0.169039
5354		0.173885
5355		0.170617
5356		0.17767
5357		0.182921
5358		0.186532
5359		0.192207
5360		0.2012
5361		0.196385
5362		0.204016
5363		0.206177
5364		0.205255
5365		0.205864
5366		0.209167
5367		0.209136
5368		0.210266
5369		0.205058
5370		0.194931
5371		0.196246
5372		0.193403
5373		0.201748
5374		0.203329
5375		0.208573
5376		0.207222
5377		0.213291
5378		0.215502
5379		0.211817
5380		0.209992
5381		0.212716
5382		0.212411
5383		0.210228
5384		0.213449
5385		0.216686
5386		0.227446
5387		0.23223
5388		0.234313
5389		0.239317
5390		0.242041
5391		0.235544
5392		0.244969
5393		0.250309
5394		0.246941
5395		0.253164
5396		0.249614
5397		0.245517
5398		0.246701
5399		0.243785
5400		0.241971
5401		0.236543
5402		0.229093
5403		0.229938
5404		0.233056
5405		0.225737
5406		0.235393
5407		0.234452
5408		0.234487
5409		0.233561
5410		0.229734
5411		0.229325
5412		0.232458
5413		0.234491
5414		0.231921
5415		0.234668
5416		0.238603
5417		0.236146
5418		0.239174
5419		0.242234
5420		0.215525
5421		0.220035
5422		0.219398
5423		0.228461
5424		0.231628
5425		0.234213
5426		0.234012
5427		0.235444
5428		0.242658
5429		0.248013
5430		0.249147
5431		0.25735
5432		0.269857
5433		0.277114
5434		0.282674
5435		0.288256
5436		0.293341
5437		0.298329
5438		0.306559
5439		0.307616
5440		0.316836
5441		0.320231
5442		0.323557
5443		0.336377
5444		0.338696
5445		0.341987
5446		0.349159
5447		0.360081
5448		0.356964
5449		0.359055
5450		0.360818
5451		0.363272
5452		0.359927
5453		0.359371
5454		0.361439
5455		0.364923
5456		0.361451
5457		0.361277
5458		0.3611
5459		0.366979
5460		0.364657
5461		0.366292
5462		0.364236
5463		0.362377
5464		0.359934
5465		0.356825
5466		0.358144
5467		0.348279
5468		0.355116
5469		0.352481
5470		0.373681
5471		0.373488
5472		0.369201
5473		0.368013
5474		0.36914
5475		0.366802
5476		0.371404
5477		0.370394
5478		0.369282
5479		0.378113
5480		0.38537
5481		0.383387
5482		0.393407
5483		0.405791
5484		0.406377
5485		0.416335
5486		0.419765
5487		0.418399
5488		0.426304
5489		0.432265
5490		0.431057
5491		0.435922
5492		0.443546
5493		0.44397
5494		0.447735
5495		0.438873
5496		0.438464
5497		0.438584
5498		0.442311
5499		0.445521
5500		0.443144
5501		0.440583
5502		0.442373
5503		0.446763
5504		0.449047
5505		0.450177
5506		0.45196
5507		0.452126
5508		0.453191
5509		0.454622
5510		0.456871
5511		0.460436
5512		0.461308
5513		0.458156
5514		0.458935
5515		0.457527
5516		0.459059
5517		0.459441
5518		0.459263
5519		0.457218
5520		0.473603
5521		0.473221
5522		0.4764
5523		0.477735
5524		0.479649
5525		0.486979
5526		0.485976
5527		0.488349
5528		0.492662
5529		0.494387
5530		0.5001
5531		0.50341
5532		0.506474
5533		0.512369
5534		0.51402
5535		0.51865
5536		0.523642
5537		0.525031
5538		0.527392
5539		0.530413
5540		0.536215
5541		0.541003
5542		0.541566
5543		0.545
5544		0.543341
5545		0.539988
5546		0.54206
5547		0.542199
5548		0.543164
5549		0.543962
5550		0.542963
5551		0.542226
5552		0.547207
5553		0.547805
5554		0.550436
5555		0.554823
5556		0.555
5557		0.558866
5558		0.560023
5559		0.558295
5560		0.558391
5561		0.555841
5562		0.55637
5563		0.561408
5564		0.568499
5565		0.573889
5566		0.575266
5567		0.576944
5568		0.580941
5569		0.584201
5570		0.579082
5571		0.580019
5572		0.582369
5573		0.590336
5574		0.592292
5575		0.59662
5576		0.594452
5577		0.594387
5578		0.596528
5579		0.599803
5580		0.603974
5581		0.605883
5582		0.60534
5583		0.605876
5584		0.609738
5585		0.611717
5586		0.615475
5587		0.616968
5588		0.618557
5589		0.619414
5590		0.616269
5591		0.620035
5592		0.618908
5593		0.621505
5594		0.616806
5595		0.612515
5596		0.613619
5597		0.61615
5598		0.613711
5599		0.61088
5600		0.613985
5601		0.615683
5602		0.616914
5603		0.61265
5604		0.616732
5605		0.618846
5606		0.622315
5607		0.622519
5608		0.624807
5609		0.628573
5610		0.626582
5611		0.624776
5612		0.628765
5613		0.628368
5614		0.625768
5615		0.627253
5616		0.62963
5617		0.631254
5618		0.631914
5619		0.632832
5620		0.631555
5621		0.632758
5622		0.632485
5623		0.632334
5624		0.629379
5625		0.633488
5626		0.635054
5627		0.633063
5628		0.637064
5629		0.638283
5630		0.640162
5631		0.634263
5632		0.640243
5633		0.638762
5634		0.640748
5635		0.639329
5636		0.638696
5637		0.642118
5638		0.641516
5639		0.640583
5640		0.640208
5641		0.6426
5642		0.640579
5643		0.641779
5644		0.643773
5645		0.67686
5646		0.677338
5647		0.67799
5648		0.679491
5649		0.678403
5650		0.677573
5651		0.675351
5652		0.676995
5653		0.675008
5654		0.676208
5655		0.676138
5656		0.676281
5657		0.67365
5658		0.678191
5659		0.675714
5660		0.674444
5661		0.675031
5662		0.676443
5663		0.677334
5664		0.678692
5665		0.6789
5666		0.676856
5667		0.677099
5668		0.678573
5669		0.677199
5670		0.67343
5671		0.669321
5672		0.673943
5673		0.674471
5674		0.675625
5675		0.67907
5676		0.675424
5677		0.672836
5678		0.676524
5679		0.671358
5680		0.677184
5681		0.676929
5682		0.67912
5683		0.676968
5684		0.679657
5685		0.681663
5686		0.680367
5687		0.680482
5688		0.678468
5689		0.679888
5690		0.685953
5691		0.681748
5692		0.681555
5693		0.680883
5694		0.686084
5695		0.675467
5696		0.676308
5697		0.676589
5698		0.673653
5699		0.676381
5700		0.675131
5701		0.677515
5702		0.684124
5703		0.685247
5704		0.68674
5705		0.69414
5706		0.697589
5707		0.696092
5708		0.699776
5709		0.698974
5710		0.700062
5711		0.723893
5712		0.727955
5713		0.728449
5714		0.734479
5715		0.731454
5716		0.735799
5717		0.740536
5718		0.742064
5719		0.738596
5720		0.768387
5721		0.76848
5722		0.76831
5723		0.766917
5724		0.762643
5725		0.769907
5726		0.766844
5727		0.765756
5728		0.770509
5729		0.769807
5730		0.770046
5731		0.770725
5732		0.778233
5733		0.77956
5734		0.778534
5735		0.780895
5736		0.778704
5737		0.780783
