The video is over!
Frame Number 	Queue Density
1		0.0740123
2		0.0794522
3		0.08299
4		0.0887269
5		0.0923958
6		0.0925733
7		0.0989236
8		0.102446
9		0.100347
10		0.101057
11		0.101971
12		0.1038
13		0.104028
14		0.106215
15		0.108036
16		0.109533
17		0.108326
18		0.112855
19		0.114217
20		0.115779
21		0.116227
22		0.119915
23		0.119896
24		0.125779
25		0.127758
26		0.128684
27		0.131088
28		0.130748
29		0.13157
30		0.133329
31		0.135795
32		0.13338
33		0.135691
34		0.13353
35		0.135625
36		0.135502
37		0.138472
38		0.139973
39		0.140096
40		0.139884
41		0.138742
42		0.141416
43		0.140691
44		0.14037
45		0.142103
46		0.14282
47		0.143183
48		0.138584
49		0.145799
50		0.146389
51		0.147485
52		0.152751
53		0.154066
54		0.155509
55		0.154877
56		0.157859
57		0.16086
58		0.165204
59		0.165529
60		0.167245
61		0.167932
62		0.167315
63		0.167114
64		0.164537
65		0.164336
66		0.163781
67		0.164255
68		0.162427
69		0.163738
70		0.16409
71		0.165258
72		0.166833
73		0.166562
74		0.169815
75		0.170629
76		0.17061
77		0.170112
78		0.174464
79		0.17267
80		0.176717
81		0.175779
82		0.179028
83		0.185062
84		0.184745
85		0.192921
86		0.197056
87		0.197917
88		0.205309
89		0.212894
90		0.213727
91		0.220509
92		0.220914
93		0.223272
94		0.223997
95		0.215752
96		0.216902
97		0.221736
98		0.220706
99		0.222184
100		0.221516
101		0.218569
102		0.218893
103		0.216451
104		0.214074
105		0.214417
106		0.212612
107		0.213889
108		0.213511
109		0.215563
110		0.223218
111		0.224568
112		0.227897
113		0.229275
114		0.23091
115		0.237114
116		0.240837
117		0.240718
118		0.244178
119		0.244417
120		0.244988
121		0.24706
122		0.245104
123		0.246617
124		0.249579
125		0.251319
126		0.251381
127		0.247867
128		0.250941
129		0.251073
130		0.254309
131		0.25581
132		0.256408
133		0.257712
134		0.257369
135		0.259201
136		0.260837
137		0.262905
138		0.263241
139		0.262701
140		0.264576
141		0.266647
142		0.26446
143		0.265181
144		0.267099
145		0.256138
146		0.258225
147		0.259113
148		0.259402
149		0.256956
150		0.258017
151		0.257828
152		0.257195
153		0.259062
154		0.259498
155		0.259008
156		0.258237
157		0.254857
158		0.252072
159		0.250397
160		0.249371
161		0.248137
162		0.24909
163		0.250374
164		0.249645
165		0.24767
166		0.247731
167		0.245463
168		0.244641
169		0.243056
170		0.246578
171		0.246127
172		0.244275
173		0.241605
174		0.24164
175		0.242546
176		0.240687
177		0.241204
178		0.240563
179		0.240274
180		0.240837
181		0.23838
182		0.237693
183		0.237816
184		0.23473
185		0.236532
186		0.234687
187		0.233345
188		0.232535
189		0.235478
190		0.235401
191		0.236856
192		0.235247
193		0.236694
194		0.238125
195		0.245579
196		0.243129
197		0.244645
198		0.242311
199		0.241466
200		0.239969
201		0.241258
202		0.240235
203		0.240401
204		0.242492
205		0.241269
206		0.245571
207		0.245004
208		0.241501
209		0.241049
210		0.242948
211		0.243661
212		0.24218
213		0.240436
214		0.241007
215		0.240999
216		0.240791
217		0.240675
218		0.241798
219		0.242951
220		0.234421
221		0.233507
222		0.233808
223		0.234537
224		0.234618
225		0.234448
226		0.235436
227		0.238488
228		0.235837
229		0.235617
230		0.234865
231		0.235806
232		0.23701
233		0.237145
234		0.236914
235		0.237743
236		0.239657
237		0.238445
238		0.236671
239		0.236265
240		0.23689
241		0.233665
242		0.234649
243		0.236956
244		0.238233
245		0.238515
246		0.237419
247		0.238256
248		0.236794
249		0.235309
250		0.235286
251		0.236154
252		0.236015
253		0.234703
254		0.233893
255		0.235482
256		0.235725
257		0.237639
258		0.235062
259		0.234221
260		0.235382
261		0.231848
262		0.23186
263		0.234163
264		0.233356
265		0.2326
266		0.233079
267		0.234236
268		0.232774
269		0.232824
270		0.230062
271		0.230058
272		0.230228
273		0.230544
274		0.23348
275		0.235208
276		0.236258
277		0.239309
278		0.241902
279		0.241964
280		0.245019
281		0.247396
282		0.249618
283		0.250976
284		0.253997
285		0.254228
286		0.256238
287		0.254765
288		0.255687
289		0.251979
290		0.250752
291		0.249919
292		0.250324
293		0.250123
294		0.249232
295		0.24211
296		0.241771
297		0.240575
298		0.24223
299		0.240934
300		0.241127
301		0.241223
302		0.237805
303		0.239186
304		0.237585
305		0.235378
306		0.238515
307		0.235999
308		0.238727
309		0.235563
310		0.23716
311		0.238098
312		0.236559
313		0.234606
314		0.236674
315		0.237562
316		0.237311
317		0.23527
318		0.233071
319		0.232211
320		0.236906
321		0.236404
322		0.235077
323		0.237704
324		0.235382
325		0.234425
326		0.235336
327		0.237103
328		0.237076
329		0.238627
330		0.239333
331		0.237886
332		0.23836
333		0.236952
334		0.236863
335		0.238345
336		0.238916
337		0.238322
338		0.240104
339		0.238769
340		0.239441
341		0.242049
342		0.242006
343		0.245185
344		0.246219
345		0.23711
346		0.238376
347		0.2436
348		0.242299
349		0.242512
350		0.243171
351		0.244286
352		0.244263
353		0.244005
354		0.243746
355		0.242566
356		0.24456
357		0.242708
358		0.242913
359		0.243445
360		0.244475
361		0.243364
362		0.243765
363		0.243468
364		0.244155
365		0.243615
366		0.243094
367		0.244155
368		0.243954
369		0.246921
370		0.242797
371		0.243835
372		0.244807
373		0.245637
374		0.245536
375		0.247149
376		0.246763
377		0.247052
378		0.246478
379		0.246763
380		0.246821
381		0.246528
382		0.25012
383		0.250667
384		0.251728
385		0.252388
386		0.254784
387		0.255428
388		0.256682
389		0.258804
390		0.25784
391		0.258677
392		0.260841
393		0.261204
394		0.262164
395		0.256644
396		0.257338
397		0.259606
398		0.261154
399		0.259838
400		0.260421
401		0.260536
402		0.262758
403		0.26527
404		0.268839
405		0.271431
406		0.276412
407		0.282033
408		0.284807
409		0.290112
410		0.296084
411		0.301019
412		0.308534
413		0.313214
414		0.31887
415		0.323372
416		0.329136
417		0.330177
418		0.336154
419		0.337936
420		0.338989
421		0.348588
422		0.354498
423		0.355949
424		0.363619
425		0.371292
426		0.370729
427		0.376836
428		0.381119
429		0.384969
430		0.390382
431		0.394475
432		0.397932
433		0.403283
434		0.408839
435		0.410305
436		0.410401
437		0.414421
438		0.415671
439		0.419877
440		0.421246
441		0.42027
442		0.422994
443		0.426451
444		0.42662
445		0.420567
446		0.421011
447		0.425189
448		0.425598
449		0.426246
450		0.428194
451		0.430656
452		0.433048
453		0.434552
454		0.43787
455		0.440224
456		0.440305
457		0.442762
458		0.446169
459		0.445567
460		0.446563
461		0.445336
462		0.447797
463		0.447299
464		0.450378
465		0.449911
466		0.446644
467		0.446335
468		0.446223
469		0.449846
470		0.457334
471		0.458704
472		0.457971
473		0.458839
474		0.459117
475		0.462442
476		0.461879
477		0.461759
478		0.461825
479		0.46213
480		0.462577
481		0.463627
482		0.465455
483		0.463704
484		0.465282
485		0.464533
486		0.463437
487		0.463862
488		0.462708
489		0.463542
490		0.465343
491		0.462616
492		0.463314
493		0.464267
494		0.465243
495		0.465189
496		0.467103
497		0.468171
498		0.468642
499		0.473403
500		0.477677
501		0.474379
502		0.479525
503		0.482739
504		0.487006
505		0.490536
506		0.498391
507		0.50211
508		0.504217
509		0.509703
510		0.509228
511		0.516026
512		0.520177
513		0.520899
514		0.520548
515		0.520976
516		0.522913
517		0.523071
518		0.525845
519		0.527824
520		0.534194
521		0.535521
522		0.539024
523		0.538893
524		0.54071
525		0.540752
526		0.540887
527		0.542693
528		0.544452
529		0.545961
530		0.544799
531		0.543418
532		0.546902
533		0.545127
534		0.54485
535		0.543476
536		0.543179
537		0.541655
538		0.54309
539		0.545451
540		0.547134
541		0.543669
542		0.547423
543		0.549306
544		0.551933
545		0.52338
546		0.527106
547		0.527245
548		0.528931
549		0.530621
550		0.528183
551		0.528268
552		0.529448
553		0.531053
554		0.53066
555		0.529109
556		0.529201
557		0.529464
558		0.530274
559		0.523893
560		0.523889
561		0.52831
562		0.52691
563		0.52549
564		0.525478
565		0.524857
566		0.522481
567		0.526157
568		0.522473
569		0.526636
570		0.526709
571		0.52988
572		0.534475
573		0.535193
574		0.537755
575		0.540598
576		0.540814
577		0.541555
578		0.542982
579		0.547782
580		0.551694
581		0.551941
582		0.553283
583		0.55451
584		0.554556
585		0.55559
586		0.558951
587		0.562211
588		0.561782
589		0.561833
590		0.56412
591		0.564811
592		0.561875
593		0.5638
594		0.564985
595		0.55083
596		0.556312
597		0.554919
598		0.557045
599		0.558881
600		0.560675
601		0.561439
602		0.563951
603		0.56461
604		0.566366
605		0.567708
606		0.568229
607		0.571435
608		0.574861
609		0.574167
610		0.575575
611		0.582662
612		0.583762
613		0.586404
614		0.591265
615		0.593696
616		0.593495
617		0.597164
618		0.596397
619		0.601246
620		0.598908
621		0.599568
622		0.604502
623		0.607701
624		0.608032
625		0.610544
626		0.611547
627		0.611462
628		0.610868
629		0.610289
630		0.610058
631		0.611439
632		0.615367
633		0.617859
634		0.614406
635		0.614097
636		0.618017
637		0.61674
638		0.614911
639		0.614143
640		0.614417
641		0.615521
642		0.61412
643		0.616296
644		0.615509
645		0.626215
646		0.629475
647		0.629904
648		0.631088
649		0.632052
650		0.633229
651		0.632056
652		0.631709
653		0.631466
654		0.633144
655		0.635652
656		0.637164
657		0.637681
658		0.639857
659		0.638997
660		0.638939
661		0.638368
662		0.640556
663		0.641011
664		0.640559
665		0.643947
666		0.643187
667		0.643646
668		0.644055
669		0.644838
670		0.624711
671		0.628164
672		0.623546
673		0.629649
674		0.629055
675		0.63066
676		0.630251
677		0.630872
678		0.633978
679		0.632635
680		0.632874
681		0.635949
682		0.635606
683		0.638769
684		0.640837
685		0.639795
686		0.642519
687		0.641427
688		0.641308
689		0.643569
690		0.642373
691		0.642307
692		0.642851
693		0.643264
694		0.644599
695		0.629529
696		0.629051
697		0.631763
698		0.633553
699		0.634136
700		0.632519
701		0.633353
702		0.633904
703		0.635274
704		0.635826
705		0.635386
706		0.636887
707		0.638144
708		0.638102
709		0.639236
710		0.63767
711		0.637886
712		0.637747
713		0.63892
714		0.639055
715		0.640336
716		0.641022
717		0.642562
718		0.642812
719		0.641563
720		0.636995
721		0.635486
722		0.636076
723		0.63966
724		0.638927
725		0.641242
726		0.641481
727		0.642863
728		0.641701
729		0.642214
730		0.644036
731		0.642971
732		0.643943
733		0.645066
734		0.644896
735		0.645883
736		0.645887
737		0.645062
738		0.645336
739		0.644699
740		0.64439
741		0.64588
742		0.648086
743		0.647886
744		0.647986
745		0.623148
746		0.627515
747		0.62767
748		0.630695
749		0.629603
750		0.632099
751		0.615606
752		0.617809
753		0.618723
754		0.620756
755		0.619186
756		0.619225
757		0.623781
758		0.623538
759		0.622624
760		0.623843
761		0.624556
762		0.624275
763		0.625123
764		0.624433
765		0.623669
766		0.625035
767		0.628553
768		0.625868
769		0.625293
770		0.64005
771		0.63863
772		0.639074
773		0.638746
774		0.636458
775		0.640745
776		0.639591
777		0.645363
778		0.646443
779		0.646701
780		0.64657
781		0.645968
782		0.651424
783		0.651752
784		0.652569
785		0.65
786		0.650185
787		0.651292
788		0.651894
789		0.652377
790		0.654626
791		0.662384
792		0.6651
793		0.666354
794		0.66887
795		0.632161
796		0.628403
797		0.632083
798		0.637739
799		0.638715
800		0.644441
801		0.64939
802		0.649282
803		0.649973
804		0.646509
805		0.651763
806		0.651736
807		0.652631
808		0.655143
809		0.655772
810		0.655717
811		0.656188
812		0.657407
813		0.658924
814		0.660602
815		0.661601
816		0.659232
817		0.664275
818		0.66255
819		0.665571
820		0.655367
821		0.656246
822		0.655085
823		0.656771
824		0.661188
825		0.658611
826		0.660131
827		0.660285
828		0.662342
829		0.662238
830		0.663349
831		0.665756
832		0.666003
833		0.667095
834		0.668897
835		0.669815
836		0.669973
837		0.672122
838		0.672427
839		0.675421
840		0.673846
841		0.676582
842		0.675853
843		0.678619
844		0.678164
845		0.672963
846		0.672967
847		0.672442
848		0.676316
849		0.671952
850		0.675787
851		0.675247
852		0.677643
853		0.674946
854		0.676821
855		0.676509
856		0.679637
857		0.675826
858		0.682323
859		0.680837
860		0.679032
861		0.681512
862		0.679896
863		0.681447
864		0.681142
865		0.684155
866		0.682168
867		0.685162
868		0.681798
869		0.684186
870		0.66392
871		0.663272
872		0.664776
873		0.664603
874		0.669217
875		0.668607
876		0.667801
877		0.667762
878		0.667882
879		0.670046
880		0.654429
881		0.655455
882		0.654522
883		0.65336
884		0.653769
885		0.655131
886		0.655054
887		0.657095
888		0.659761
889		0.660243
890		0.660745
891		0.659244
892		0.661211
893		0.661609
894		0.660637
895		0.661532
896		0.663241
897		0.665494
898		0.665004
899		0.664988
900		0.66495
901		0.665621
902		0.669923
903		0.669321
904		0.669263
905		0.681188
906		0.679877
907		0.681632
908		0.682639
909		0.682928
910		0.682396
911		0.681952
912		0.684078
913		0.684298
914		0.683549
915		0.68255
916		0.682978
917		0.681601
918		0.682724
919		0.679213
920		0.678032
921		0.680116
922		0.683102
923		0.684147
924		0.683113
925		0.683681
926		0.684275
927		0.685058
928		0.688372
929		0.689464
930		0.662334
931		0.663515
932		0.663437
933		0.666848
934		0.665189
935		0.668221
936		0.669294
937		0.671539
938		0.674919
939		0.674171
940		0.677685
941		0.676975
942		0.676667
943		0.68017
944		0.680644
945		0.680093
946		0.679722
947		0.679927
948		0.678503
949		0.683056
950		0.679614
951		0.677076
952		0.679904
953		0.677762
954		0.677431
955		0.672886
956		0.672056
957		0.674005
958		0.67115
959		0.677346
960		0.673881
961		0.673515
962		0.676786
963		0.677288
964		0.675887
965		0.677215
966		0.677554
967		0.67951
968		0.678542
969		0.67821
970		0.680648
971		0.682488
972		0.681937
973		0.682959
974		0.684151
975		0.684475
976		0.686748
977		0.687716
978		0.685768
979		0.686617
980		0.678036
981		0.67757
982		0.679923
983		0.682384
984		0.68299
985		0.683511
986		0.684668
987		0.682766
988		0.681493
989		0.683322
990		0.685795
991		0.6874
992		0.684464
993		0.687091
994		0.69179
995		0.693437
996		0.6937
997		0.693781
998		0.694186
999		0.693627
1000		0.694749
1001		0.672064
1002		0.673414
1003		0.672531
1004		0.671659
1005		0.66939
1006		0.669178
1007		0.67174
1008		0.670567
1009		0.673009
1010		0.674807
1011		0.666782
1012		0.665853
1013		0.665999
1014		0.667758
1015		0.666817
1016		0.667573
1017		0.666956
1018		0.666929
1019		0.667747
1020		0.667272
1021		0.667558
1022		0.66929
1023		0.668978
1024		0.668565
1025		0.669942
1026		0.671551
1027		0.667546
1028		0.669541
1029		0.67071
1030		0.670478
1031		0.67081
1032		0.673576
1033		0.672874
1034		0.6738
1035		0.674221
1036		0.669645
1037		0.666848
1038		0.669676
1039		0.671725
1040		0.674255
1041		0.675027
1042		0.673939
1043		0.673819
1044		0.67282
1045		0.672469
1046		0.673665
1047		0.674151
1048		0.677315
1049		0.679371
1050		0.678341
1051		0.680613
1052		0.680004
1053		0.679109
1054		0.682261
1055		0.681412
1056		0.680035
1057		0.680282
1058		0.679394
1059		0.680008
1060		0.679417
1061		0.674645
1062		0.674695
1063		0.673364
1064		0.672149
1065		0.672315
1066		0.673696
1067		0.672693
1068		0.673561
1069		0.674595
1070		0.672018
1071		0.675775
1072		0.675891
1073		0.677751
1074		0.676825
1075		0.680664
1076		0.679143
1077		0.680903
1078		0.679765
1079		0.681798
1080		0.683561
1081		0.685579
1082		0.68642
1083		0.688503
1084		0.686821
1085		0.686674
1086		0.674954
1087		0.674039
1088		0.675648
1089		0.675818
1090		0.675509
1091		0.675926
1092		0.674255
1093		0.679143
1094		0.674761
1095		0.676948
1096		0.676327
1097		0.677805
1098		0.67777
1099		0.679668
1100		0.678731
1101		0.676659
1102		0.678484
1103		0.677442
1104		0.681277
1105		0.679089
1106		0.676443
1107		0.677326
1108		0.678214
1109		0.677353
1110		0.67772
1111		0.67316
1112		0.672253
1113		0.672897
1114		0.676836
1115		0.676466
1116		0.676713
1117		0.67618
1118		0.676235
1119		0.676069
1120		0.676701
1121		0.678044
1122		0.678981
1123		0.679001
1124		0.679039
1125		0.678472
1126		0.680243
1127		0.680513
1128		0.67892
1129		0.678272
1130		0.681508
1131		0.682515
1132		0.682569
1133		0.682593
1134		0.68064
1135		0.68233
1136		0.667334
1137		0.665741
1138		0.664491
1139		0.664911
1140		0.669248
1141		0.667693
1142		0.668113
1143		0.665108
1144		0.666138
1145		0.665486
1146		0.666721
1147		0.669132
1148		0.670405
1149		0.67206
1150		0.672515
1151		0.671759
1152		0.674649
1153		0.673974
1154		0.675714
1155		0.670467
1156		0.67218
1157		0.672427
1158		0.670015
1159		0.672458
1160		0.674606
1161		0.681092
1162		0.679371
1163		0.680741
1164		0.680914
1165		0.680513
1166		0.681235
1167		0.684217
1168		0.677531
1169		0.679402
1170		0.679992
1171		0.680694
1172		0.686134
1173		0.681725
1174		0.680687
1175		0.680579
1176		0.681192
1177		0.683573
1178		0.684583
1179		0.683067
1180		0.686713
1181		0.688302
1182		0.685683
1183		0.686416
1184		0.687974
1185		0.685556
1186		0.67593
1187		0.67696
1188		0.677415
1189		0.679614
1190		0.677141
1191		0.678044
1192		0.673515
1193		0.677265
1194		0.678765
1195		0.678981
1196		0.676343
1197		0.678156
1198		0.682589
1199		0.683804
1200		0.681806
1201		0.683237
1202		0.682226
1203		0.680305
1204		0.683067
1205		0.682593
1206		0.681088
1207		0.682689
1208		0.680799
1209		0.680984
1210		0.682253
1211		0.674155
1212		0.673218
1213		0.67255
1214		0.672523
1215		0.67544
1216		0.672924
1217		0.674603
1218		0.674495
1219		0.678538
1220		0.677654
1221		0.68044
1222		0.680451
1223		0.681053
1224		0.680031
1225		0.683681
1226		0.682361
1227		0.681709
1228		0.680274
1229		0.682936
1230		0.685062
1231		0.685799
1232		0.683569
1233		0.682909
1234		0.681644
1235		0.680853
1236		0.686944
1237		0.687766
1238		0.687353
1239		0.691748
1240		0.692674
1241		0.691771
1242		0.694954
1243		0.695177
1244		0.695868
1245		0.695575
1246		0.690127
1247		0.691134
1248		0.694228
1249		0.691312
1250		0.694263
1251		0.683819
1252		0.683086
1253		0.683873
1254		0.682157
1255		0.684931
1256		0.685428
1257		0.687866
1258		0.691107
1259		0.69
1260		0.692554
1261		0.671929
1262		0.675887
1263		0.677079
1264		0.67664
1265		0.679178
1266		0.678603
1267		0.679471
1268		0.674691
1269		0.68174
1270		0.682697
1271		0.684965
1272		0.683885
1273		0.682508
1274		0.687172
1275		0.683993
1276		0.684136
1277		0.68473
1278		0.684039
1279		0.681836
1280		0.68044
1281		0.678291
1282		0.678607
1283		0.677257
1284		0.678499
1285		0.676474
1286		0.68267
1287		0.684213
1288		0.685525
1289		0.686366
1290		0.688808
1291		0.690139
1292		0.690162
1293		0.687133
1294		0.691663
1295		0.691836
1296		0.692515
1297		0.692049
1298		0.690613
1299		0.687704
1300		0.688796
1301		0.68392
1302		0.687361
1303		0.689877
1304		0.689232
1305		0.686532
1306		0.686026
1307		0.685417
1308		0.686161
1309		0.686798
1310		0.685509
1311		0.661682
1312		0.66137
1313		0.661042
1314		0.661987
1315		0.664873
1316		0.661408
1317		0.664853
1318		0.666462
1319		0.667758
1320		0.67039
1321		0.670289
1322		0.671532
1323		0.669008
1324		0.66912
1325		0.669695
1326		0.673993
1327		0.671493
1328		0.675347
1329		0.674695
1330		0.673495
1331		0.675336
1332		0.675081
1333		0.675725
1334		0.674695
1335		0.672396
1336		0.666366
1337		0.666806
1338		0.667531
1339		0.667886
1340		0.666701
1341		0.66902
1342		0.668318
1343		0.666007
1344		0.666709
1345		0.665355
1346		0.667994
1347		0.669124
1348		0.670895
1349		0.671493
1350		0.671134
1351		0.670424
1352		0.671775
1353		0.671227
1354		0.672454
1355		0.673877
1356		0.673596
1357		0.675386
1358		0.673492
1359		0.672755
1360		0.672658
1361		0.661952
1362		0.661447
1363		0.664653
1364		0.666458
1365		0.666987
1366		0.667068
1367		0.666586
1368		0.666775
1369		0.667697
1370		0.668916
1371		0.668036
1372		0.6663
1373		0.667612
1374		0.66539
1375		0.667427
1376		0.667122
1377		0.666111
1378		0.668229
1379		0.66723
1380		0.666482
1381		0.669286
1382		0.669005
1383		0.667504
1384		0.668924
1385		0.667986
1386		0.670887
1387		0.671265
1388		0.67348
1389		0.674927
1390		0.67397
1391		0.677292
1392		0.67696
1393		0.67735
1394		0.677006
1395		0.681887
1396		0.679896
1397		0.679591
1398		0.681597
1399		0.682245
1400		0.68017
1401		0.682353
1402		0.684803
1403		0.683407
1404		0.682774
1405		0.682404
1406		0.682037
1407		0.678418
1408		0.682789
1409		0.682674
1410		0.680937
1411		0.670849
1412		0.672053
1413		0.672978
1414		0.676057
1415		0.673345
1416		0.673441
1417		0.677496
1418		0.678318
1419		0.677971
1420		0.67809
1421		0.679236
1422		0.680367
1423		0.679861
1424		0.681254
1425		0.683248
1426		0.6837
1427		0.685891
1428		0.684128
1429		0.689294
1430		0.691034
1431		0.694745
1432		0.696173
1433		0.697288
1434		0.700683
1435		0.703337
1436		0.70544
1437		0.702106
1438		0.706362
1439		0.706385
1440		0.705999
1441		0.711022
1442		0.71125
1443		0.714869
1444		0.719915
1445		0.719132
1446		0.723808
1447		0.725525
1448		0.724209
1449		0.726975
1450		0.729228
1451		0.734306
1452		0.736312
1453		0.737053
1454		0.740382
1455		0.745613
1456		0.749795
1457		0.750725
1458		0.753067
1459		0.756393
1460		0.756169
1461		0.724834
1462		0.730748
1463		0.730891
1464		0.723954
1465		0.724865
1466		0.724086
1467		0.731296
1468		0.730517
1469		0.729456
1470		0.735486
1471		0.732901
1472		0.738214
1473		0.741547
1474		0.744248
1475		0.740486
1476		0.74495
1477		0.740729
1478		0.750386
1479		0.749043
1480		0.7499
1481		0.753924
1482		0.751628
1483		0.755417
1484		0.758503
1485		0.761404
1486		0.758179
1487		0.759487
1488		0.760471
1489		0.761809
1490		0.760212
1491		0.760035
1492		0.759533
1493		0.761265
1494		0.760795
1495		0.760945
1496		0.758769
1497		0.758414
1498		0.761744
1499		0.755459
1500		0.747863
1501		0.710783
1502		0.71468
1503		0.707596
1504		0.712106
1505		0.716775
1506		0.719117
1507		0.71718
1508		0.720961
1509		0.717431
1510		0.71863
1511		0.727122
1512		0.724541
1513		0.727477
1514		0.726316
1515		0.727272
1516		0.702716
1517		0.693387
1518		0.687392
1519		0.686563
1520		0.680594
1521		0.672045
1522		0.656921
1523		0.65691
1524		0.645988
1525		0.648715
1526		0.649043
1527		0.638684
1528		0.642971
1529		0.641566
1530		0.63934
1531		0.634244
1532		0.630127
1533		0.629977
1534		0.624471
1535		0.628997
1536		0.622843
1537		0.63017
1538		0.632164
1539		0.62544
1540		0.625239
1541		0.631127
1542		0.626022
1543		0.617743
1544		0.624664
1545		0.620343
1546		0.618931
1547		0.62446
1548		0.617083
1549		0.614437
1550		0.600185
1551		0.598935
1552		0.594101
1553		0.59559
1554		0.58691
1555		0.581941
1556		0.587253
1557		0.584988
1558		0.582477
1559		0.57809
1560		0.576836
1561		0.552986
1562		0.553819
1563		0.555934
1564		0.555941
1565		0.559151
1566		0.559444
1567		0.560841
1568		0.560019
1569		0.559861
1570		0.561458
1571		0.562184
1572		0.563978
1573		0.568997
1574		0.573295
1575		0.574032
1576		0.580266
1577		0.583083
1578		0.58559
1579		0.588966
1580		0.588627
1581		0.589348
1582		0.590617
1583		0.590575
1584		0.584977
1585		0.586497
1586		0.56838
1587		0.563534
1588		0.563441
1589		0.575374
1590		0.571346
1591		0.577187
1592		0.572801
1593		0.57755
1594		0.58032
1595		0.588102
1596		0.596929
1597		0.591096
1598		0.592982
1599		0.595367
1600		0.602477
1601		0.605189
1602		0.599799
1603		0.601188
1604		0.603958
1605		0.613044
1606		0.620691
1607		0.620085
1608		0.623762
1609		0.630193
1610		0.625235
1611		0.629132
1612		0.6224
1613		0.620606
1614		0.613241
1615		0.611944
1616		0.615544
1617		0.613086
1618		0.595374
1619		0.594718
1620		0.592963
1621		0.59049
1622		0.594583
1623		0.599568
1624		0.591173
1625		0.592743
1626		0.587103
1627		0.591319
1628		0.590718
1629		0.586219
1630		0.590058
1631		0.592685
1632		0.600432
1633		0.603696
1634		0.60831
1635		0.608723
1636		0.632948
1637		0.634653
1638		0.625513
1639		0.622573
1640		0.622184
1641		0.622913
1642		0.620251
1643		0.61745
1644		0.60679
1645		0.603167
1646		0.607269
1647		0.599738
1648		0.602743
1649		0.603133
1650		0.603079
1651		0.599807
1652		0.602488
1653		0.600783
1654		0.600826
1655		0.595077
1656		0.58571
1657		0.585343
1658		0.583005
1659		0.587141
1660		0.585031
1661		0.579325
1662		0.580694
1663		0.590413
1664		0.598461
1665		0.603453
1666		0.60711
1667		0.612573
1668		0.615532
1669		0.616015
1670		0.618862
1671		0.623904
1672		0.62005
1673		0.622485
1674		0.613245
1675		0.610205
1676		0.605675
1677		0.612411
1678		0.608534
1679		0.609132
1680		0.608688
1681		0.614996
1682		0.618553
1683		0.619599
1684		0.622654
1685		0.628796
1686		0.591323
1687		0.589398
1688		0.59434
1689		0.598781
1690		0.603098
1691		0.611605
1692		0.615729
1693		0.615972
1694		0.614985
1695		0.614576
1696		0.620127
1697		0.620509
1698		0.618098
1699		0.625108
1700		0.630127
1701		0.631771
1702		0.637762
1703		0.640239
1704		0.645451
1705		0.650108
1706		0.651713
1707		0.663735
1708		0.660826
1709		0.662539
1710		0.657639
1711		0.694348
1712		0.696647
1713		0.694911
1714		0.698885
1715		0.693843
1716		0.688707
1717		0.683816
1718		0.676547
1719		0.668218
1720		0.652836
1721		0.653314
1722		0.64875
1723		0.637419
1724		0.633318
1725		0.637056
1726		0.631748
1727		0.626497
1728		0.617739
1729		0.603148
1730		0.60348
1731		0.588962
1732		0.579252
1733		0.585154
1734		0.566119
1735		0.570374
1736		0.509645
1737		0.518534
1738		0.518233
1739		0.509471
1740		0.506146
1741		0.492176
1742		0.488939
1743		0.487955
1744		0.475247
1745		0.481412
1746		0.477658
1747		0.473465
1748		0.465355
1749		0.458322
1750		0.44794
1751		0.432847
1752		0.440204
1753		0.435066
1754		0.435602
1755		0.433214
1756		0.437002
1757		0.435806
1758		0.429985
1759		0.435424
1760		0.436146
1761		0.419691
1762		0.430301
1763		0.429853
1764		0.427909
1765		0.428792
1766		0.428723
1767		0.431385
1768		0.433434
1769		0.43086
1770		0.441995
1771		0.442894
1772		0.446478
1773		0.444502
1774		0.441285
1775		0.440147
1776		0.440887
1777		0.437566
1778		0.431582
1779		0.431929
1780		0.4313
1781		0.43505
1782		0.435903
1783		0.427546
1784		0.42696
1785		0.422666
1786		0.393275
1787		0.398391
1788		0.4013
1789		0.401316
1790		0.392037
1791		0.393102
1792		0.391956
1793		0.389564
1794		0.387407
1795		0.385231
1796		0.380243
1797		0.387442
1798		0.381725
1799		0.385694
1800		0.385394
1801		0.388056
1802		0.384225
1803		0.372342
1804		0.370675
1805		0.371929
1806		0.369051
1807		0.356528
1808		0.35309
1809		0.354498
1810		0.341921
1811		0.327269
1812		0.327214
1813		0.320748
1814		0.318329
1815		0.317836
1816		0.310004
1817		0.308877
1818		0.299576
1819		0.304024
1820		0.303044
1821		0.296362
1822		0.283862
1823		0.280239
1824		0.278221
1825		0.28564
1826		0.279321
1827		0.282045
1828		0.279965
1829		0.284498
1830		0.279884
1831		0.277963
1832		0.272407
1833		0.27365
1834		0.262176
1835		0.263781
1836		0.230096
1837		0.22022
1838		0.222392
1839		0.21625
1840		0.213634
1841		0.205775
1842		0.204726
1843		0.19978
1844		0.193399
1845		0.18625
1846		0.17816
1847		0.175455
1848		0.174927
1849		0.171073
1850		0.163549
1851		0.159371
1852		0.158268
1853		0.153962
1854		0.155883
1855		0.156192
1856		0.153009
1857		0.150548
1858		0.153534
1859		0.15463
1860		0.147319
1861		0.144842
1862		0.14287
1863		0.137998
1864		0.132037
1865		0.130135
1866		0.135185
1867		0.129749
1868		0.130054
1869		0.140274
1870		0.146481
1871		0.150332
1872		0.152419
1873		0.158326
1874		0.153962
1875		0.158989
1876		0.168912
1877		0.180706
1878		0.195478
1879		0.206563
1880		0.214047
1881		0.227006
1882		0.248329
1883		0.250216
1884		0.262693
1885		0.277334
1886		0.25858
1887		0.275536
1888		0.294252
1889		0.299433
1890		0.316952
1891		0.334039
1892		0.339136
1893		0.350201
1894		0.365575
1895		0.370448
1896		0.375347
1897		0.386466
1898		0.397596
1899		0.412022
1900		0.426879
1901		0.434232
1902		0.443962
1903		0.442623
1904		0.446732
1905		0.453873
1906		0.459228
1907		0.462824
1908		0.46032
1909		0.458329
1910		0.464174
1911		0.485895
1912		0.477897
1913		0.477099
1914		0.468098
1915		0.460158
1916		0.454769
1917		0.443125
1918		0.436817
1919		0.433495
1920		0.422434
1921		0.414711
1922		0.409437
1923		0.393148
1924		0.39267
1925		0.388997
1926		0.379421
1927		0.376042
1928		0.376894
1929		0.364826
1930		0.357701
1931		0.352585
1932		0.345258
1933		0.338592
1934		0.33083
1935		0.328079
1936		0.295093
1937		0.293947
1938		0.283272
1939		0.276377
1940		0.274591
1941		0.271161
1942		0.255293
1943		0.253827
1944		0.252322
1945		0.25267
1946		0.248576
1947		0.248773
1948		0.255185
1949		0.251416
1950		0.2424
1951		0.235355
1952		0.224205
1953		0.217527
1954		0.207222
1955		0.20311
1956		0.193951
1957		0.18407
1958		0.174853
1959		0.169329
1960		0.152099
1961		0.138372
1962		0.122577
1963		0.115405
1964		0.111941
1965		0.109298
1966		0.101107
1967		0.0991165
1968		0.0926235
1969		0.0847878
1970		0.0865471
1971		0.0775887
1972		0.0697184
1973		0.0637654
1974		0.0572917
1975		0.0541127
1976		0.051412
1977		0.0442515
1978		0.0400231
1979		0.0338272
1980		0.0318133
1981		0.0273148
1982		0.0257253
1983		0.0206404
1984		0.0244406
1985		0.023939
1986		0.0232562
1987		0.0239352
1988		0.0260455
1989		0.0222454
1990		0.022473
1991		0.0245872
1992		0.0246181
1993		0.0243866
1994		0.0232793
1995		0.0234915
1996		0.0233989
1997		0.0240702
1998		0.0254823
1999		0.0258295
2000		0.030787
2001		0.0377816
2002		0.0500309
2003		0.0580093
2004		0.071929
2005		0.0891667
2006		0.0998611
2007		0.116038
2008		0.129687
2009		0.139035
2010		0.158677
2011		0.17287
2012		0.185637
2013		0.202693
2014		0.222635
2015		0.231447
2016		0.250004
2017		0.273283
2018		0.284032
2019		0.303252
2020		0.311092
2021		0.322072
2022		0.333221
2023		0.346424
2024		0.354745
2025		0.357851
2026		0.37223
2027		0.380475
2028		0.379826
2029		0.391643
2030		0.388511
2031		0.398306
2032		0.399414
2033		0.398032
2034		0.404263
2035		0.399799
2036		0.390957
2037		0.383063
2038		0.380347
2039		0.375837
2040		0.363549
2041		0.35451
2042		0.350428
2043		0.340301
2044		0.328673
2045		0.322473
2046		0.314263
2047		0.307288
2048		0.305883
2049		0.306798
2050		0.29321
2051		0.292755
2052		0.283916
2053		0.27392
2054		0.270112
2055		0.25559
2056		0.239981
2057		0.233337
2058		0.225837
2059		0.212901
2060		0.210694
2061		0.206863
2062		0.195509
2063		0.193044
2064		0.186269
2065		0.17
2066		0.163036
2067		0.153592
2068		0.147002
2069		0.143665
2070		0.132951
2071		0.121705
2072		0.111647
2073		0.103723
2074		0.0914468
2075		0.0879591
2076		0.0804552
2077		0.0731096
2078		0.0683681
2079		0.0640393
2080		0.0589892
2081		0.056821
2082		0.0509452
2083		0.0460571
2084		0.0426273
2085		0.038804
2086		0.0319907
2087		0.0314159
2088		0.0323573
2089		0.0298843
2090		0.031439
2091		0.0316088
2092		0.03049
2093		0.0287616
2094		0.0290702
2095		0.0306057
2096		0.0296181
2097		0.0354938
2098		0.0374691
2099		0.0398958
2100		0.0436111
2101		0.0514738
2102		0.0554823
2103		0.0626427
2104		0.0748843
2105		0.0779745
2106		0.0877315
2107		0.0946181
2108		0.0977469
2109		0.105096
2110		0.115802
2111		0.117396
2112		0.128499
2113		0.136493
2114		0.140606
2115		0.154618
2116		0.158619
2117		0.16816
2118		0.174938
2119		0.18853
2120		0.193634
2121		0.203638
2122		0.215073
2123		0.216887
2124		0.224124
2125		0.228279
2126		0.235694
2127		0.23799
2128		0.249745
2129		0.245274
2130		0.254495
2131		0.259221
2132		0.253985
2133		0.252778
2134		0.249205
2135		0.24409
2136		0.257743
2137		0.252797
2138		0.25767
2139		0.255667
2140		0.26983
2141		0.262635
2142		0.264904
2143		0.263704
2144		0.268966
2145		0.267816
2146		0.264668
2147		0.26235
2148		0.260035
2149		0.256069
2150		0.262257
2151		0.253982
2152		0.240355
2153		0.238773
2154		0.238241
2155		0.244919
2156		0.244664
2157		0.248927
2158		0.235258
2159		0.234587
2160		0.23061
2161		0.217782
2162		0.218881
2163		0.22365
2164		0.233426
2165		0.231948
2166		0.229645
2167		0.216767
2168		0.218395
2169		0.21696
2170		0.212353
2171		0.209267
2172		0.215077
2173		0.206323
2174		0.20407
2175		0.207504
2176		0.201605
2177		0.198376
2178		0.190937
2179		0.189375
2180		0.18691
2181		0.174124
2182		0.168229
2183		0.163507
2184		0.154842
2185		0.146015
2186		0.135845
2187		0.129572
2188		0.122747
2189		0.122986
2190		0.116848
2191		0.109379
2192		0.105802
2193		0.0958449
2194		0.0911227
2195		0.0887963
2196		0.0844213
2197		0.0807523
2198		0.0772994
2199		0.0663272
2200		0.0630401
2201		0.063098
2202		0.0571065
2203		0.05125
2204		0.0515818
2205		0.0484375
2206		0.0420486
2207		0.0448572
2208		0.0396605
2209		0.0388233
2210		0.0365664
2211		0.0393287
2212		0.0360378
2213		0.0333989
2214		0.0279938
2215		0.0252855
2216		0.0263079
2217		0.0212076
2218		0.0177045
2219		0.0162037
2220		0.0154167
2221		0.0171605
2222		0.0183989
2223		0.0180903
2224		0.0197878
2225		0.0197647
2226		0.0178241
2227		0.0170062
2228		0.0162423
2229		0.016304
2230		0.0154437
2231		0.0166204
2232		0.0181944
2233		0.0197454
2234		0.0173881
2235		0.0160069
2236		0.0170062
2237		0.0193866
2238		0.0202508
2239		0.0218364
2240		0.0233449
2241		0.0197377
2242		0.0206019
2243		0.0172415
2244		0.0211728
2245		0.0193441
2246		0.0197994
2247		0.0208449
2248		0.0193094
2249		0.0187577
2250		0.0200733
2251		0.0228897
2252		0.0203781
2253		0.0169174
2254		0.0173727
2255		0.0217245
2256		0.0232292
2257		0.0217708
2258		0.0246258
2259		0.0248843
2260		0.0220756
2261		0.0274884
2262		0.0264892
2263		0.0272569
2264		0.0275964
2265		0.0298495
2266		0.0352083
2267		0.0397917
2268		0.0476157
2269		0.0626813
2270		0.0658565
2271		0.0719406
2272		0.080189
2273		0.0823148
2274		0.0872029
2275		0.0850309
2276		0.0903935
2277		0.0888542
2278		0.0895139
2279		0.0895949
2280		0.0884838
2281		0.089402
2282		0.0906559
2283		0.0912461
2284		0.0982716
2285		0.100278
2286		0.102361
2287		0.101111
2288		0.102913
2289		0.104664
2290		0.105903
2291		0.107527
2292		0.104873
2293		0.10907
2294		0.107731
2295		0.104742
2296		0.107002
2297		0.109309
2298		0.109468
2299		0.112662
2300		0.114853
2301		0.119622
2302		0.120856
2303		0.12174
2304		0.118519
2305		0.118329
2306		0.122967
2307		0.11973
2308		0.119001
2309		0.119063
2310		0.127307
2311		0.115721
2312		0.120941
2313		0.126551
2314		0.12561
2315		0.121701
2316		0.116636
2317		0.1112
2318		0.105563
2319		0.104684
2320		0.103156
2321		0.103569
2322		0.100637
2323		0.100397
2324		0.0970486
2325		0.0933179
2326		0.0935687
2327		0.0874074
2328		0.0865355
2329		0.0823341
2330		0.0789275
2331		0.0768711
2332		0.0708411
2333		0.0704012
2334		0.0693557
2335		0.0644252
2336		0.0708449
2337		0.0647724
2338		0.0616975
2339		0.0595332
2340		0.0532832
2341		0.0515625
2342		0.0523572
2343		0.0506211
2344		0.0464622
2345		0.045814
2346		0.047716
2347		0.0453357
2348		0.0458912
2349		0.0411806
2350		0.0417207
2351		0.0445293
2352		0.0412693
2353		0.0380285
2354		0.0375694
2355		0.0348611
2356		0.0351389
2357		0.0333835
2358		0.0323457
2359		0.0241975
2360		0.0252238
2361		0.0228704
2362		0.024375
2363		0.0221798
2364		0.0203819
2365		0.020571
2366		0.0238966
2367		0.0209568
2368		0.0193596
2369		0.0188426
2370		0.0216551
2371		0.0194522
2372		0.0217323
2373		0.0191821
2374		0.0184336
2375		0.0177508
2376		0.0169483
2377		0.0150656
2378		0.0185725
2379		0.0175309
2380		0.0184992
2381		0.0195795
2382		0.023233
2383		0.0315818
2384		0.0365046
2385		0.042311
2386		0.054784
2387		0.0560455
2388		0.0640548
2389		0.0614776
2390		0.0600077
2391		0.0576543
2392		0.0539005
2393		0.0520525
2394		0.0514583
2395		0.0516628
2396		0.0493287
2397		0.0470872
2398		0.0404823
2399		0.0391165
2400		0.0367168
2401		0.0340664
2402		0.0345525
2403		0.0326157
2404		0.0420178
2405		0.0462654
2406		0.0434684
2407		0.0550849
2408		0.057091
2409		0.055679
2410		0.0534992
2411		0.0463812
2412		0.048939
2413		0.0484761
2414		0.0500887
2415		0.055733
2416		0.0502662
2417		0.0514005
2418		0.0478819
2419		0.0438194
2420		0.0451736
2421		0.042716
2422		0.038152
2423		0.0341281
2424		0.0262191
2425		0.022716
2426		0.0195216
2427		0.0206134
2428		0.0222608
2429		0.0197184
2430		0.0176389
2431		0.0177238
2432		0.0178202
2433		0.0270602
2434		0.0354128
2435		0.0359336
2436		0.0456597
2437		0.0488542
2438		0.0514159
2439		0.0527623
2440		0.0551312
2441		0.0558951
2442		0.0570448
2443		0.0598187
2444		0.0584838
2445		0.0604128
2446		0.0614931
2447		0.062554
2448		0.0613735
2449		0.0626582
2450		0.0627508
2451		0.063588
2452		0.0659298
2453		0.0680054
2454		0.067581
2455		0.0717014
2456		0.071331
2457		0.074865
2458		0.0769637
2459		0.0753935
2460		0.0765509
2461		0.0819174
2462		0.0838349
2463		0.0831636
2464		0.0838002
2465		0.0828511
2466		0.0796991
2467		0.073777
2468		0.0702006
2469		0.0663272
2470		0.0618094
2471		0.0611883
2472		0.0574691
2473		0.052446
2474		0.0491319
2475		0.0449498
2476		0.0447531
2477		0.0469174
2478		0.0440934
2479		0.0407099
2480		0.0394097
2481		0.0371412
2482		0.0340355
2483		0.0349884
2484		0.0315625
2485		0.0321721
2486		0.0308989
2487		0.032311
2488		0.0305941
2489		0.0327778
2490		0.0349344
2491		0.037365
2492		0.0358989
2493		0.0352816
2494		0.0395563
2495		0.0382716
2496		0.0413233
2497		0.0404977
2498		0.0408719
2499		0.0410571
2500		0.0394367
2501		0.041385
2502		0.0431559
2503		0.0425849
2504		0.045135
2505		0.0462924
2506		0.0465586
2507		0.0484491
2508		0.0525887
2509		0.0602315
2510		0.0628511
2511		0.068885
2512		0.0771065
2513		0.0817091
2514		0.0840509
2515		0.087365
2516		0.0854823
2517		0.0798804
2518		0.0801428
2519		0.079757
2520		0.0791975
2521		0.0789159
2522		0.0812886
2523		0.0775309
2524		0.0791127
2525		0.0776466
2526		0.0767323
2527		0.075733
2528		0.0744213
2529		0.0743441
2530		0.0721759
2531		0.0762539
2532		0.0794136
2533		0.0758835
2534		0.0746528
2535		0.080108
2536		0.0828897
2537		0.0813928
2538		0.0817515
2539		0.0839892
2540		0.0858603
2541		0.0896451
2542		0.0859336
2543		0.085135
2544		0.0880941
2545		0.09424
2546		0.0908449
2547		0.0866435
2548		0.0889468
2549		0.0867168
2550		0.0813002
2551		0.0830941
2552		0.0842284
2553		0.088287
2554		0.0821952
2555		0.0783411
2556		0.0774653
2557		0.0722492
2558		0.0729167
2559		0.0749151
2560		0.0738696
2561		0.0619444
2562		0.0529012
2563		0.0469985
2564		0.0467168
2565		0.0420795
2566		0.0393596
2567		0.038642
2568		0.0373071
2569		0.0322608
2570		0.0326505
2571		0.0278164
2572		0.0249807
2573		0.0215779
2574		0.0210995
2575		0.0190509
2576		0.021223
2577		0.0195139
2578		0.0199653
2579		0.0174421
2580		0.0171142
2581		0.0198804
2582		0.0167708
2583		0.0168789
2584		0.0181867
2585		0.0160802
2586		0.0167361
2587		0.017091
2588		0.0182948
2589		0.0189236
2590		0.0190972
2591		0.0195833
2592		0.0181096
2593		0.0166898
2594		0.0187423
2595		0.0209877
2596		0.0190509
2597		0.0192863
2598		0.0188156
2599		0.0161613
2600		0.0172415
2601		0.0170139
2602		0.0194213
2603		0.0209491
2604		0.0210262
2605		0.021088
2606		0.0197724
2607		0.0212616
2608		0.0215818
2609		0.0189198
2610		0.0193904
2611		0.0214892
2612		0.0209838
2613		0.0215432
2614		0.0201582
2615		0.0203279
2616		0.0195911
2617		0.0205903
2618		0.022909
2619		0.0207176
2620		0.0209799
2621		0.0203549
2622		0.0211728
2623		0.0205633
2624		0.0213426
2625		0.0274691
2626		0.0373302
2627		0.0418133
2628		0.0474074
2629		0.0535185
2630		0.0554282
2631		0.0576235
2632		0.0597029
2633		0.0585185
2634		0.0630363
2635		0.0640972
2636		0.0652122
2637		0.0711574
2638		0.0770911
2639		0.0793904
2640		0.0855016
2641		0.0923495
2642		0.0954745
2643		0.102168
2644		0.10515
2645		0.10706
2646		0.115112
2647		0.119691
2648		0.126161
2649		0.129286
2650		0.133029
2651		0.134336
2652		0.139734
2653		0.140872
2654		0.141049
2655		0.144718
2656		0.15137
2657		0.153264
2658		0.152685
2659		0.154564
2660		0.162963
2661		0.151454
2662		0.160127
2663		0.16017
2664		0.159877
2665		0.169981
2666		0.162994
2667		0.158418
2668		0.164371
2669		0.16466
2670		0.166852
2671		0.167728
2672		0.162087
2673		0.166022
2674		0.161632
2675		0.16885
2676		0.168387
2677		0.168742
2678		0.164946
2679		0.162847
2680		0.167847
2681		0.162535
2682		0.149564
2683		0.147515
2684		0.145988
2685		0.142195
2686		0.109398
2687		0.106698
2688		0.107662
2689		0.11174
2690		0.112581
2691		0.116748
2692		0.110775
2693		0.110073
2694		0.106917
2695		0.0978742
2696		0.096929
2697		0.0871991
2698		0.0783603
2699		0.0702855
2700		0.0647762
2701		0.0652662
2702		0.0656983
2703		0.0616088
2704		0.0647878
2705		0.0661844
2706		0.0685455
2707		0.0719251
2708		0.0719599
2709		0.0669367
2710		0.0619097
2711		0.0621991
2712		0.0584144
2713		0.057064
2714		0.0575193
2715		0.0573997
2716		0.0577508
2717		0.0585301
2718		0.0591165
2719		0.0586921
2720		0.059321
2721		0.0620602
2722		0.0593789
2723		0.0605671
2724		0.0591397
2725		0.0593982
2726		0.0618789
2727		0.0642438
2728		0.0699653
2729		0.0725116
2730		0.0817515
2731		0.0871528
2732		0.0906443
2733		0.0947299
2734		0.096142
2735		0.0993866
2736		0.10179
2737		0.103789
2738		0.103376
2739		0.10341
2740		0.106644
2741		0.106161
2742		0.105231
2743		0.105131
2744		0.106269
2745		0.105756
2746		0.107963
2747		0.107878
2748		0.113048
2749		0.11537
2750		0.11647
2751		0.114699
2752		0.116389
2753		0.117037
2754		0.117485
2755		0.115926
2756		0.117851
2757		0.120864
2758		0.124579
2759		0.123777
2760		0.122921
2761		0.124552
2762		0.124711
2763		0.126775
2764		0.126493
2765		0.126952
2766		0.129834
2767		0.133638
2768		0.134344
2769		0.136273
2770		0.137103
2771		0.136007
2772		0.137627
2773		0.138681
2774		0.139468
2775		0.144552
2776		0.144591
2777		0.145127
2778		0.146736
2779		0.14784
2780		0.14762
2781		0.148985
2782		0.152187
2783		0.150448
2784		0.146431
2785		0.147689
2786		0.141308
2787		0.14012
2788		0.142419
2789		0.14343
2790		0.14015
2791		0.141705
2792		0.139186
2793		0.137496
2794		0.138611
2795		0.137855
2796		0.137515
2797		0.139217
2798		0.13669
2799		0.138846
2800		0.143638
2801		0.141277
2802		0.143295
2803		0.143576
2804		0.145093
2805		0.145799
2806		0.147419
2807		0.145093
2808		0.150062
2809		0.150486
2810		0.150066
2811		0.146817
2812		0.146956
2813		0.149826
2814		0.149981
2815		0.150204
2816		0.151474
2817		0.152037
2818		0.150876
2819		0.151694
2820		0.152523
2821		0.15218
2822		0.149687
2823		0.15213
2824		0.153735
2825		0.152242
2826		0.152133
2827		0.152851
2828		0.151026
2829		0.149032
2830		0.14853
2831		0.149383
2832		0.148021
2833		0.148839
2834		0.150664
2835		0.150671
2836		0.152689
2837		0.154892
2838		0.153403
2839		0.151362
2840		0.153873
2841		0.157454
2842		0.156065
2843		0.156038
2844		0.155845
2845		0.154005
2846		0.156219
2847		0.157847
2848		0.15608
2849		0.154664
2850		0.162056
2851		0.166038
2852		0.167079
2853		0.170822
2854		0.17071
2855		0.171555
2856		0.168005
2857		0.165181
2858		0.164529
2859		0.164618
2860		0.162901
2861		0.155409
2862		0.155548
2863		0.152847
2864		0.152137
2865		0.153202
2866		0.15409
2867		0.15439
2868		0.155529
2869		0.155961
2870		0.155733
2871		0.157828
2872		0.155637
2873		0.156084
2874		0.155093
2875		0.154051
2876		0.15363
2877		0.152469
2878		0.155247
2879		0.155332
2880		0.156173
2881		0.159803
2882		0.162531
2883		0.162789
2884		0.164641
2885		0.164977
2886		0.173681
2887		0.177299
2888		0.179564
2889		0.177828
2890		0.177724
2891		0.180181
2892		0.182512
2893		0.181871
2894		0.184923
2895		0.18201
2896		0.182998
2897		0.182716
2898		0.180073
2899		0.183897
2900		0.18441
2901		0.186073
2902		0.185509
2903		0.182975
2904		0.181914
2905		0.181574
2906		0.182832
2907		0.183789
2908		0.183584
2909		0.183333
2910		0.185251
2911		0.176705
2912		0.176894
2913		0.176443
2914		0.177037
2915		0.177365
2916		0.176944
2917		0.177303
2918		0.17647
2919		0.177373
2920		0.177847
2921		0.179298
2922		0.179603
2923		0.181856
2924		0.179363
2925		0.18218
2926		0.179105
2927		0.180363
2928		0.177959
2929		0.176682
2930		0.180093
2931		0.181011
2932		0.181049
2933		0.183121
2934		0.183198
2935		0.182928
2936		0.171883
2937		0.171667
2938		0.16973
2939		0.171505
2940		0.173449
2941		0.180185
2942		0.182809
2943		0.187944
2944		0.191373
2945		0.195378
2946		0.198615
2947		0.203553
2948		0.208272
2949		0.213422
2950		0.218383
2951		0.221427
2952		0.227809
2953		0.229252
2954		0.232562
2955		0.238183
2956		0.243279
2957		0.247959
2958		0.253789
2959		0.257218
2960		0.260799
2961		0.274047
2962		0.280895
2963		0.284861
2964		0.289109
2965		0.294919
2966		0.29647
2967		0.300691
2968		0.305351
2969		0.308954
2970		0.31375
2971		0.31897
2972		0.3214
2973		0.326169
2974		0.329653
2975		0.333156
2976		0.337326
2977		0.341046
2978		0.344047
2979		0.346161
2980		0.347025
2981		0.348978
2982		0.350359
2983		0.355613
2984		0.354815
2985		0.358036
2986		0.356786
2987		0.35875
2988		0.359877
2989		0.362801
2990		0.365702
2991		0.369958
2992		0.376782
2993		0.381613
2994		0.382473
2995		0.384333
2996		0.390586
2997		0.395648
2998		0.399097
2999		0.400235
3000		0.406096
3001		0.404568
3002		0.408619
3003		0.409846
3004		0.416721
3005		0.418823
3006		0.421806
3007		0.427562
3008		0.431636
3009		0.436887
3010		0.442905
3011		0.44718
3012		0.453681
3013		0.461192
3014		0.457334
3015		0.466296
3016		0.473835
3017		0.477226
3018		0.486906
3019		0.487971
3020		0.490162
3021		0.496246
3022		0.504213
3023		0.512477
3024		0.508287
3025		0.515729
3026		0.515012
3027		0.514475
3028		0.51588
3029		0.523376
3030		0.522245
3031		0.522137
3032		0.522488
3033		0.517589
3034		0.521671
3035		0.522346
3036		0.513492
3037		0.50794
3038		0.505806
3039		0.509757
3040		0.518248
3041		0.515289
3042		0.519225
3043		0.515899
3044		0.521952
3045		0.519776
3046		0.519039
3047		0.517693
3048		0.519441
3049		0.521725
3050		0.520517
3051		0.523075
3052		0.517211
3053		0.520957
3054		0.521208
3055		0.517708
3056		0.516941
3057		0.516852
3058		0.515521
3059		0.51664
3060		0.522184
3061		0.497944
3062		0.497018
3063		0.495181
3064		0.498129
3065		0.506894
3066		0.51488
3067		0.521883
3068		0.527118
3069		0.529479
3070		0.530602
3071		0.531485
3072		0.528723
3073		0.525945
3074		0.525891
3075		0.528873
3076		0.533495
3077		0.53289
3078		0.526987
3079		0.530463
3080		0.535517
3081		0.541871
3082		0.554776
3083		0.555208
3084		0.555413
3085		0.564417
3086		0.559124
3087		0.564186
3088		0.561748
3089		0.562608
3090		0.564834
3091		0.564954
3092		0.565266
3093		0.564217
3094		0.56262
3095		0.567272
3096		0.571397
3097		0.568414
3098		0.570266
3099		0.565621
3100		0.565143
3101		0.566454
3102		0.577037
3103		0.574919
3104		0.575714
3105		0.574487
3106		0.572161
3107		0.573441
3108		0.575058
3109		0.574117
3110		0.575235
3111		0.542072
3112		0.540212
3113		0.5437
3114		0.54468
3115		0.545367
3116		0.54659
3117		0.543349
3118		0.54843
3119		0.552936
3120		0.555706
3121		0.553762
3122		0.555336
3123		0.557377
3124		0.560687
3125		0.565386
3126		0.566026
3127		0.569838
3128		0.570633
3129		0.571782
3130		0.570872
3131		0.574772
3132		0.569911
3133		0.570174
3134		0.56902
3135		0.572612
3136		0.570413
3137		0.574024
3138		0.575251
3139		0.574001
3140		0.576493
3141		0.578542
3142		0.580625
3143		0.579923
3144		0.581474
3145		0.584425
3146		0.587099
3147		0.591975
3148		0.591867
3149		0.591589
3150		0.595123
3151		0.594695
3152		0.593445
3153		0.592743
3154		0.597839
3155		0.599012
3156		0.59826
3157		0.602052
3158		0.601601
3159		0.604163
3160		0.606343
3161		0.569634
3162		0.570887
3163		0.566065
3164		0.562994
3165		0.567338
3166		0.564938
3167		0.563627
3168		0.567527
3169		0.571528
3170		0.573873
3171		0.572878
3172		0.572404
3173		0.570289
3174		0.572045
3175		0.57336
3176		0.574946
3177		0.576767
3178		0.579047
3179		0.585397
3180		0.586196
3181		0.59162
3182		0.597963
3183		0.598738
3184		0.601644
3185		0.600158
3186		0.605189
3187		0.611227
3188		0.612103
3189		0.614487
3190		0.619676
3191		0.617307
3192		0.623677
3193		0.623302
3194		0.623295
3195		0.628326
3196		0.632268
3197		0.632257
3198		0.62799
3199		0.628422
3200		0.629853
3201		0.631578
3202		0.633009
3203		0.63311
3204		0.635478
3205		0.634533
3206		0.637454
3207		0.636439
3208		0.63608
3209		0.638025
3210		0.633985
3211		0.581998
3212		0.582809
3213		0.582461
3214		0.590316
3215		0.589907
3216		0.588484
3217		0.591285
3218		0.589267
3219		0.592693
3220		0.59341
3221		0.594529
3222		0.595532
3223		0.596181
3224		0.599699
3225		0.598179
3226		0.601971
3227		0.60463
3228		0.604811
3229		0.60848
3230		0.608966
3231		0.611875
3232		0.612168
3233		0.612083
3234		0.615023
3235		0.616034
3236		0.601053
3237		0.601902
3238		0.603102
3239		0.601138
3240		0.605471
3241		0.605309
3242		0.60537
3243		0.606871
3244		0.608684
3245		0.608569
3246		0.60637
3247		0.608102
3248		0.60483
3249		0.606505
3250		0.606771
3251		0.581223
3252		0.583596
3253		0.582886
3254		0.584016
3255		0.585887
3256		0.586227
3257		0.5889
3258		0.587207
3259		0.587677
3260		0.591424
3261		0.589433
3262		0.591049
3263		0.592438
3264		0.597793
3265		0.598418
3266		0.600486
3267		0.599348
3268		0.596373
3269		0.59988
3270		0.601308
3271		0.598958
3272		0.600077
3273		0.59985
3274		0.605004
3275		0.606574
3276		0.609147
3277		0.606211
3278		0.608681
3279		0.613943
3280		0.610505
3281		0.612149
3282		0.612577
3283		0.613866
3284		0.613939
3285		0.616443
3286		0.618129
3287		0.618561
3288		0.620918
3289		0.621717
3290		0.619826
3291		0.619938
3292		0.623148
3293		0.622269
3294		0.62463
3295		0.623727
3296		0.622338
3297		0.622133
3298		0.622392
3299		0.624213
3300		0.623569
3301		0.623507
3302		0.623383
3303		0.62436
3304		0.624946
3305		0.625482
3306		0.623654
3307		0.623418
3308		0.625147
3309		0.624691
3310		0.624213
3311		0.577018
3312		0.573843
3313		0.581447
3314		0.58186
3315		0.582022
3316		0.586157
3317		0.587728
3318		0.589657
3319		0.58765
3320		0.58684
3321		0.586578
3322		0.588287
3323		0.589398
3324		0.586246
3325		0.588958
3326		0.595679
3327		0.594464
3328		0.591127
3329		0.590972
3330		0.592257
3331		0.593819
3332		0.594769
3333		0.597824
3334		0.599495
3335		0.600748
3336		0.604232
3337		0.604452
3338		0.602921
3339		0.603951
3340		0.604379
3341		0.602728
3342		0.604055
3343		0.610598
3344		0.608472
3345		0.610081
3346		0.610876
3347		0.610895
3348		0.611208
3349		0.609715
3350		0.615887
3351		0.617388
3352		0.617253
3353		0.617006
3354		0.617955
3355		0.618827
3356		0.617948
3357		0.618071
3358		0.618542
3359		0.61914
3360		0.61951
3361		0.624167
3362		0.622427
3363		0.621223
3364		0.623221
3365		0.623819
3366		0.625486
3367		0.624483
3368		0.623931
3369		0.62294
3370		0.6238
3371		0.626929
3372		0.625135
3373		0.630374
3374		0.627218
3375		0.630347
3376		0.628669
3377		0.629344
3378		0.628287
3379		0.625613
3380		0.626103
3381		0.629672
3382		0.629495
3383		0.629498
3384		0.629016
3385		0.627496
3386		0.587145
3387		0.586412
3388		0.588607
3389		0.591848
3390		0.594541
3391		0.596601
3392		0.59841
3393		0.598187
3394		0.5988
3395		0.596721
3396		0.598241
3397		0.6001
3398		0.601678
3399		0.602967
3400		0.604487
3401		0.605988
3402		0.605
3403		0.607014
3404		0.608113
3405		0.610355
3406		0.611601
3407		0.612739
3408		0.611848
3409		0.611744
3410		0.612569
3411		0.598981
3412		0.598912
3413		0.600513
3414		0.603314
3415		0.599595
3416		0.602187
3417		0.601937
3418		0.603777
3419		0.601316
3420		0.600714
3421		0.597176
3422		0.601914
3423		0.598414
3424		0.601562
3425		0.604518
3426		0.604923
3427		0.601632
3428		0.60598
3429		0.607635
3430		0.605694
3431		0.608117
3432		0.608364
3433		0.609244
3434		0.611412
3435		0.6099
3436		0.607986
3437		0.609236
3438		0.610521
3439		0.610486
3440		0.610282
3441		0.611447
3442		0.60892
3443		0.612488
3444		0.612303
3445		0.610108
3446		0.61152
3447		0.60978
3448		0.61265
3449		0.614877
3450		0.615621
3451		0.616613
3452		0.615583
3453		0.615367
3454		0.62034
3455		0.619599
3456		0.621254
3457		0.621659
3458		0.62299
3459		0.625151
3460		0.621505
3461		0.594344
3462		0.59571
3463		0.597801
3464		0.601053
3465		0.602214
3466		0.601867
3467		0.602897
3468		0.604911
3469		0.601123
3470		0.60559
3471		0.604464
3472		0.606238
3473		0.607866
3474		0.60696
3475		0.607265
3476		0.604279
3477		0.606181
3478		0.607616
3479		0.610652
3480		0.610957
3481		0.616346
3482		0.616103
3483		0.615845
3484		0.619035
3485		0.618673
3486		0.612496
3487		0.61157
3488		0.61262
3489		0.615513
3490		0.614761
3491		0.624333
3492		0.622018
3493		0.628017
3494		0.628032
3495		0.631771
3496		0.62924
3497		0.633241
3498		0.633036
3499		0.634348
3500		0.633904
3501		0.617724
3502		0.619248
3503		0.620637
3504		0.621003
3505		0.62125
3506		0.622226
3507		0.623962
3508		0.623565
3509		0.624529
3510		0.62522
3511		0.565764
3512		0.565073
3513		0.568515
3514		0.565054
3515		0.568924
3516		0.570513
3517		0.57284
3518		0.57674
3519		0.578573
3520		0.57966
3521		0.58081
3522		0.582577
3523		0.583221
3524		0.587315
3525		0.587971
3526		0.590313
3527		0.594267
3528		0.598341
3529		0.598538
3530		0.601219
3531		0.59995
3532		0.602882
3533		0.601412
3534		0.605073
3535		0.6037
3536		0.612893
3537		0.612245
3538		0.611127
3539		0.609861
3540		0.612002
3541		0.612172
3542		0.612083
3543		0.619298
3544		0.618711
3545		0.619907
3546		0.6212
3547		0.623287
3548		0.621019
3549		0.624579
3550		0.626555
3551		0.626582
3552		0.627203
3553		0.626775
3554		0.629383
3555		0.627025
3556		0.627705
3557		0.627863
3558		0.628333
3559		0.627924
3560		0.628137
3561		0.618696
3562		0.619819
3563		0.624564
3564		0.621474
3565		0.624163
3566		0.624514
3567		0.626829
3568		0.625235
3569		0.62777
3570		0.6374
3571		0.637905
3572		0.640841
3573		0.639213
3574		0.641485
3575		0.64539
3576		0.646154
3577		0.649059
3578		0.648858
3579		0.65235
3580		0.650478
3581		0.650922
3582		0.653511
3583		0.65512
3584		0.651825
3585		0.652396
3586		0.651667
3587		0.651393
3588		0.649668
3589		0.649742
3590		0.652832
3591		0.652269
3592		0.652654
3593		0.653002
3594		0.652353
3595		0.6224
3596		0.620918
3597		0.624205
3598		0.627975
3599		0.62892
3600		0.628843
3601		0.628638
3602		0.631759
3603		0.628924
3604		0.62966
3605		0.631763
3606		0.632245
3607		0.633634
3608		0.633615
3609		0.634502
3610		0.633476
3611		0.635945
3612		0.63559
3613		0.636427
3614		0.636636
3615		0.636092
3616		0.632103
3617		0.635073
3618		0.635768
3619		0.638264
3620		0.592728
3621		0.59537
3622		0.601798
3623		0.597832
3624		0.602886
3625		0.605417
3626		0.607407
3627		0.605679
3628		0.607859
3629		0.608472
3630		0.609745
3631		0.613063
3632		0.61436
3633		0.618534
3634		0.618218
3635		0.621578
3636		0.622269
3637		0.63017
3638		0.634028
3639		0.634244
3640		0.636528
3641		0.633661
3642		0.635073
3643		0.637226
3644		0.637052
3645		0.644228
3646		0.641404
3647		0.641763
3648		0.640583
3649		0.641123
3650		0.644325
3651		0.644792
3652		0.650957
3653		0.647296
3654		0.646825
3655		0.647018
3656		0.645949
3657		0.648295
3658		0.649275
3659		0.647573
3660		0.644039
3661		0.646208
3662		0.648588
3663		0.647311
3664		0.646983
3665		0.644549
3666		0.649174
3667		0.647785
3668		0.645521
3669		0.64848
3670		0.615444
3671		0.6161
3672		0.623924
3673		0.620575
3674		0.624186
3675		0.621235
3676		0.620131
3677		0.623565
3678		0.621053
3679		0.623075
3680		0.619595
3681		0.621026
3682		0.628357
3683		0.63061
3684		0.628982
3685		0.632299
3686		0.63314
3687		0.634603
3688		0.630884
3689		0.634884
3690		0.632874
3691		0.636944
3692		0.631516
3693		0.636285
3694		0.634873
3695		0.628885
3696		0.631424
3697		0.632149
3698		0.631254
3699		0.628673
3700		0.623252
3701		0.623846
3702		0.625606
3703		0.628214
3704		0.626292
3705		0.628206
3706		0.629194
3707		0.62936
3708		0.632396
3709		0.634784
3710		0.63875
3711		0.636589
3712		0.637346
3713		0.640918
3714		0.644082
3715		0.643866
3716		0.643495
3717		0.642311
3718		0.643592
3719		0.64338
3720		0.612245
3721		0.614946
3722		0.615162
3723		0.619522
3724		0.620305
3725		0.620478
3726		0.619896
3727		0.619464
3728		0.619306
3729		0.618198
3730		0.619525
3731		0.618272
3732		0.619564
3733		0.620266
3734		0.618993
3735		0.620081
3736		0.620031
3737		0.619201
3738		0.622041
3739		0.623839
3740		0.624294
3741		0.624676
3742		0.622253
3743		0.623349
3744		0.622076
3745		0.61196
3746		0.61174
3747		0.611096
3748		0.613245
3749		0.612415
3750		0.613291
3751		0.600336
3752		0.604672
3753		0.602666
3754		0.603627
3755		0.60667
3756		0.606354
3757		0.60885
3758		0.611879
3759		0.61309
3760		0.614502
3761		0.614062
3762		0.615027
3763		0.61233
3764		0.615282
3765		0.612855
3766		0.618268
3767		0.612407
3768		0.614194
3769		0.613299
3770		0.563557
3771		0.566269
3772		0.572157
3773		0.573002
3774		0.574649
3775		0.575475
3776		0.576339
3777		0.576875
3778		0.576389
3779		0.576651
3780		0.575629
3781		0.577654
3782		0.577967
3783		0.579556
3784		0.57929
3785		0.580039
3786		0.584329
3787		0.586327
3788		0.587596
3789		0.588457
3790		0.59049
3791		0.590401
3792		0.591906
3793		0.593175
3794		0.596073
3795		0.58485
3796		0.585934
3797		0.589815
3798		0.591586
3799		0.591173
3800		0.592666
3801		0.591709
3802		0.593522
3803		0.600243
3804		0.600914
3805		0.601335
3806		0.599479
3807		0.60034
3808		0.602249
3809		0.604985
3810		0.604275
3811		0.606173
3812		0.603075
3813		0.606038
3814		0.606968
3815		0.60902
3816		0.610964
3817		0.613943
3818		0.613962
3819		0.617677
3820		0.625301
3821		0.627346
3822		0.627963
3823		0.626593
3824		0.630887
3825		0.627994
3826		0.634174
3827		0.630262
3828		0.633164
3829		0.636682
3830		0.636046
3831		0.639225
3832		0.642697
3833		0.642434
3834		0.64277
3835		0.644892
3836		0.647068
3837		0.652064
3838		0.649815
3839		0.652404
3840		0.652978
3841		0.654688
3842		0.655347
3843		0.657816
3844		0.658638
3845		0.654834
3846		0.651852
3847		0.653746
3848		0.657623
3849		0.654923
3850		0.65858
3851		0.660185
3852		0.661833
3853		0.662284
3854		0.667527
3855		0.668897
3856		0.672867
3857		0.676242
3858		0.677685
3859		0.675922
3860		0.678094
3861		0.686138
3862		0.689217
3863		0.685814
3864		0.690247
3865		0.688225
3866		0.684711
3867		0.684128
3868		0.681003
3869		0.680351
3870		0.627076
3871		0.62701
3872		0.629379
3873		0.629147
3874		0.630536
3875		0.633083
3876		0.633627
3877		0.630776
3878		0.634178
3879		0.637164
3880		0.637446
3881		0.643275
3882		0.645598
3883		0.643727
3884		0.640779
3885		0.640509
3886		0.641188
3887		0.642612
3888		0.640864
3889		0.644819
3890		0.644703
3891		0.645756
3892		0.647724
3893		0.649483
3894		0.651277
3895		0.6574
3896		0.652797
3897		0.658522
3898		0.656582
3899		0.661833
3900		0.660656
3901		0.661489
3902		0.65985
3903		0.666929
3904		0.665455
3905		0.668947
3906		0.674668
3907		0.672496
3908		0.671713
3909		0.671277
3910		0.673044
3911		0.677164
3912		0.677458
3913		0.676925
3914		0.678997
3915		0.680756
3916		0.679969
3917		0.678981
3918		0.676505
3919		0.67907
3920		0.653688
3921		0.653187
3922		0.651022
3923		0.655166
3924		0.657897
3925		0.656555
3926		0.656134
3927		0.65664
3928		0.658565
3929		0.652662
3930		0.658804
3931		0.660552
3932		0.661366
3933		0.660563
3934		0.660864
3935		0.660027
3936		0.661219
3937		0.658106
3938		0.661474
3939		0.664252
3940		0.665752
3941		0.659954
3942		0.665235
3943		0.665185
3944		0.667103
3945		0.640293
3946		0.642863
3947		0.646632
3948		0.647454
3949		0.650536
3950		0.645961
3951		0.64738
3952		0.643993
3953		0.649433
3954		0.646705
3955		0.650606
3956		0.653816
3957		0.659387
3958		0.65657
3959		0.653252
3960		0.65566
3961		0.655386
3962		0.652164
3963		0.656389
3964		0.659271
3965		0.657284
3966		0.657326
3967		0.662415
3968		0.665205
3969		0.662122
3970		0.668403
3971		0.670019
3972		0.667481
3973		0.669923
3974		0.671998
3975		0.673252
3976		0.673283
3977		0.674252
3978		0.673241
3979		0.674969
3980		0.678885
3981		0.680895
3982		0.684687
3983		0.682072
3984		0.681721
3985		0.681929
3986		0.676802
3987		0.678623
3988		0.669961
3989		0.676624
3990		0.679606
3991		0.687307
3992		0.686196
3993		0.68662
3994		0.686833
3995		0.665868
3996		0.664371
3997		0.664583
3998		0.660008
3999		0.662218
4000		0.661254
4001		0.63723
4002		0.64064
4003		0.642342
4004		0.643137
4005		0.643873
4006		0.656759
4007		0.657535
4008		0.655976
4009		0.660313
4010		0.662855
4011		0.663681
4012		0.66039
4013		0.660594
4014		0.66034
4015		0.662319
4016		0.664367
4017		0.665313
4018		0.664784
4019		0.665583
4020		0.631362
4021		0.631292
4022		0.629757
4023		0.629772
4024		0.63561
4025		0.633947
4026		0.632087
4027		0.637211
4028		0.639491
4029		0.646937
4030		0.646929
4031		0.650143
4032		0.646447
4033		0.644865
4034		0.654441
4035		0.64966
4036		0.648715
4037		0.651092
4038		0.656952
4039		0.667924
4040		0.669252
4041		0.669772
4042		0.66304
4043		0.658569
4044		0.65733
4045		0.611902
4046		0.609286
4047		0.607928
4048		0.614267
4049		0.618862
4050		0.614333
4051		0.617913
4052		0.625968
4053		0.620795
4054		0.619228
4055		0.626458
4056		0.636146
4057		0.636713
4058		0.62799
4059		0.622346
4060		0.630023
4061		0.627855
4062		0.634367
4063		0.636019
4064		0.642508
4065		0.63934
4066		0.642998
4067		0.635324
4068		0.637731
4069		0.633418
4070		0.654518
4071		0.655324
4072		0.657438
4073		0.665918
4074		0.662014
4075		0.659356
4076		0.667901
4077		0.666007
4078		0.662469
4079		0.654873
4080		0.661555
4081		0.659564
4082		0.663067
4083		0.666119
4084		0.665918
4085		0.666416
4086		0.667469
4087		0.669649
4088		0.6725
4089		0.672855
4090		0.672295
4091		0.670911
4092		0.674001
4093		0.672095
4094		0.671103
4095		0.650066
4096		0.652434
4097		0.650042
4098		0.653681
4099		0.655355
4100		0.659252
4101		0.663279
4102		0.657207
4103		0.662403
4104		0.66267
4105		0.658225
4106		0.667519
4107		0.664032
4108		0.665374
4109		0.65434
4110		0.65515
4111		0.659213
4112		0.661238
4113		0.663627
4114		0.666844
4115		0.662029
4116		0.664672
4117		0.6674
4118		0.666327
4119		0.668677
4120		0.67706
4121		0.679641
4122		0.681022
4123		0.677759
4124		0.683457
4125		0.681022
4126		0.681331
4127		0.680174
4128		0.681072
4129		0.679915
4130		0.676455
4131		0.676366
4132		0.679606
4133		0.680594
4134		0.684726
4135		0.684688
4136		0.685968
4137		0.684113
4138		0.677917
4139		0.680077
4140		0.676771
4141		0.679545
4142		0.67762
4143		0.680945
4144		0.678885
4145		0.614032
4146		0.618071
4147		0.616697
4148		0.618171
4149		0.621516
4150		0.6224
4151		0.619313
4152		0.622967
4153		0.631917
4154		0.626651
4155		0.62652
4156		0.631701
4157		0.634074
4158		0.639556
4159		0.647307
4160		0.652867
4161		0.65039
4162		0.657334
4163		0.659097
4164		0.658704
4165		0.65836
4166		0.662593
4167		0.662184
4168		0.663264
4169		0.664518
4170		0.653144
4171		0.657508
4172		0.659514
4173		0.653248
4174		0.655282
4175		0.671431
4176		0.670899
4177		0.667847
4178		0.67184
4179		0.672805
4180		0.675706
4181		0.688025
4182		0.686998
4183		0.69365
4184		0.694317
4185		0.691184
4186		0.688657
4187		0.690293
4188		0.688183
4189		0.691343
4190		0.695421
4191		0.699213
4192		0.704506
4193		0.699155
4194		0.702199
4195		0.691404
4196		0.691142
4197		0.693318
4198		0.694533
4199		0.696848
4200		0.697114
4201		0.706188
4202		0.702295
4203		0.703021
4204		0.702415
4205		0.702025
4206		0.705706
4207		0.709649
4208		0.716883
4209		0.714506
4210		0.718017
4211		0.71973
4212		0.712025
4213		0.715135
4214		0.719093
4215		0.71914
4216		0.717164
4217		0.72015
4218		0.717604
4219		0.718148
4220		0.682292
4221		0.682708
4222		0.677627
4223		0.684387
4224		0.684028
4225		0.674722
4226		0.676061
4227		0.672029
4228		0.676088
4229		0.678719
4230		0.67691
4231		0.67995
4232		0.673939
4233		0.67549
4234		0.683403
4235		0.68963
4236		0.69061
4237		0.692022
4238		0.687654
4239		0.686184
4240		0.649884
4241		0.641223
4242		0.651609
4243		0.637079
4244		0.619514
4245		0.614896
4246		0.619282
4247		0.614907
4248		0.607612
4249		0.600984
4250		0.606211
4251		0.570386
4252		0.574985
4253		0.573692
4254		0.576265
4255		0.552083
4256		0.549834
4257		0.549583
4258		0.548507
4259		0.546157
4260		0.548727
4261		0.546262
4262		0.545019
4263		0.536393
4264		0.541601
4265		0.544398
4266		0.545729
4267		0.553908
4268		0.556894
4269		0.55902
4270		0.55135
4271		0.568588
4272		0.572512
4273		0.580656
4274		0.589313
4275		0.590424
4276		0.593827
4277		0.591975
4278		0.592685
4279		0.591319
4280		0.59223
4281		0.597647
4282		0.60113
4283		0.606628
4284		0.605135
4285		0.609907
4286		0.614001
4287		0.621624
4288		0.627786
4289		0.63424
4290		0.633503
4291		0.638457
4292		0.653607
4293		0.644275
4294		0.642249
4295		0.645216
4296		0.64637
4297		0.650814
4298		0.662056
4299		0.664518
4300		0.672813
4301		0.663461
4302		0.659603
4303		0.653765
4304		0.657488
4305		0.651196
4306		0.654668
4307		0.650957
4308		0.652982
4309		0.655023
4310		0.66088
4311		0.656678
4312		0.663951
4313		0.665748
4314		0.670864
4315		0.667654
4316		0.672404
4317		0.673407
4318		0.659495
4319		0.661724
4320		0.64071
4321		0.643742
4322		0.646759
4323		0.640289
4324		0.636736
4325		0.631763
4326		0.626296
4327		0.633627
4328		0.625
4329		0.623229
4330		0.615143
4331		0.612789
4332		0.615409
4333		0.613499
4334		0.611701
4335		0.613191
4336		0.606485
4337		0.600544
4338		0.59838
4339		0.596759
4340		0.597133
4341		0.604981
4342		0.606609
4343		0.610706
4344		0.616709
4345		0.599078
4346		0.607836
4347		0.612897
4348		0.628237
4349		0.627303
4350		0.629487
4351		0.631883
4352		0.63397
4353		0.630266
4354		0.632103
4355		0.634159
4356		0.630177
4357		0.629402
4358		0.624298
4359		0.621161
4360		0.625081
4361		0.624626
4362		0.625995
4363		0.620957
4364		0.622222
4365		0.62012
4366		0.62179
4367		0.620085
4368		0.614776
4369		0.622712
4370		0.626628
4371		0.624421
4372		0.632288
4373		0.638179
4374		0.634714
4375		0.637442
4376		0.635837
4377		0.629649
4378		0.633002
4379		0.628715
4380		0.628248
4381		0.63184
4382		0.628592
4383		0.626844
4384		0.633495
4385		0.6289
4386		0.633005
4387		0.633873
4388		0.625239
4389		0.624055
4390		0.620285
4391		0.621508
4392		0.619888
4393		0.615544
4394		0.602149
4395		0.601408
4396		0.596497
4397		0.581802
4398		0.576887
4399		0.569132
4400		0.55684
4401		0.557052
4402		0.552901
4403		0.544888
4404		0.542272
4405		0.543302
4406		0.537658
4407		0.533002
4408		0.536246
4409		0.537805
4410		0.535474
4411		0.532103
4412		0.528908
4413		0.524028
4414		0.531389
4415		0.534526
4416		0.527982
4417		0.526705
4418		0.517461
4419		0.518164
4420		0.506659
4421		0.506694
4422		0.504448
4423		0.512975
4424		0.512415
4425		0.510459
4426		0.517187
4427		0.518557
4428		0.521914
4429		0.534414
4430		0.535625
4431		0.54115
4432		0.547924
4433		0.549745
4434		0.551833
4435		0.551489
4436		0.550895
4437		0.551296
4438		0.546015
4439		0.543557
4440		0.546184
4441		0.550239
4442		0.554807
4443		0.550093
4444		0.555008
4445		0.566759
4446		0.572253
4447		0.573873
4448		0.57583
4449		0.572743
4450		0.579009
4451		0.581844
4452		0.589865
4453		0.586123
4454		0.5951
4455		0.596848
4456		0.603492
4457		0.609772
4458		0.616752
4459		0.619819
4460		0.623333
4461		0.623731
4462		0.629082
4463		0.630428
4464		0.629942
4465		0.629626
4466		0.626184
4467		0.622126
4468		0.620922
4469		0.621856
4470		0.594429
4471		0.590058
4472		0.59223
4473		0.594738
4474		0.594803
4475		0.598553
4476		0.587481
4477		0.588198
4478		0.58559
4479		0.585613
4480		0.579957
4481		0.580671
4482		0.574475
4483		0.568704
4484		0.565208
4485		0.562654
4486		0.550872
4487		0.537774
4488		0.530313
4489		0.524579
4490		0.517948
4491		0.517855
4492		0.508488
4493		0.500162
4494		0.493538
4495		0.485625
4496		0.477816
4497		0.479703
4498		0.482627
4499		0.480521
4500		0.479028
4501		0.469657
4502		0.470517
4503		0.473545
4504		0.48375
4505		0.489745
4506		0.490451
4507		0.498264
4508		0.493974
4509		0.495718
4510		0.493519
4511		0.494958
4512		0.491408
4513		0.493337
4514		0.491107
4515		0.489645
4516		0.488515
4517		0.488634
4518		0.48544
4519		0.478646
4520		0.446894
4521		0.455872
4522		0.458291
4523		0.455995
4524		0.459387
4525		0.470953
4526		0.462342
4527		0.469815
4528		0.474109
4529		0.483708
4530		0.500313
4531		0.49446
4532		0.50125
4533		0.492816
4534		0.488688
4535		0.485285
4536		0.483858
4537		0.47343
4538		0.469371
4539		0.474441
4540		0.469718
4541		0.471192
4542		0.476427
4543		0.483472
4544		0.474495
4545		0.460876
4546		0.462106
4547		0.468245
4548		0.470239
4549		0.470069
4550		0.468654
4551		0.461339
4552		0.466003
4553		0.466292
4554		0.47397
4555		0.48287
4556		0.483781
4557		0.484657
4558		0.456439
4559		0.45652
4560		0.452762
4561		0.455359
4562		0.451844
4563		0.446188
4564		0.460428
4565		0.453468
4566		0.454985
4567		0.450787
4568		0.4538
4569		0.454977
4570		0.443407
4571		0.426983
4572		0.435332
4573		0.447863
4574		0.449969
4575		0.456246
4576		0.461177
4577		0.451971
4578		0.459356
4579		0.455378
4580		0.456647
4581		0.45039
4582		0.455583
4583		0.458403
4584		0.464248
4585		0.457018
4586		0.453025
4587		0.452982
4588		0.444062
4589		0.45245
4590		0.456609
4591		0.462411
4592		0.470583
4593		0.480374
4594		0.477079
4595		0.447149
4596		0.45017
4597		0.457187
4598		0.464086
4599		0.451555
4600		0.455864
4601		0.454294
4602		0.454641
4603		0.447515
4604		0.446262
4605		0.45032
4606		0.438364
4607		0.434101
4608		0.43527
4609		0.439329
4610		0.439444
4611		0.434911
4612		0.429279
4613		0.420282
4614		0.41564
4615		0.413503
4616		0.412068
4617		0.413931
4618		0.416076
4619		0.404047
4620		0.38848
4621		0.386582
4622		0.390158
4623		0.389587
4624		0.375938
4625		0.366373
4626		0.3613
4627		0.360667
4628		0.352245
4629		0.348515
4630		0.347477
4631		0.347809
4632		0.348696
4633		0.353981
4634		0.343218
4635		0.340463
4636		0.340413
4637		0.339414
4638		0.339502
4639		0.343661
4640		0.353646
4641		0.355112
4642		0.344892
4643		0.355814
4644		0.353356
4645		0.354321
4646		0.36098
4647		0.365262
4648		0.369063
4649		0.375864
4650		0.375652
4651		0.386265
4652		0.397226
4653		0.393947
4654		0.398881
4655		0.41147
4656		0.408812
4657		0.417253
4658		0.423731
4659		0.419471
4660		0.403947
4661		0.401478
4662		0.401161
4663		0.408407
4664		0.401798
4665		0.40179
4666		0.395301
4667		0.395779
4668		0.399259
4669		0.398777
4670		0.39483
4671		0.393005
4672		0.37657
4673		0.368221
4674		0.369518
4675		0.364028
4676		0.355112
4677		0.353407
4678		0.347589
4679		0.341775
4680		0.335162
4681		0.323326
4682		0.320525
4683		0.320293
4684		0.316219
4685		0.310594
4686		0.307504
4687		0.315918
4688		0.320752
4689		0.323013
4690		0.322566
4691		0.319622
4692		0.319954
4693		0.308248
4694		0.31044
4695		0.296096
4696		0.299367
4697		0.290737
4698		0.293954
4699		0.298881
4700		0.30679
4701		0.302307
4702		0.308843
4703		0.308488
4704		0.303291
4705		0.31544
4706		0.316871
4707		0.321655
4708		0.326154
4709		0.330621
4710		0.33885
4711		0.346466
4712		0.345066
4713		0.349583
4714		0.357199
4715		0.364039
4716		0.364005
4717		0.366655
4718		0.372477
4719		0.373623
4720		0.380251
4721		0.376165
4722		0.363904
4723		0.37044
4724		0.371154
4725		0.372056
4726		0.357276
4727		0.36696
4728		0.365444
4729		0.371836
4730		0.361184
4731		0.355856
4732		0.354819
4733		0.353079
4734		0.350741
4735		0.351003
4736		0.354294
4737		0.356609
4738		0.353781
4739		0.341663
4740		0.344907
4741		0.339514
4742		0.343827
4743		0.340926
4744		0.336728
4745		0.318715
4746		0.319495
4747		0.309761
4748		0.308877
4749		0.308395
4750		0.300008
4751		0.27164
4752		0.27581
4753		0.283272
4754		0.27245
4755		0.269583
4756		0.259221
4757		0.242388
4758		0.234387
4759		0.222959
4760		0.215521
4761		0.210961
4762		0.201948
4763		0.191115
4764		0.187338
4765		0.179985
4766		0.172485
4767		0.166339
4768		0.16348
4769		0.166281
4770		0.15848
4771		0.152542
4772		0.156578
4773		0.162126
4774		0.153931
4775		0.136632
4776		0.136651
4777		0.125444
4778		0.117284
4779		0.115586
4780		0.113885
4781		0.105683
4782		0.103804
4783		0.0936999
4784		0.0857909
4785		0.0831212
4786		0.0714969
4787		0.0708642
4788		0.0664506
4789		0.0590818
4790		0.0541551
4791		0.0496721
4792		0.0457253
4793		0.0391628
4794		0.0378472
4795		0.0327739
4796		0.0286613
4797		0.0285224
4798		0.024321
4799		0.022473
4800		0.0216975
4801		0.0179938
4802		0.0147377
4803		0.013017
4804		0.00962191
4805		0.00934799
4806		0.00904707
4807		0.0086767
4808		0.0101003
4809		0.00913966
4810		0.00864198
4811		0.00878858
4812		0.00929784
4813		0.00952932
4814		0.00915123
4815		0.0103125
4816		0.00993827
4817		0.0106289
4818		0.0093017
4819		0.0100309
4820		0.00986497
4821		0.0099537
4822		0.00745756
4823		0.00816358
4824		0.0079784
4825		0.0096875
4826		0.0100039
4827		0.00985725
4828		0.0101003
4829		0.00998843
4830		0.0106752
4831		0.00930941
4832		0.00922068
4833		0.00817901
4834		0.0125231
4835		0.0142631
4836		0.0156752
4837		0.0167824
4838		0.0154977
4839		0.0164892
4840		0.017473
4841		0.0158449
4842		0.0172608
4843		0.0178627
4844		0.017963
4845		0.0189352
4846		0.0193056
4847		0.018044
4848		0.020571
4849		0.0203472
4850		0.0173958
4851		0.0162693
4852		0.0169483
4853		0.0165201
4854		0.0182832
4855		0.018341
4856		0.0193789
4857		0.0178202
4858		0.0172878
4859		0.0135957
4860		0.0143866
4861		0.0121682
4862		0.0131674
4863		0.0143403
4864		0.0141165
4865		0.0122685
4866		0.0121759
4867		0.0128125
4868		0.0131096
4869		0.01375
4870		0.0142515
4871		0.0140818
4872		0.01326
4873		0.0131674
4874		0.0120795
4875		0.0129437
4876		0.0137616
4877		0.013885
4878		0.0148958
4879		0.0151852
4880		0.0152971
4881		0.0152392
4882		0.0147994
4883		0.0162539
4884		0.0180478
4885		0.0178279
4886		0.0168866
4887		0.0157677
4888		0.0165934
4889		0.0155826
4890		0.0151929
4891		0.0174267
4892		0.0178125
4893		0.0167631
4894		0.0177701
4895		0.0177623
4896		0.018777
4897		0.0177701
4898		0.0203974
4899		0.0196759
4900		0.0203511
4901		0.0219097
4902		0.0224691
4903		0.023885
4904		0.0244985
4905		0.0248495
4906		0.0235648
4907		0.0220833
4908		0.0214545
4909		0.0173071
4910		0.0174267
4911		0.013804
4912		0.00975309
4913		0.0104861
4914		0.01
4915		0.00860725
4916		0.012446
4917		0.0182407
4918		0.0234954
4919		0.0299691
4920		0.0370563
4921		0.0383063
4922		0.0408295
4923		0.0449691
4924		0.0426813
4925		0.0465934
4926		0.0553665
4927		0.0652122
4928		0.0695255
4929		0.0813657
4930		0.0918248
4931		0.0980401
4932		0.102056
4933		0.0987731
4934		0.0942284
4935		0.0965779
4936		0.0992477
4937		0.0994367
4938		0.102473
4939		0.103349
4940		0.105027
4941		0.108113
4942		0.108708
4943		0.106732
4944		0.109198
4945		0.107581
4946		0.110123
4947		0.109842
4948		0.109769
4949		0.107566
4950		0.111902
4951		0.11213
4952		0.110594
4953		0.106524
4954		0.104587
4955		0.100787
4956		0.102558
4957		0.0970293
4958		0.0972145
4959		0.0848302
4960		0.0911613
4961		0.0906829
4962		0.0827392
4963		0.0771566
4964		0.0780363
4965		0.0722492
4966		0.0683449
4967		0.0690239
4968		0.066304
4969		0.0687539
4970		0.0658102
4971		0.0644174
4972		0.0558526
4973		0.0614583
4974		0.0612268
4975		0.0650502
4976		0.0630556
4977		0.0650386
4978		0.0624769
4979		0.0621721
4980		0.056956
4981		0.056223
4982		0.0595949
4983		0.0587886
4984		0.0532099
4985		0.0522415
4986		0.0533565
4987		0.0544599
4988		0.0531289
4989		0.0534452
4990		0.0577199
4991		0.0576852
4992		0.0557523
4993		0.0598302
4994		0.0576235
4995		0.0566589
4996		0.0636613
4997		0.0679707
4998		0.0670139
4999		0.0734684
5000		0.0732639
5001		0.0725
5002		0.0675965
5003		0.0720525
5004		0.0707099
5005		0.0708063
5006		0.0743133
5007		0.0782099
5008		0.0836111
5009		0.0683603
5010		0.0661728
5011		0.0622338
5012		0.0643403
5013		0.058858
5014		0.0568827
5015		0.0500309
5016		0.0424769
5017		0.0391204
5018		0.041929
5019		0.0464197
5020		0.0484722
5021		0.0488966
5022		0.0477276
5023		0.0414776
5024		0.0418519
5025		0.0407292
5026		0.0419985
5027		0.0356944
5028		0.0339043
5029		0.0316782
5030		0.0310031
5031		0.0263002
5032		0.0237384
5033		0.0207716
5034		0.0198727
5035		0.018858
5036		0.018858
5037		0.0194174
5038		0.0193827
5039		0.0193866
5040		0.0188387
5041		0.0185802
5042		0.0174267
5043		0.0180556
5044		0.0257562
5045		0.0255015
5046		0.0325502
5047		0.0371335
5048		0.0418441
5049		0.0498688
5050		0.0613773
5051		0.0694406
5052		0.0826698
5053		0.096821
5054		0.101493
5055		0.115471
5056		0.126219
5057		0.129383
5058		0.143071
5059		0.151728
5060		0.156227
5061		0.170721
5062		0.178337
5063		0.184221
5064		0.196628
5065		0.20588
5066		0.210768
5067		0.225424
5068		0.231165
5069		0.23887
5070		0.248839
5071		0.262245
5072		0.26326
5073		0.268515
5074		0.271956
5075		0.274572
5076		0.285313
5077		0.286975
5078		0.287296
5079		0.298634
5080		0.290235
5081		0.289668
5082		0.27885
5083		0.282068
5084		0.296802
5085		0.294344
5086		0.286215
5087		0.287789
5088		0.28255
5089		0.270644
5090		0.267604
5091		0.26216
5092		0.256184
5093		0.254703
5094		0.254807
5095		0.250224
5096		0.250347
5097		0.244606
5098		0.241686
5099		0.240363
5100		0.234082
5101		0.23015
5102		0.226142
5103		0.21841
5104		0.209583
5105		0.207913
5106		0.201744
5107		0.190764
5108		0.184545
5109		0.1801
5110		0.168488
5111		0.162188
5112		0.150185
5113		0.138792
5114		0.135602
5115		0.124699
5116		0.111439
5117		0.106451
5118		0.0973727
5119		0.0864892
5120		0.0829012
5121		0.0728279
5122		0.0592515
5123		0.0522878
5124		0.0459684
5125		0.0401775
5126		0.0343866
5127		0.0293248
5128		0.0230787
5129		0.0211111
5130		0.0169136
5131		0.0122994
5132		0.0100116
5133		0.00976852
5134		0.00872685
5135		0.00823688
5136		0.00594136
5137		0.00574846
5138		0.0041088
5139		0.00325617
5140		0.00430556
5141		0.00478009
5142		0.00416667
5143		0.00447145
5144		0.0035108
5145		0.00514275
5146		0.00548611
5147		0.00399691
5148		0.00445988
5149		0.00521219
5150		0.00556327
5151		0.00664352
5152		0.00412423
5153		0.00445988
5154		0.00344907
5155		0.00258873
5156		0.00276235
5157		0.00405478
5158		0.0036034
5159		0.00557099
5160		0.00424768
5161		0.004375
5162		0.00425154
5163		0.00419367
5164		0.00503086
5165		0.00521605
5166		0.00515818
5167		0.00408179
5168		0.00420525
5169		0.00403935
5170		0.00369599
5171		0.00344136
5172		0.00158951
5173		0.00151235
5174		0.0034838
5175		0.00541667
5176		0.00583719
5177		0.00481096
5178		0.00542052
5179		0.00542053
5180		0.00439429
5181		0.00521605
5182		0.005
5183		0.00521605
5184		0.0045679
5185		0.00162809
5186		0.00431713
5187		0.00476852
5188		0.0046875
5189		0.00462577
5190		0.00438657
5191		0.00542824
5192		0.0033179
5193		0.00380787
5194		0.00501929
5195		0.00359954
5196		0.00445988
5197		0.00419367
5198		0.00359954
5199		0.00400849
5200		0.00500386
5201		0.0059838
5202		0.00478009
5203		0.00596836
5204		0.00564043
5205		0.00454861
5206		0.00456404
5207		0.00501543
5208		0.00599923
5209		0.00298225
5210		0.00325617
5211		0.00452932
5212		0.00426312
5213		0.00547068
5214		0.00453704
5215		0.0049267
5216		0.00495756
5217		0.00543982
5218		0.00489583
5219		0.00434414
5220		0.00570988
5221		0.00452546
5222		0.00527006
5223		0.0036034
5224		0.00445216
5225		0.00378086
5226		0.00360725
5227		0.00345293
5228		0.00657022
5229		0.00590278
5230		0.00603781
5231		0.00702546
5232		0.00428241
5233		0.00311728
5234		0.00396605
5235		0.00391975
5236		0.00385417
5237		0.00374228
5238		0.00607639
5239		0.00417824
5240		0.0020679
5241		0.00342978
5242		0.00318673
5243		0.00250386
5244		0.00445988
5245		0.0030787
5246		0.00390046
5247		0.00506173
5248		0.00464506
5249		0.00407793
5250		0.0041088
5251		0.0035108
5252		0.00423611
5253		0.00469522
5254		0.0060108
5255		0.00537423
5256		0.00640432
5257		0.0109452
5258		0.0168827
5259		0.0191127
5260		0.0268171
5261		0.0365278
5262		0.0382369
5263		0.0455131
5264		0.0465702
5265		0.0488966
5266		0.0512654
5267		0.0549576
5268		0.0556096
5269		0.057473
5270		0.0587461
5271		0.0609375
5272		0.0605864
5273		0.0601312
5274		0.0634684
5275		0.0640278
5276		0.066115
5277		0.0634298
5278		0.0639583
5279		0.0616088
5280		0.0617631
5281		0.0616204
5282		0.0606906
5283		0.0616165
5284		0.0616512
5285		0.0658102
5286		0.0654167
5287		0.0684529
5288		0.0756327
5289		0.0773341
5290		0.0827276
5291		0.086902
5292		0.0950926
5293		0.100957
5294		0.107704
5295		0.110988
5296		0.116115
5297		0.122022
5298		0.12488
5299		0.123993
5300		0.127249
5301		0.127608
5302		0.13478
5303		0.135463
5304		0.135532
5305		0.135498
5306		0.13549
5307		0.137554
5308		0.135266
5309		0.138773
5310		0.139228
5311		0.137921
5312		0.142014
5313		0.142955
5314		0.141501
5315		0.142168
5316		0.143395
5317		0.139973
5318		0.14044
5319		0.141632
5320		0.144333
5321		0.13358
5322		0.133441
5323		0.135116
5324		0.136019
5325		0.133021
5326		0.13277
5327		0.131983
5328		0.133588
5329		0.134711
5330		0.135737
5331		0.136339
5332		0.134861
5333		0.138796
5334		0.138206
5335		0.138881
5336		0.140108
5337		0.140285
5338		0.144047
5339		0.146057
5340		0.146983
5341		0.151883
5342		0.148661
5343		0.149309
5344		0.15064
5345		0.140394
5346		0.144603
5347		0.153125
5348		0.154649
5349		0.150613
5350		0.152357
5351		0.157407
5352		0.161103
5353		0.166177
5354		0.171566
5355		0.169363
5356		0.176879
5357		0.181501
5358		0.181829
5359		0.187774
5360		0.19625
5361		0.196343
5362		0.201381
5363		0.202755
5364		0.204333
5365		0.203052
5366		0.206775
5367		0.204911
5368		0.205436
5369		0.202758
5370		0.192982
5371		0.194826
5372		0.191057
5373		0.198252
5374		0.201941
5375		0.203746
5376		0.207716
5377		0.209645
5378		0.211377
5379		0.207975
5380		0.205926
5381		0.205224
5382		0.208549
5383		0.206894
5384		0.209884
5385		0.21593
5386		0.221836
5387		0.2287
5388		0.228029
5389		0.234826
5390		0.239217
5391		0.238194
5392		0.24586
5393		0.24593
5394		0.241277
5395		0.247782
5396		0.248515
5397		0.241983
5398		0.24772
5399		0.239205
5400		0.237353
5401		0.234182
5402		0.224904
5403		0.227434
5404		0.224383
5405		0.225621
5406		0.228603
5407		0.229441
5408		0.227712
5409		0.22637
5410		0.223295
5411		0.225725
5412		0.228993
5413		0.229645
5414		0.225995
5415		0.227245
5416		0.233036
5417		0.235193
5418		0.235833
5419		0.240316
5420		0.215961
5421		0.217932
5422		0.21767
5423		0.226748
5424		0.227041
5425		0.233769
5426		0.231381
5427		0.232585
5428		0.239136
5429		0.244483
5430		0.246829
5431		0.252894
5432		0.262766
5433		0.268951
5434		0.277635
5435		0.28402
5436		0.285876
5437		0.291254
5438		0.300193
5439		0.304576
5440		0.313484
5441		0.317392
5442		0.320251
5443		0.331728
5444		0.33637
5445		0.340837
5446		0.345972
5447		0.356968
5448		0.355687
5449		0.357454
5450		0.360702
5451		0.358974
5452		0.357218
5453		0.35527
5454		0.357928
5455		0.360143
5456		0.357616
5457		0.357056
5458		0.358677
5459		0.363121
5460		0.359344
5461		0.362427
5462		0.357373
5463		0.358561
5464		0.354132
5465		0.352334
5466		0.350189
5467		0.344444
5468		0.349838
5469		0.348179
5470		0.370139
5471		0.368573
5472		0.369703
5473		0.366744
5474		0.369155
5475		0.365563
5476		0.36782
5477		0.366763
5478		0.366971
5479		0.374282
5480		0.380633
5481		0.381358
5482		0.391806
5483		0.400343
5484		0.402666
5485		0.411389
5486		0.415872
5487		0.414529
5488		0.420884
5489		0.430096
5490		0.431705
5491		0.433904
5492		0.43917
5493		0.440374
5494		0.442971
5495		0.434167
5496		0.433804
5497		0.432431
5498		0.43679
5499		0.44015
5500		0.440502
5501		0.438218
5502		0.43951
5503		0.442461
5504		0.444753
5505		0.446474
5506		0.447585
5507		0.448449
5508		0.448121
5509		0.449198
5510		0.454082
5511		0.456431
5512		0.457403
5513		0.454622
5514		0.455775
5515		0.455127
5516		0.456312
5517		0.455598
5518		0.456651
5519		0.457411
5520		0.472782
5521		0.473519
5522		0.474954
5523		0.47495
5524		0.477388
5525		0.484572
5526		0.481474
5527		0.485077
5528		0.490498
5529		0.490274
5530		0.496829
5531		0.500039
5532		0.503017
5533		0.508387
5534		0.510494
5535		0.514452
5536		0.521728
5537		0.522164
5538		0.524699
5539		0.527936
5540		0.53284
5541		0.537234
5542		0.537782
5543		0.541744
5544		0.540015
5545		0.53488
5546		0.538661
5547		0.537731
5548		0.538754
5549		0.54115
5550		0.540683
5551		0.540459
5552		0.544792
5553		0.544522
5554		0.549294
5555		0.552928
5556		0.551944
5557		0.555795
5558		0.558777
5559		0.5576
5560		0.556435
5561		0.558507
5562		0.558164
5563		0.56157
5564		0.56919
5565		0.572164
5566		0.572913
5567		0.574363
5568		0.580876
5569		0.582064
5570		0.575536
5571		0.575887
5572		0.578152
5573		0.587041
5574		0.587465
5575		0.591883
5576		0.589977
5577		0.59091
5578		0.593881
5579		0.597388
5580		0.601084
5581		0.602103
5582		0.602265
5583		0.603943
5584		0.605814
5585		0.607546
5586		0.61289
5587		0.612967
5588		0.614992
5589		0.616767
5590		0.613549
5591		0.618449
5592		0.616076
5593		0.617824
5594		0.615158
5595		0.60912
5596		0.61061
5597		0.612392
5598		0.610752
5599		0.60887
5600		0.610914
5601		0.61265
5602		0.614595
5603		0.61228
5604		0.614718
5605		0.617342
5606		0.620849
5607		0.618376
5608		0.623657
5609		0.627311
5610		0.624772
5611		0.625563
5612		0.626651
5613		0.629062
5614		0.627064
5615		0.62559
5616		0.628357
5617		0.63049
5618		0.629383
5619		0.631389
5620		0.630393
5621		0.630814
5622		0.631327
5623		0.630664
5624		0.626921
5625		0.632049
5626		0.63353
5627		0.631813
5628		0.634394
5629		0.635961
5630		0.638681
5631		0.636192
5632		0.637122
5633		0.637346
5634		0.637458
5635		0.636559
5636		0.6362
5637		0.64081
5638		0.641061
5639		0.641215
5640		0.640764
5641		0.641235
5642		0.639344
5643		0.642812
5644		0.64311
5645		0.675231
5646		0.677361
5647		0.676643
5648		0.678345
5649		0.675683
5650		0.673816
5651		0.674452
5652		0.67397
5653		0.672396
5654		0.674414
5655		0.674066
5656		0.674174
5657		0.670961
5658		0.674576
5659		0.671478
5660		0.671319
5661		0.672812
5662		0.67338
5663		0.673426
5664		0.676721
5665		0.676647
5666		0.677631
5667		0.675849
5668		0.677747
5669		0.676447
5670		0.671721
5671		0.66914
5672		0.671914
5673		0.67125
5674		0.675328
5675		0.675964
5676		0.673515
5677		0.67032
5678		0.67162
5679		0.671397
5680		0.674437
5681		0.674421
5682		0.674753
5683		0.674618
5684		0.6761
5685		0.679977
5686		0.676593
5687		0.677878
5688		0.677215
5689		0.676609
5690		0.683592
5691		0.680598
5692		0.678518
5693		0.677319
5694		0.683036
5695		0.670563
5696		0.670783
5697		0.673503
5698		0.669541
5699		0.671709
5700		0.673129
5701		0.674147
5702		0.680829
5703		0.681709
5704		0.68674
5705		0.692319
5706		0.695536
5707		0.694606
5708		0.696532
5709		0.698742
5710		0.699861
5711		0.720143
5712		0.723819
5713		0.725806
5714		0.731169
5715		0.729275
5716		0.732207
5717		0.736674
5718		0.740374
5719		0.739502
5720		0.76657
5721		0.767114
5722		0.7688
5723		0.767469
5724		0.761759
5725		0.767195
5726		0.764977
5727		0.765382
5728		0.769163
5729		0.766385
5730		0.767508
5731		0.770694
5732		0.775035
5733		0.775826
5734		0.774923
5735		0.777064
5736		0.775154
5737		0.778762
