The video is over!
Frame Number 	Queue Density
1		0.0760031
2		0.0786574
3		0.0831867
4		0.0881481
5		0.0926543
6		0.0934877
7		0.10044
8		0.101397
9		0.100899
10		0.101219
11		0.104633
12		0.102106
13		0.104236
14		0.106566
15		0.108248
16		0.109113
17		0.1086
18		0.110147
19		0.111304
20		0.114556
21		0.115131
22		0.117106
23		0.117338
24		0.120451
25		0.122924
26		0.126771
27		0.126535
28		0.128032
29		0.133503
30		0.131852
31		0.132917
32		0.134421
33		0.136613
34		0.13733
35		0.136964
36		0.137087
37		0.138291
38		0.140965
39		0.140745
40		0.138974
41		0.138468
42		0.139992
43		0.137739
44		0.140683
45		0.139066
46		0.139838
47		0.140177
48		0.137716
49		0.14216
50		0.141582
51		0.142797
52		0.145972
53		0.148661
54		0.149977
55		0.152971
56		0.156802
57		0.158202
58		0.16304
59		0.164514
60		0.16294
61		0.168187
62		0.163684
63		0.165841
64		0.164205
65		0.163657
66		0.161813
67		0.16365
68		0.162056
69		0.162195
70		0.162461
71		0.163588
72		0.165775
73		0.1649
74		0.168588
75		0.168974
76		0.171898
77		0.170988
78		0.17174
79		0.174545
80		0.175764
81		0.177133
82		0.178839
83		0.187172
84		0.188781
85		0.19353
86		0.197288
87		0.200351
88		0.206393
89		0.21054
90		0.213221
91		0.220621
92		0.221408
93		0.222813
94		0.222276
95		0.214934
96		0.218245
97		0.221979
98		0.222955
99		0.222091
100		0.22088
101		0.214236
102		0.213434
103		0.21186
104		0.212072
105		0.213183
106		0.211817
107		0.214529
108		0.21662
109		0.216454
110		0.222566
111		0.224252
112		0.228329
113		0.228021
114		0.230957
115		0.232677
116		0.237099
117		0.239302
118		0.241836
119		0.244248
120		0.245428
121		0.247948
122		0.24532
123		0.245112
124		0.247932
125		0.248237
126		0.249225
127		0.249001
128		0.251508
129		0.252141
130		0.254356
131		0.255108
132		0.255305
133		0.256462
134		0.253684
135		0.255791
136		0.257427
137		0.259306
138		0.26174
139		0.261273
140		0.26456
141		0.263333
142		0.263391
143		0.261181
144		0.265058
145		0.254012
146		0.254464
147		0.25733
148		0.255949
149		0.253067
150		0.254622
151		0.254163
152		0.254059
153		0.256127
154		0.255455
155		0.255992
156		0.256952
157		0.252558
158		0.248561
159		0.249541
160		0.247569
161		0.246863
162		0.246952
163		0.248565
164		0.246871
165		0.246987
166		0.244687
167		0.246003
168		0.245679
169		0.241188
170		0.246512
171		0.243333
172		0.242909
173		0.240602
174		0.239653
175		0.240077
176		0.240965
177		0.238951
178		0.238588
179		0.238272
180		0.239444
181		0.237199
182		0.236983
183		0.238067
184		0.237149
185		0.238167
186		0.235691
187		0.236431
188		0.234086
189		0.234495
190		0.235394
191		0.235999
192		0.235914
193		0.236373
194		0.238241
195		0.243873
196		0.245116
197		0.244321
198		0.244383
199		0.243993
200		0.244128
201		0.243912
202		0.241404
203		0.241956
204		0.241991
205		0.242886
206		0.244035
207		0.24341
208		0.241439
209		0.24064
210		0.243356
211		0.241937
212		0.243133
213		0.24098
214		0.241358
215		0.242099
216		0.240127
217		0.23978
218		0.241111
219		0.241671
220		0.233326
221		0.231995
222		0.232843
223		0.233627
224		0.235139
225		0.235853
226		0.234931
227		0.237157
228		0.234803
229		0.233966
230		0.235413
231		0.235135
232		0.236138
233		0.238789
234		0.236829
235		0.237326
236		0.238503
237		0.236651
238		0.237407
239		0.234838
240		0.237461
241		0.232176
242		0.234676
243		0.234082
244		0.23804
245		0.235204
246		0.235521
247		0.235336
248		0.235042
249		0.236871
250		0.236026
251		0.236609
252		0.235691
253		0.233889
254		0.234525
255		0.237353
256		0.235189
257		0.236779
258		0.235536
259		0.235602
260		0.233634
261		0.23311
262		0.232338
263		0.234522
264		0.233951
265		0.232662
266		0.234198
267		0.234336
268		0.23216
269		0.231474
270		0.228862
271		0.227311
272		0.231192
273		0.23218
274		0.233492
275		0.233823
276		0.236987
277		0.237458
278		0.240791
279		0.241902
280		0.243792
281		0.247689
282		0.249857
283		0.251007
284		0.253808
285		0.254595
286		0.256586
287		0.253596
288		0.253773
289		0.252029
290		0.248904
291		0.247716
292		0.2499
293		0.248233
294		0.24723
295		0.240764
296		0.240451
297		0.23799
298		0.237446
299		0.23963
300		0.240278
301		0.238812
302		0.239298
303		0.240069
304		0.235687
305		0.234144
306		0.235085
307		0.234722
308		0.234907
309		0.234151
310		0.235841
311		0.234614
312		0.235509
313		0.235104
314		0.235108
315		0.237647
316		0.237114
317		0.235471
318		0.232238
319		0.231119
320		0.236651
321		0.235579
322		0.237438
323		0.238657
324		0.236952
325		0.23642
326		0.235972
327		0.23662
328		0.23777
329		0.238434
330		0.237554
331		0.236177
332		0.236809
333		0.237427
334		0.235768
335		0.237612
336		0.236547
337		0.237415
338		0.23745
339		0.237654
340		0.23767
341		0.240725
342		0.242461
343		0.244097
344		0.245687
345		0.237207
346		0.239552
347		0.245239
348		0.244792
349		0.244699
350		0.243418
351		0.244205
352		0.242323
353		0.241505
354		0.241829
355		0.241589
356		0.241775
357		0.244248
358		0.243484
359		0.244105
360		0.245471
361		0.244784
362		0.245748
363		0.24527
364		0.244792
365		0.245957
366		0.245934
367		0.243673
368		0.244124
369		0.244109
370		0.242878
371		0.242323
372		0.241188
373		0.24341
374		0.245864
375		0.245664
376		0.244915
377		0.246933
378		0.245285
379		0.242986
380		0.244911
381		0.244298
382		0.247693
383		0.248839
384		0.249614
385		0.251327
386		0.253499
387		0.25549
388		0.256366
389		0.258742
390		0.257531
391		0.257006
392		0.25686
393		0.258603
394		0.26233
395		0.258017
396		0.256327
397		0.259684
398		0.260174
399		0.26044
400		0.260266
401		0.259838
402		0.26098
403		0.264089
404		0.268214
405		0.272203
406		0.277126
407		0.282546
408		0.285502
409		0.291779
410		0.298484
411		0.303306
412		0.308738
413		0.314657
414		0.318831
415		0.322191
416		0.327446
417		0.332311
418		0.336671
419		0.34066
420		0.340274
421		0.348897
422		0.353368
423		0.355224
424		0.363565
425		0.371431
426		0.37061
427		0.377265
428		0.38311
429		0.385737
430		0.390961
431		0.395579
432		0.398418
433		0.403372
434		0.409568
435		0.409788
436		0.410158
437		0.415521
438		0.41777
439		0.421065
440		0.419745
441		0.419792
442		0.422539
443		0.426346
444		0.424437
445		0.416767
446		0.419479
447		0.424965
448		0.425251
449		0.427504
450		0.428353
451		0.429379
452		0.433086
453		0.433866
454		0.43691
455		0.438599
456		0.440984
457		0.442593
458		0.445667
459		0.446269
460		0.447238
461		0.445355
462		0.448098
463		0.448295
464		0.450204
465		0.448804
466		0.448268
467		0.448885
468		0.447025
469		0.450162
470		0.459008
471		0.458426
472		0.4612
473		0.460181
474		0.460193
475		0.462994
476		0.464209
477		0.460185
478		0.461296
479		0.462608
480		0.46311
481		0.464988
482		0.465598
483		0.465937
484		0.46701
485		0.466462
486		0.465147
487		0.464286
488		0.464938
489		0.463337
490		0.465845
491		0.465494
492		0.465201
493		0.465517
494		0.467454
495		0.46662
496		0.465907
497		0.4699
498		0.469618
499		0.475243
500		0.478113
501		0.478465
502		0.481389
503		0.4876
504		0.489414
505		0.493889
506		0.50108
507		0.504205
508		0.50885
509		0.513866
510		0.514514
511		0.517052
512		0.522284
513		0.523094
514		0.523106
515		0.525069
516		0.525177
517		0.524622
518		0.528202
519		0.529221
520		0.536408
521		0.536628
522		0.540459
523		0.541134
524		0.542095
525		0.5413
526		0.542014
527		0.543665
528		0.545926
529		0.54647
530		0.546543
531		0.545991
532		0.547122
533		0.544344
534		0.544707
535		0.543044
536		0.543468
537		0.544174
538		0.542404
539		0.545718
540		0.5476
541		0.543981
542		0.548117
543		0.550093
544		0.552234
545		0.524734
546		0.527832
547		0.528183
548		0.528383
549		0.528773
550		0.527172
551		0.525158
552		0.52738
553		0.52718
554		0.52902
555		0.527137
556		0.52706
557		0.528422
558		0.528032
559		0.523183
560		0.523275
561		0.528846
562		0.527072
563		0.524699
564		0.525629
565		0.523507
566		0.524151
567		0.52522
568		0.521613
569		0.52745
570		0.527685
571		0.53037
572		0.531728
573		0.533989
574		0.536242
575		0.538916
576		0.540941
577		0.541582
578		0.54314
579		0.547037
580		0.551443
581		0.55206
582		0.553596
583		0.555355
584		0.556736
585		0.556782
586		0.556721
587		0.561474
588		0.560532
589		0.561705
590		0.562932
591		0.564309
592		0.56157
593		0.563611
594		0.565193
595		0.552431
596		0.555802
597		0.5536
598		0.55738
599		0.559699
600		0.562793
601		0.562562
602		0.563445
603		0.564927
604		0.565922
605		0.568839
606		0.567469
607		0.571277
608		0.575015
609		0.574784
610		0.574637
611		0.582566
612		0.583816
613		0.586007
614		0.590787
615		0.593966
616		0.593835
617		0.597141
618		0.597504
619		0.601454
620		0.599225
621		0.600644
622		0.604587
623		0.608013
624		0.608453
625		0.610031
626		0.611088
627		0.611435
628		0.610965
629		0.610787
630		0.611373
631		0.612458
632		0.615748
633		0.618522
634		0.61684
635		0.616806
636		0.619159
637		0.617299
638		0.61495
639		0.61456
640		0.61461
641		0.615255
642		0.613723
643		0.616254
644		0.616887
645		0.628584
646		0.62988
647		0.63162
648		0.631883
649		0.633812
650		0.633144
651		0.633723
652		0.632785
653		0.633858
654		0.635073
655		0.637315
656		0.638426
657		0.640424
658		0.641038
659		0.640012
660		0.639745
661		0.640532
662		0.642249
663		0.641975
664		0.642338
665		0.644799
666		0.642353
667		0.643314
668		0.644572
669		0.645289
670		0.624433
671		0.627847
672		0.625721
673		0.629448
674		0.630521
675		0.631968
676		0.630938
677		0.632411
678		0.635505
679		0.632608
680		0.633557
681		0.636709
682		0.636674
683		0.641015
684		0.641061
685		0.640467
686		0.642423
687		0.64098
688		0.640397
689		0.64218
690		0.642955
691		0.642265
692		0.64387
693		0.644471
694		0.644896
695		0.6301
696		0.628958
697		0.63196
698		0.63363
699		0.63348
700		0.632265
701		0.632693
702		0.632751
703		0.634444
704		0.635312
705		0.636011
706		0.636597
707		0.63831
708		0.637886
709		0.639371
710		0.637531
711		0.63833
712		0.639248
713		0.639722
714		0.639309
715		0.640413
716		0.641802
717		0.642708
718		0.643634
719		0.64331
720		0.638526
721		0.637928
722		0.640031
723		0.642396
724		0.643067
725		0.643449
726		0.644965
727		0.644788
728		0.645212
729		0.644761
730		0.645386
731		0.644865
732		0.646046
733		0.644888
734		0.64787
735		0.646744
736		0.647299
737		0.647087
738		0.647099
739		0.646763
740		0.64674
741		0.647257
742		0.650702
743		0.648854
744		0.649448
745		0.626578
746		0.629815
747		0.629761
748		0.633453
749		0.631709
750		0.633943
751		0.617292
752		0.619896
753		0.621933
754		0.623588
755		0.621848
756		0.621292
757		0.626983
758		0.625505
759		0.625505
760		0.626381
761		0.627527
762		0.627473
763		0.62782
764		0.628102
765		0.628356
766		0.628164
767		0.631042
768		0.628897
769		0.628989
770		0.642473
771		0.640201
772		0.641073
773		0.6413
774		0.637913
775		0.643164
776		0.641898
777		0.647801
778		0.648063
779		0.648391
780		0.64733
781		0.647508
782		0.65343
783		0.653488
784		0.65461
785		0.65311
786		0.650756
787		0.653225
788		0.654124
789		0.652967
790		0.656134
791		0.664325
792		0.666921
793		0.668596
794		0.670312
795		0.633426
796		0.630301
797		0.634633
798		0.640197
799		0.641092
800		0.645953
801		0.650652
802		0.651721
803		0.650374
804		0.648025
805		0.652596
806		0.65211
807		0.654221
808		0.657836
809		0.658218
810		0.658179
811		0.658866
812		0.658881
813		0.661103
814		0.662481
815		0.663133
816		0.660957
817		0.665235
818		0.66446
819		0.667531
820		0.657303
821		0.656941
822		0.656466
823		0.658272
824		0.66272
825		0.66022
826		0.661192
827		0.66282
828		0.664568
829		0.664649
830		0.664213
831		0.668272
832		0.668245
833		0.668295
834		0.669765
835		0.671925
836		0.670829
837		0.672936
838		0.673518
839		0.676343
840		0.675525
841		0.677168
842		0.677261
843		0.679163
844		0.679144
845		0.67571
846		0.674402
847		0.674873
848		0.678958
849		0.674811
850		0.679645
851		0.678897
852		0.681289
853		0.677604
854		0.67907
855		0.677222
856		0.68157
857		0.677971
858		0.681809
859		0.682299
860		0.681208
861		0.682839
862		0.682762
863		0.683449
864		0.683495
865		0.685251
866		0.684475
867		0.686022
868		0.685903
869		0.686647
870		0.667091
871		0.666968
872		0.667253
873		0.668017
874		0.670687
875		0.669587
876		0.668457
877		0.668958
878		0.67032
879		0.670957
880		0.657292
881		0.656813
882		0.656215
883		0.656242
884		0.656728
885		0.657909
886		0.658306
887		0.659159
888		0.661485
889		0.662053
890		0.663291
891		0.6626
892		0.66402
893		0.663931
894		0.664113
895		0.664298
896		0.666246
897		0.667909
898		0.667882
899		0.667199
900		0.667145
901		0.667083
902		0.670938
903		0.671852
904		0.67191
905		0.682612
906		0.68213
907		0.683484
908		0.683781
909		0.684985
910		0.683939
911		0.683457
912		0.684089
913		0.684267
914		0.683681
915		0.684375
916		0.682886
917		0.681944
918		0.682133
919		0.679441
920		0.680652
921		0.681879
922		0.6839
923		0.685178
924		0.684174
925		0.684171
926		0.685135
927		0.68657
928		0.688283
929		0.690752
930		0.664703
931		0.664483
932		0.664078
933		0.666941
934		0.66593
935		0.668206
936		0.669101
937		0.673137
938		0.676111
939		0.675255
940		0.678773
941		0.678522
942		0.679306
943		0.682566
944		0.683503
945		0.682936
946		0.682241
947		0.681512
948		0.680193
949		0.682407
950		0.681142
951		0.678168
952		0.680421
953		0.67836
954		0.678623
955		0.675463
956		0.674688
957		0.676983
958		0.674082
959		0.6799
960		0.67669
961		0.676535
962		0.680552
963		0.680945
964		0.678758
965		0.6812
966		0.680937
967		0.682214
968		0.682222
969		0.682261
970		0.683002
971		0.684398
972		0.683326
973		0.684865
974		0.685517
975		0.685428
976		0.68902
977		0.689795
978		0.686941
979		0.6887
980		0.681134
981		0.680718
982		0.682025
983		0.684911
984		0.685702
985		0.68728
986		0.687199
987		0.685374
988		0.682813
989		0.684807
990		0.689259
991		0.68914
992		0.688519
993		0.691767
994		0.694016
995		0.694907
996		0.694603
997		0.695204
998		0.695887
999		0.696065
1000		0.696624
1001		0.673345
1002		0.674016
1003		0.671532
1004		0.673005
1005		0.671748
1006		0.671042
1007		0.672392
1008		0.671941
1009		0.674475
1010		0.675532
1011		0.667361
1012		0.666462
1013		0.667079
1014		0.669059
1015		0.668241
1016		0.669186
1017		0.670718
1018		0.668627
1019		0.669116
1020		0.668893
1021		0.670945
1022		0.671713
1023		0.672272
1024		0.672172
1025		0.672905
1026		0.672041
1027		0.670413
1028		0.672596
1029		0.672045
1030		0.672404
1031		0.672022
1032		0.675031
1033		0.673816
1034		0.67441
1035		0.675201
1036		0.671188
1037		0.668337
1038		0.671914
1039		0.673476
1040		0.675567
1041		0.67613
1042		0.676497
1043		0.676536
1044		0.674946
1045		0.674522
1046		0.676165
1047		0.677747
1048		0.679919
1049		0.681204
1050		0.681505
1051		0.682982
1052		0.682635
1053		0.682141
1054		0.683758
1055		0.682651
1056		0.681995
1057		0.682068
1058		0.681381
1059		0.68191
1060		0.681196
1061		0.675432
1062		0.676038
1063		0.674691
1064		0.673133
1065		0.673754
1066		0.675112
1067		0.675239
1068		0.675945
1069		0.675355
1070		0.674441
1071		0.678117
1072		0.677685
1073		0.678445
1074		0.678607
1075		0.682172
1076		0.681651
1077		0.683137
1078		0.681566
1079		0.683835
1080		0.684537
1081		0.687249
1082		0.687608
1083		0.689221
1084		0.687836
1085		0.68897
1086		0.678252
1087		0.67794
1088		0.677955
1089		0.678607
1090		0.677365
1091		0.678592
1092		0.675934
1093		0.680498
1094		0.676003
1095		0.678488
1096		0.678584
1097		0.679209
1098		0.679182
1099		0.680023
1100		0.678939
1101		0.677604
1102		0.679529
1103		0.677971
1104		0.680143
1105		0.680189
1106		0.678681
1107		0.679564
1108		0.67995
1109		0.680185
1110		0.67963
1111		0.674784
1112		0.673727
1113		0.675421
1114		0.677654
1115		0.678441
1116		0.67718
1117		0.678079
1118		0.677762
1119		0.678009
1120		0.678812
1121		0.679525
1122		0.679819
1123		0.678191
1124		0.679236
1125		0.680278
1126		0.680795
1127		0.680934
1128		0.679448
1129		0.679375
1130		0.683322
1131		0.683106
1132		0.683623
1133		0.682755
1134		0.681505
1135		0.683584
1136		0.667492
1137		0.667569
1138		0.667172
1139		0.667361
1140		0.670505
1141		0.668962
1142		0.669626
1143		0.666516
1144		0.667245
1145		0.66713
1146		0.668673
1147		0.669171
1148		0.672191
1149		0.67365
1150		0.673665
1151		0.674294
1152		0.675895
1153		0.67539
1154		0.675775
1155		0.67174
1156		0.673522
1157		0.674275
1158		0.671863
1159		0.673607
1160		0.676076
1161		0.684325
1162		0.681555
1163		0.682342
1164		0.684456
1165		0.681551
1166		0.680583
1167		0.684105
1168		0.678353
1169		0.680984
1170		0.682284
1171		0.682654
1172		0.686732
1173		0.682658
1174		0.680799
1175		0.682211
1176		0.683183
1177		0.684325
1178		0.685031
1179		0.68414
1180		0.687897
1181		0.687261
1182		0.686238
1183		0.687234
1184		0.689325
1185		0.687346
1186		0.679421
1187		0.680343
1188		0.681404
1189		0.683488
1190		0.681319
1191		0.681273
1192		0.678171
1193		0.680332
1194		0.681667
1195		0.682315
1196		0.68005
1197		0.682917
1198		0.685787
1199		0.686312
1200		0.684934
1201		0.685729
1202		0.68478
1203		0.683769
1204		0.685135
1205		0.685857
1206		0.684379
1207		0.685637
1208		0.684248
1209		0.684479
1210		0.684259
1211		0.677207
1212		0.675158
1213		0.674529
1214		0.674367
1215		0.677091
1216		0.674402
1217		0.676663
1218		0.676709
1219		0.679907
1220		0.679772
1221		0.681887
1222		0.682056
1223		0.68348
1224		0.683812
1225		0.686165
1226		0.684873
1227		0.684961
1228		0.683669
1229		0.685174
1230		0.687288
1231		0.688619
1232		0.686408
1233		0.685806
1234		0.684552
1235		0.68419
1236		0.689919
1237		0.689556
1238		0.689128
1239		0.693333
1240		0.693654
1241		0.693561
1242		0.696246
1243		0.697006
1244		0.697485
1245		0.697631
1246		0.691547
1247		0.693094
1248		0.695972
1249		0.69385
1250		0.694036
1251		0.684973
1252		0.684811
1253		0.685255
1254		0.68235
1255		0.685421
1256		0.686663
1257		0.688908
1258		0.691539
1259		0.691605
1260		0.695112
1261		0.673735
1262		0.677234
1263		0.679491
1264		0.679232
1265		0.679807
1266		0.681281
1267		0.682805
1268		0.678519
1269		0.685259
1270		0.686069
1271		0.687218
1272		0.685397
1273		0.686123
1274		0.689541
1275		0.685941
1276		0.684884
1277		0.686447
1278		0.683908
1279		0.682427
1280		0.680285
1281		0.680845
1282		0.677762
1283		0.678218
1284		0.68054
1285		0.678125
1286		0.684911
1287		0.684406
1288		0.687323
1289		0.686894
1290		0.689822
1291		0.690127
1292		0.691709
1293		0.689687
1294		0.693785
1295		0.690864
1296		0.692654
1297		0.69147
1298		0.690428
1299		0.685421
1300		0.689877
1301		0.687959
1302		0.689522
1303		0.689213
1304		0.690903
1305		0.687948
1306		0.685764
1307		0.686937
1308		0.687126
1309		0.686543
1310		0.686115
1311		0.661632
1312		0.663221
1313		0.662874
1314		0.664178
1315		0.666246
1316		0.662087
1317		0.665359
1318		0.667373
1319		0.668877
1320		0.671759
1321		0.672091
1322		0.674356
1323		0.671725
1324		0.671072
1325		0.669904
1326		0.675556
1327		0.672917
1328		0.674888
1329		0.674545
1330		0.673245
1331		0.675525
1332		0.674715
1333		0.675366
1334		0.674568
1335		0.672677
1336		0.667843
1337		0.670185
1338		0.670814
1339		0.670721
1340		0.668792
1341		0.670949
1342		0.670567
1343		0.668515
1344		0.669255
1345		0.671424
1346		0.670586
1347		0.671852
1348		0.672986
1349		0.672762
1350		0.672975
1351		0.67086
1352		0.673009
1353		0.672681
1354		0.674248
1355		0.67566
1356		0.675382
1357		0.676069
1358		0.674371
1359		0.674444
1360		0.674059
1361		0.663167
1362		0.66365
1363		0.666377
1364		0.669363
1365		0.668947
1366		0.669298
1367		0.668978
1368		0.668985
1369		0.669437
1370		0.671968
1371		0.67039
1372		0.667859
1373		0.669807
1374		0.66755
1375		0.670181
1376		0.669217
1377		0.669333
1378		0.672284
1379		0.671123
1380		0.669599
1381		0.671551
1382		0.672122
1383		0.671593
1384		0.672797
1385		0.671705
1386		0.673746
1387		0.674194
1388		0.676732
1389		0.678032
1390		0.677323
1391		0.681161
1392		0.681134
1393		0.679043
1394		0.679333
1395		0.683627
1396		0.682909
1397		0.683326
1398		0.684028
1399		0.68392
1400		0.683719
1401		0.683449
1402		0.687176
1403		0.686285
1404		0.685737
1405		0.684915
1406		0.68434
1407		0.682284
1408		0.685621
1409		0.685903
1410		0.685066
1411		0.674039
1412		0.673927
1413		0.675883
1414		0.679105
1415		0.676505
1416		0.676007
1417		0.67978
1418		0.680714
1419		0.68032
1420		0.680648
1421		0.681987
1422		0.683152
1423		0.68277
1424		0.683553
1425		0.685918
1426		0.686775
1427		0.689113
1428		0.688241
1429		0.691019
1430		0.692577
1431		0.697658
1432		0.6976
1433		0.699248
1434		0.702434
1435		0.705131
1436		0.706902
1437		0.704171
1438		0.708654
1439		0.708364
1440		0.707909
1441		0.712905
1442		0.712265
1443		0.716709
1444		0.721119
1445		0.720532
1446		0.726061
1447		0.727897
1448		0.727053
1449		0.729799
1450		0.731566
1451		0.735853
1452		0.738661
1453		0.738584
1454		0.741979
1455		0.747292
1456		0.751848
1457		0.753187
1458		0.755625
1459		0.758746
1460		0.75804
1461		0.726694
1462		0.731289
1463		0.731458
1464		0.725999
1465		0.726732
1466		0.725046
1467		0.732793
1468		0.732816
1469		0.732762
1470		0.735988
1471		0.73586
1472		0.739838
1473		0.743241
1474		0.745324
1475		0.742882
1476		0.747072
1477		0.743241
1478		0.750494
1479		0.74973
1480		0.75186
1481		0.755868
1482		0.753546
1483		0.756265
1484		0.760139
1485		0.762573
1486		0.759518
1487		0.760941
1488		0.761281
1489		0.761917
1490		0.761663
1491		0.762257
1492		0.761296
1493		0.761817
1494		0.76245
1495		0.761069
1496		0.759884
1497		0.759498
1498		0.763117
1499		0.757137
1500		0.748762
1501		0.71267
1502		0.714907
1503		0.707662
1504		0.712083
1505		0.718221
1506		0.719275
1507		0.716057
1508		0.720926
1509		0.719074
1510		0.719795
1511		0.727739
1512		0.72326
1513		0.728075
1514		0.727662
1515		0.730783
1516		0.703434
1517		0.693792
1518		0.687813
1519		0.688488
1520		0.683156
1521		0.671836
1522		0.657118
1523		0.658484
1524		0.646439
1525		0.649857
1526		0.650428
1527		0.639414
1528		0.643866
1529		0.642805
1530		0.639267
1531		0.635529
1532		0.632396
1533		0.631794
1534		0.625984
1535		0.632076
1536		0.624757
1537		0.631636
1538		0.633928
1539		0.627789
1540		0.627894
1541		0.632431
1542		0.627936
1543		0.618951
1544		0.624379
1545		0.620965
1546		0.617847
1547		0.623121
1548		0.617855
1549		0.616331
1550		0.6011
1551		0.598009
1552		0.593569
1553		0.594934
1554		0.588075
1555		0.581971
1556		0.587963
1557		0.584398
1558		0.583059
1559		0.579105
1560		0.576944
1561		0.554012
1562		0.557515
1563		0.554537
1564		0.557805
1565		0.558951
1566		0.560702
1567		0.561451
1568		0.561709
1569		0.56365
1570		0.563773
1571		0.564931
1572		0.567778
1573		0.57147
1574		0.575019
1575		0.577604
1576		0.582469
1577		0.585451
1578		0.586921
1579		0.588754
1580		0.588935
1581		0.589969
1582		0.591941
1583		0.592342
1584		0.587662
1585		0.587697
1586		0.571138
1587		0.566088
1588		0.567836
1589		0.577631
1590		0.573642
1591		0.579641
1592		0.576092
1593		0.582238
1594		0.581508
1595		0.588449
1596		0.597396
1597		0.592141
1598		0.594572
1599		0.596246
1600		0.603677
1601		0.606836
1602		0.599537
1603		0.602319
1604		0.603526
1605		0.612326
1606		0.621443
1607		0.619877
1608		0.623534
1609		0.63064
1610		0.62554
1611		0.628827
1612		0.622924
1613		0.621034
1614		0.61586
1615		0.613958
1616		0.616447
1617		0.613773
1618		0.597512
1619		0.597361
1620		0.597234
1621		0.592905
1622		0.596802
1623		0.600471
1624		0.590629
1625		0.591123
1626		0.588484
1627		0.592076
1628		0.591705
1629		0.588908
1630		0.592631
1631		0.593542
1632		0.600498
1633		0.603221
1634		0.608746
1635		0.609344
1636		0.631489
1637		0.63419
1638		0.625648
1639		0.623491
1640		0.622917
1641		0.625285
1642		0.621732
1643		0.617311
1644		0.607596
1645		0.605085
1646		0.609097
1647		0.599136
1648		0.603241
1649		0.601674
1650		0.604321
1651		0.601794
1652		0.604892
1653		0.600764
1654		0.601092
1655		0.597033
1656		0.586813
1657		0.587149
1658		0.583519
1659		0.589707
1660		0.586439
1661		0.580995
1662		0.581046
1663		0.590448
1664		0.601443
1665		0.604244
1666		0.608206
1667		0.612994
1668		0.616308
1669		0.617133
1670		0.620374
1671		0.625363
1672		0.621555
1673		0.622905
1674		0.614352
1675		0.613831
1676		0.607249
1677		0.614475
1678		0.608233
1679		0.609387
1680		0.610748
1681		0.614074
1682		0.619498
1683		0.620259
1684		0.622978
1685		0.629194
1686		0.592334
1687		0.591246
1688		0.59439
1689		0.598152
1690		0.604294
1691		0.612118
1692		0.616161
1693		0.6151
1694		0.614309
1695		0.614599
1696		0.620814
1697		0.621242
1698		0.618461
1699		0.624849
1700		0.631613
1701		0.632461
1702		0.636566
1703		0.639144
1704		0.644306
1705		0.650042
1706		0.652103
1707		0.663333
1708		0.662242
1709		0.663013
1710		0.657824
1711		0.695706
1712		0.698175
1713		0.696362
1714		0.700891
1715		0.695243
1716		0.689433
1717		0.684506
1718		0.678472
1719		0.669996
1720		0.654271
1721		0.655069
1722		0.648908
1723		0.636705
1724		0.633376
1725		0.637662
1726		0.631011
1727		0.627315
1728		0.620193
1729		0.603584
1730		0.604865
1731		0.591134
1732		0.578873
1733		0.583511
1734		0.5649
1735		0.570772
1736		0.511481
1737		0.516593
1738		0.516408
1739		0.510602
1740		0.507137
1741		0.494637
1742		0.492172
1743		0.490648
1744		0.479776
1745		0.48397
1746		0.477708
1747		0.473619
1748		0.468013
1749		0.46027
1750		0.450988
1751		0.434333
1752		0.442793
1753		0.436539
1754		0.436088
1755		0.433769
1756		0.438484
1757		0.437199
1758		0.431821
1759		0.435197
1760		0.437037
1761		0.419317
1762		0.431038
1763		0.429861
1764		0.42843
1765		0.428746
1766		0.429452
1767		0.432758
1768		0.434101
1769		0.431767
1770		0.443202
1771		0.442681
1772		0.446505
1773		0.444163
1774		0.441516
1775		0.440687
1776		0.442697
1777		0.438684
1778		0.433472
1779		0.433426
1780		0.431609
1781		0.435085
1782		0.436671
1783		0.426493
1784		0.427785
1785		0.423291
1786		0.39282
1787		0.398248
1788		0.403318
1789		0.400135
1790		0.393094
1791		0.393295
1792		0.391316
1793		0.388684
1794		0.388056
1795		0.385251
1796		0.380282
1797		0.387508
1798		0.383113
1799		0.386412
1800		0.385598
1801		0.388515
1802		0.384892
1803		0.371987
1804		0.372153
1805		0.371408
1806		0.368781
1807		0.356223
1808		0.353762
1809		0.354205
1810		0.341806
1811		0.327018
1812		0.325058
1813		0.321798
1814		0.31733
1815		0.316501
1816		0.309703
1817		0.30728
1818		0.298414
1819		0.302261
1820		0.302627
1821		0.293345
1822		0.282438
1823		0.28034
1824		0.276061
1825		0.284965
1826		0.280023
1827		0.280914
1828		0.277928
1829		0.282836
1830		0.279259
1831		0.274167
1832		0.269668
1833		0.273611
1834		0.259429
1835		0.259101
1836		0.226671
1837		0.221516
1838		0.224518
1839		0.218449
1840		0.215976
1841		0.207685
1842		0.206227
1843		0.199664
1844		0.196771
1845		0.187855
1846		0.179232
1847		0.178198
1848		0.175301
1849		0.171871
1850		0.164861
1851		0.157674
1852		0.154668
1853		0.155552
1854		0.158584
1855		0.157068
1856		0.153565
1857		0.149317
1858		0.152369
1859		0.152045
1860		0.147921
1861		0.141713
1862		0.142222
1863		0.139178
1864		0.133171
1865		0.129136
1866		0.136782
1867		0.130478
1868		0.130826
1869		0.140247
1870		0.147245
1871		0.147191
1872		0.151806
1873		0.15679
1874		0.15598
1875		0.158241
1876		0.169537
1877		0.179823
1878		0.195779
1879		0.20961
1880		0.215397
1881		0.227292
1882		0.247785
1883		0.251053
1884		0.261084
1885		0.277604
1886		0.255278
1887		0.274846
1888		0.293248
1889		0.299194
1890		0.317674
1891		0.333754
1892		0.339826
1893		0.349483
1894		0.36451
1895		0.3713
1896		0.376779
1897		0.385174
1898		0.395617
1899		0.411508
1900		0.426728
1901		0.434915
1902		0.442816
1903		0.444286
1904		0.447843
1905		0.454012
1906		0.4589
1907		0.463399
1908		0.460444
1909		0.458499
1910		0.464684
1911		0.486231
1912		0.477523
1913		0.478291
1914		0.470232
1915		0.460957
1916		0.454865
1917		0.443808
1918		0.436424
1919		0.430529
1920		0.423495
1921		0.412176
1922		0.405197
1923		0.391107
1924		0.394444
1925		0.387893
1926		0.37826
1927		0.37527
1928		0.375482
1929		0.360382
1930		0.357188
1931		0.352014
1932		0.347218
1933		0.338233
1934		0.33017
1935		0.326979
1936		0.295706
1937		0.294653
1938		0.283881
1939		0.275197
1940		0.271906
1941		0.270783
1942		0.254117
1943		0.252296
1944		0.249826
1945		0.249225
1946		0.249687
1947		0.248997
1948		0.252924
1949		0.249726
1950		0.237894
1951		0.231416
1952		0.222149
1953		0.214356
1954		0.205903
1955		0.199977
1956		0.191536
1957		0.184059
1958		0.171728
1959		0.170667
1960		0.148989
1961		0.134915
1962		0.122982
1963		0.11409
1964		0.109471
1965		0.105849
1966		0.100845
1967		0.0994444
1968		0.0899151
1969		0.0847068
1970		0.0862346
1971		0.0775887
1972		0.0716898
1973		0.0639738
1974		0.0559645
1975		0.0507022
1976		0.0499421
1977		0.0408179
1978		0.0368133
1979		0.0309491
1980		0.0306096
1981		0.0254321
1982		0.0219792
1983		0.021956
1984		0.0200386
1985		0.0212539
1986		0.0244136
1987		0.0233102
1988		0.0241204
1989		0.0233565
1990		0.0238194
1991		0.0256713
1992		0.0261034
1993		0.0264352
1994		0.0258333
1995		0.0262731
1996		0.0254282
1997		0.0246836
1998		0.0240278
1999		0.0258333
2000		0.0296759
2001		0.0388233
2002		0.0520447
2003		0.0610417
2004		0.075108
2005		0.0920293
2006		0.10125
2007		0.116165
2008		0.12831
2009		0.13809
2010		0.157218
2011		0.170467
2012		0.18294
2013		0.20429
2014		0.220648
2015		0.228329
2016		0.249552
2017		0.271535
2018		0.281092
2019		0.304799
2020		0.311339
2021		0.323013
2022		0.334213
2023		0.347014
2024		0.355814
2025		0.359919
2026		0.372134
2027		0.380424
2028		0.381848
2029		0.395378
2030		0.389298
2031		0.3986
2032		0.398962
2033		0.397905
2034		0.402924
2035		0.403083
2036		0.390332
2037		0.380123
2038		0.380305
2039		0.37326
2040		0.359869
2041		0.351169
2042		0.347365
2043		0.334657
2044		0.327685
2045		0.321705
2046		0.314232
2047		0.307311
2048		0.306929
2049		0.304846
2050		0.293704
2051		0.293781
2052		0.285035
2053		0.272269
2054		0.267118
2055		0.254927
2056		0.240042
2057		0.233152
2058		0.227523
2059		0.214093
2060		0.212654
2061		0.206262
2062		0.195822
2063		0.194333
2064		0.188048
2065		0.171779
2066		0.167245
2067		0.158086
2068		0.147951
2069		0.144919
2070		0.135502
2071		0.123086
2072		0.112917
2073		0.104074
2074		0.0913426
2075		0.0880286
2076		0.0822801
2077		0.0737269
2078		0.0673225
2079		0.0659182
2080		0.0610957
2081		0.0571065
2082		0.0523071
2083		0.0461265
2084		0.043804
2085		0.039375
2086		0.0323997
2087		0.0334259
2088		0.0333951
2089		0.0311497
2090		0.0306713
2091		0.0316744
2092		0.0303125
2093		0.0300656
2094		0.0288272
2095		0.0286883
2096		0.0299614
2097		0.0317747
2098		0.0354398
2099		0.0388735
2100		0.046412
2101		0.0540355
2102		0.0541975
2103		0.0645563
2104		0.0741242
2105		0.0752585
2106		0.0863773
2107		0.0958179
2108		0.0996759
2109		0.107492
2110		0.118434
2111		0.118715
2112		0.125216
2113		0.133816
2114		0.141211
2115		0.153079
2116		0.159853
2117		0.167647
2118		0.174769
2119		0.188835
2120		0.193534
2121		0.203981
2122		0.212735
2123		0.217242
2124		0.222307
2125		0.227913
2126		0.235212
2127		0.238059
2128		0.249456
2129		0.246674
2130		0.25615
2131		0.256921
2132		0.253337
2133		0.253353
2134		0.251412
2135		0.245648
2136		0.261771
2137		0.255702
2138		0.260795
2139		0.257454
2140		0.271258
2141		0.263337
2142		0.266748
2143		0.266161
2144		0.270123
2145		0.26657
2146		0.264653
2147		0.262593
2148		0.258198
2149		0.254429
2150		0.258009
2151		0.252157
2152		0.237562
2153		0.237647
2154		0.235042
2155		0.241389
2156		0.244093
2157		0.249352
2158		0.236647
2159		0.235872
2160		0.230775
2161		0.217199
2162		0.219174
2163		0.22314
2164		0.232411
2165		0.229464
2166		0.226474
2167		0.219109
2168		0.21951
2169		0.218391
2170		0.21032
2171		0.208507
2172		0.214826
2173		0.205274
2174		0.201346
2175		0.205332
2176		0.200282
2177		0.196289
2178		0.188086
2179		0.186574
2180		0.185887
2181		0.173812
2182		0.16897
2183		0.165123
2184		0.156127
2185		0.146802
2186		0.134371
2187		0.129861
2188		0.12277
2189		0.122106
2190		0.114715
2191		0.106088
2192		0.103673
2193		0.0930941
2194		0.0904823
2195		0.0849653
2196		0.082909
2197		0.0783951
2198		0.0741975
2199		0.0685648
2200		0.0630208
2201		0.0601929
2202		0.0556018
2203		0.049537
2204		0.0472762
2205		0.0458333
2206		0.0373881
2207		0.0375887
2208		0.0371296
2209		0.0352122
2210		0.0336034
2211		0.0356636
2212		0.0324691
2213		0.0294367
2214		0.0262037
2215		0.0240278
2216		0.0253318
2217		0.018642
2218		0.0192438
2219		0.0158025
2220		0.0149846
2221		0.0158719
2222		0.0175849
2223		0.0153009
2224		0.0187886
2225		0.0192978
2226		0.0178588
2227		0.0193596
2228		0.0189236
2229		0.0185108
2230		0.0151119
2231		0.0188503
2232		0.0202315
2233		0.0193557
2234		0.0177623
2235		0.017473
2236		0.0171682
2237		0.0185417
2238		0.0180324
2239		0.0208179
2240		0.0190586
2241		0.0198225
2242		0.0196836
2243		0.0194059
2244		0.0212963
2245		0.0207176
2246		0.0230093
2247		0.0254321
2248		0.0239853
2249		0.0227083
2250		0.0226273
2251		0.0226235
2252		0.022037
2253		0.0184568
2254		0.021142
2255		0.0244753
2256		0.0272299
2257		0.0243287
2258		0.0263657
2259		0.0271759
2260		0.0243596
2261		0.0292708
2262		0.0294869
2263		0.0296836
2264		0.0290857
2265		0.0315548
2266		0.0381404
2267		0.0433796
2268		0.0497762
2269		0.0660031
2270		0.0696335
2271		0.0745139
2272		0.0827546
2273		0.0854822
2274		0.0896181
2275		0.0880324
2276		0.0922107
2277		0.0901543
2278		0.0921489
2279		0.0940741
2280		0.0928395
2281		0.0927662
2282		0.0943133
2283		0.0954282
2284		0.102037
2285		0.104356
2286		0.104005
2287		0.105502
2288		0.106921
2289		0.109066
2290		0.110571
2291		0.11223
2292		0.109715
2293		0.11061
2294		0.110525
2295		0.108808
2296		0.108966
2297		0.112083
2298		0.109321
2299		0.115571
2300		0.118565
2301		0.12309
2302		0.121331
2303		0.121779
2304		0.11912
2305		0.119398
2306		0.122531
2307		0.122859
2308		0.120505
2309		0.11919
2310		0.127847
2311		0.113449
2312		0.122693
2313		0.126007
2314		0.126111
2315		0.123731
2316		0.118137
2317		0.114282
2318		0.11037
2319		0.105625
2320		0.102635
2321		0.104502
2322		0.100633
2323		0.100926
2324		0.100305
2325		0.0973534
2326		0.0960108
2327		0.0917824
2328		0.0884414
2329		0.0866512
2330		0.0834954
2331		0.0816088
2332		0.0743596
2333		0.0738194
2334		0.0723032
2335		0.0670409
2336		0.0714275
2337		0.0678511
2338		0.0625309
2339		0.0611304
2340		0.0540548
2341		0.0542901
2342		0.0556404
2343		0.0533951
2344		0.05
2345		0.0496489
2346		0.0496991
2347		0.0485262
2348		0.0479398
2349		0.0456944
2350		0.0450617
2351		0.0466589
2352		0.0426196
2353		0.040216
2354		0.0365702
2355		0.0342554
2356		0.0367824
2357		0.0329244
2358		0.0326312
2359		0.0249537
2360		0.0248843
2361		0.0238966
2362		0.0239815
2363		0.0224923
2364		0.0206944
2365		0.020625
2366		0.0242824
2367		0.022284
2368		0.0202238
2369		0.0188272
2370		0.0201235
2371		0.0175617
2372		0.0222145
2373		0.0196914
2374		0.0198765
2375		0.0174691
2376		0.0160031
2377		0.0143441
2378		0.0185995
2379		0.0200694
2380		0.0199306
2381		0.0207639
2382		0.0229167
2383		0.0329012
2384		0.0370833
2385		0.0423997
2386		0.0552932
2387		0.0567593
2388		0.0653086
2389		0.063642
2390		0.063017
2391		0.0601968
2392		0.0567901
2393		0.0550733
2394		0.0531057
2395		0.0531443
2396		0.0501852
2397		0.0459722
2398		0.0411613
2399		0.0376196
2400		0.0360417
2401		0.0334144
2402		0.0368133
2403		0.0370062
2404		0.0441975
2405		0.047392
2406		0.0442515
2407		0.0536188
2408		0.05375
2409		0.0552778
2410		0.052037
2411		0.0465586
2412		0.0485957
2413		0.0480903
2414		0.0485455
2415		0.0540355
2416		0.0484568
2417		0.0490818
2418		0.0478395
2419		0.0444059
2420		0.0447068
2421		0.0430556
2422		0.0405208
2423		0.0343441
2424		0.0283951
2425		0.0240664
2426		0.0234105
2427		0.022446
2428		0.0222454
2429		0.0209877
2430		0.0183719
2431		0.0192207
2432		0.019429
2433		0.0274923
2434		0.0353086
2435		0.0402855
2436		0.0472415
2437		0.0497994
2438		0.0508565
2439		0.0510108
2440		0.0568133
2441		0.0571451
2442		0.0573843
2443		0.0600116
2444		0.0608179
2445		0.0614005
2446		0.062581
2447		0.0629977
2448		0.0661883
2449		0.0649228
2450		0.0660031
2451		0.0645216
2452		0.0676543
2453		0.0678858
2454		0.0686613
2455		0.0728897
2456		0.0731443
2457		0.0726235
2458		0.0750463
2459		0.0773573
2460		0.0786343
2461		0.0816937
2462		0.0828357
2463		0.0844252
2464		0.0854784
2465		0.0852122
2466		0.0816744
2467		0.0759221
2468		0.0738002
2469		0.0681327
2470		0.0645486
2471		0.0609877
2472		0.0554861
2473		0.0515664
2474		0.0475617
2475		0.044321
2476		0.0446026
2477		0.047311
2478		0.0440432
2479		0.042392
2480		0.0418519
2481		0.0388619
2482		0.0369406
2483		0.0371065
2484		0.0343673
2485		0.0331636
2486		0.0337809
2487		0.0335262
2488		0.0330633
2489		0.0354205
2490		0.0339969
2491		0.0345332
2492		0.0360725
2493		0.038071
2494		0.0391204
2495		0.0398765
2496		0.039838
2497		0.0408256
2498		0.0413735
2499		0.0399421
2500		0.0403935
2501		0.0399537
2502		0.0379282
2503		0.0390471
2504		0.0419985
2505		0.0450579
2506		0.0405787
2507		0.0449769
2508		0.049946
2509		0.0565741
2510		0.0593827
2511		0.0662654
2512		0.0757099
2513		0.0787963
2514		0.0828241
2515		0.081412
2516		0.0841242
2517		0.0793981
2518		0.0774691
2519		0.0773225
2520		0.0762963
2521		0.0763387
2522		0.0773187
2523		0.0769059
2524		0.0793326
2525		0.0796759
2526		0.0781674
2527		0.0742747
2528		0.0744367
2529		0.0753086
2530		0.0728742
2531		0.0770833
2532		0.0797184
2533		0.0752469
2534		0.0733526
2535		0.0813194
2536		0.0853935
2537		0.0820679
2538		0.0825232
2539		0.0852932
2540		0.0865741
2541		0.0891397
2542		0.0846373
2543		0.0845525
2544		0.0871836
2545		0.0934877
2546		0.0898225
2547		0.0845525
2548		0.0858141
2549		0.0854128
2550		0.0817747
2551		0.0817477
2552		0.0801196
2553		0.0845872
2554		0.080814
2555		0.0783295
2556		0.07576
2557		0.0726157
2558		0.0718596
2559		0.0750232
2560		0.0755401
2561		0.0639468
2562		0.0548727
2563		0.045841
2564		0.0441589
2565		0.0406944
2566		0.0362346
2567		0.0349228
2568		0.0356906
2569		0.0303202
2570		0.0275617
2571		0.0261497
2572		0.0228781
2573		0.0203665
2574		0.0175772
2575		0.0155401
2576		0.0159259
2577		0.0141281
2578		0.0170216
2579		0.015
2580		0.0172608
2581		0.0194676
2582		0.0166435
2583		0.016412
2584		0.0176389
2585		0.0172068
2586		0.0179167
2587		0.0174537
2588		0.0178549
2589		0.0183951
2590		0.0171991
2591		0.0136265
2592		0.0157562
2593		0.016659
2594		0.0180093
2595		0.019838
2596		0.0166821
2597		0.0166975
2598		0.0180401
2599		0.0189583
2600		0.0168981
2601		0.0159645
2602		0.0170602
2603		0.0181019
2604		0.0181867
2605		0.019267
2606		0.0182253
2607		0.0197299
2608		0.0186883
2609		0.0166049
2610		0.0166049
2611		0.0185957
2612		0.0181096
2613		0.0184298
2614		0.0158642
2615		0.0202508
2616		0.0211227
2617		0.0186111
2618		0.0208025
2619		0.0185957
2620		0.0189815
2621		0.0201466
2622		0.0202392
2623		0.0185957
2624		0.0201389
2625		0.0279784
2626		0.0334722
2627		0.0416512
2628		0.0443981
2629		0.0536574
2630		0.0560494
2631		0.0547608
2632		0.0589545
2633		0.0598881
2634		0.0602778
2635		0.0624846
2636		0.0605556
2637		0.0675424
2638		0.073993
2639		0.0784491
2640		0.0839352
2641		0.0907562
2642		0.092963
2643		0.10054
2644		0.102361
2645		0.105131
2646		0.112353
2647		0.116312
2648		0.124055
2649		0.12652
2650		0.133974
2651		0.131763
2652		0.137076
2653		0.137238
2654		0.141512
2655		0.142523
2656		0.146335
2657		0.148951
2658		0.151655
2659		0.154333
2660		0.157654
2661		0.149348
2662		0.158654
2663		0.16088
2664		0.157488
2665		0.16706
2666		0.160135
2667		0.154333
2668		0.162454
2669		0.165112
2670		0.165274
2671		0.167292
2672		0.16262
2673		0.165718
2674		0.163241
2675		0.167346
2676		0.167921
2677		0.171011
2678		0.166532
2679		0.162724
2680		0.167396
2681		0.164919
2682		0.149132
2683		0.146192
2684		0.149599
2685		0.142685
2686		0.109834
2687		0.11032
2688		0.111092
2689		0.113434
2690		0.111242
2691		0.11554
2692		0.112238
2693		0.10973
2694		0.106728
2695		0.0990278
2696		0.0968326
2697		0.0848225
2698		0.0779668
2699		0.0705671
2700		0.0647454
2701		0.0657716
2702		0.0664043
2703		0.0629244
2704		0.0633025
2705		0.0639738
2706		0.0687577
2707		0.0714892
2708		0.0694213
2709		0.0660802
2710		0.0611883
2711		0.0579861
2712		0.0556404
2713		0.0535031
2714		0.0543094
2715		0.0570679
2716		0.05875
2717		0.0568518
2718		0.0568133
2719		0.0586844
2720		0.0590779
2721		0.0598148
2722		0.0581867
2723		0.0594213
2724		0.058534
2725		0.0592901
2726		0.0600617
2727		0.0624768
2728		0.0677778
2729		0.0704437
2730		0.0755748
2731		0.0827045
2732		0.0859529
2733		0.089946
2734		0.0915857
2735		0.0968249
2736		0.0978202
2737		0.101485
2738		0.098017
2739		0.100008
2740		0.103881
2741		0.104838
2742		0.105355
2743		0.107269
2744		0.107643
2745		0.107423
2746		0.10787
2747		0.109819
2748		0.110671
2749		0.113789
2750		0.116119
2751		0.113619
2752		0.113935
2753		0.114151
2754		0.11716
2755		0.118075
2756		0.120139
2757		0.122886
2758		0.124132
2759		0.120725
2760		0.124036
2761		0.126755
2762		0.126524
2763		0.127365
2764		0.126046
2765		0.127056
2766		0.131235
2767		0.1338
2768		0.132114
2769		0.135027
2770		0.136875
2771		0.135355
2772		0.13512
2773		0.139776
2774		0.141775
2775		0.145297
2776		0.14679
2777		0.148025
2778		0.149205
2779		0.1489
2780		0.148904
2781		0.149043
2782		0.150984
2783		0.15115
2784		0.14951
2785		0.147801
2786		0.140081
2787		0.142087
2788		0.143461
2789		0.143291
2790		0.141821
2791		0.139938
2792		0.139113
2793		0.140015
2794		0.140486
2795		0.139275
2796		0.138704
2797		0.141636
2798		0.138306
2799		0.141817
2800		0.144024
2801		0.145332
2802		0.145563
2803		0.145069
2804		0.144954
2805		0.146269
2806		0.147851
2807		0.147905
2808		0.149788
2809		0.148808
2810		0.14995
2811		0.147203
2812		0.145756
2813		0.146208
2814		0.149298
2815		0.147975
2816		0.149761
2817		0.146902
2818		0.148719
2819		0.150694
2820		0.150297
2821		0.151188
2822		0.148314
2823		0.150451
2824		0.149225
2825		0.152639
2826		0.15037
2827		0.150895
2828		0.150918
2829		0.150525
2830		0.149136
2831		0.150486
2832		0.151373
2833		0.149028
2834		0.151427
2835		0.152886
2836		0.152338
2837		0.15088
2838		0.150887
2839		0.15152
2840		0.153341
2841		0.155903
2842		0.153449
2843		0.154236
2844		0.153657
2845		0.153403
2846		0.156759
2847		0.156698
2848		0.157894
2849		0.158333
2850		0.161744
2851		0.167392
2852		0.168102
2853		0.170486
2854		0.169846
2855		0.169815
2856		0.168133
2857		0.167126
2858		0.16537
2859		0.164228
2860		0.161605
2861		0.154468
2862		0.154394
2863		0.152296
2864		0.153063
2865		0.155822
2866		0.156065
2867		0.153989
2868		0.154066
2869		0.152454
2870		0.153974
2871		0.154221
2872		0.152824
2873		0.153789
2874		0.154738
2875		0.152184
2876		0.152168
2877		0.152299
2878		0.155193
2879		0.153966
2880		0.155046
2881		0.158966
2882		0.164421
2883		0.163765
2884		0.166852
2885		0.167407
2886		0.174414
2887		0.179066
2888		0.177137
2889		0.177515
2890		0.177616
2891		0.182423
2892		0.182222
2893		0.182022
2894		0.182496
2895		0.181335
2896		0.180845
2897		0.181698
2898		0.179776
2899		0.180355
2900		0.180656
2901		0.18414
2902		0.18483
2903		0.18213
2904		0.18441
2905		0.181404
2906		0.182288
2907		0.183272
2908		0.182369
2909		0.181968
2910		0.185386
2911		0.176358
2912		0.174568
2913		0.176458
2914		0.176366
2915		0.175667
2916		0.175718
2917		0.176983
2918		0.177188
2919		0.176385
2920		0.177616
2921		0.178345
2922		0.177176
2923		0.181447
2924		0.181674
2925		0.182257
2926		0.182886
2927		0.178912
2928		0.181424
2929		0.17826
2930		0.178746
2931		0.180201
2932		0.180718
2933		0.180548
2934		0.18414
2935		0.183812
2936		0.171157
2937		0.172504
2938		0.172404
2939		0.172612
2940		0.174622
2941		0.179699
2942		0.181366
2943		0.184784
2944		0.19189
2945		0.192716
2946		0.197485
2947		0.20255
2948		0.208133
2949		0.214186
2950		0.220351
2951		0.221941
2952		0.226586
2953		0.228781
2954		0.232072
2955		0.238453
2956		0.24321
2957		0.246485
2958		0.252311
2959		0.256439
2960		0.260779
2961		0.273245
2962		0.279016
2963		0.284394
2964		0.289383
2965		0.295004
2966		0.296617
2967		0.301053
2968		0.306007
2969		0.30814
2970		0.313939
2971		0.318225
2972		0.320837
2973		0.325791
2974		0.329039
2975		0.331755
2976		0.335459
2977		0.341038
2978		0.344259
2979		0.344144
2980		0.344028
2981		0.347604
2982		0.34934
2983		0.354579
2984		0.354545
2985		0.358395
2986		0.356285
2987		0.356763
2988		0.359159
2989		0.36289
2990		0.364001
2991		0.369606
2992		0.375382
2993		0.380999
2994		0.382276
2995		0.384356
2996		0.389371
2997		0.394225
2998		0.399263
2999		0.40012
3000		0.405004
3001		0.403495
3002		0.407404
3003		0.408985
3004		0.414464
3005		0.419217
3006		0.422442
3007		0.427797
3008		0.429985
3009		0.437569
3010		0.442195
3011		0.446937
3012		0.45515
3013		0.461281
3014		0.459703
3015		0.466238
3016		0.473835
3017		0.478715
3018		0.487793
3019		0.488191
3020		0.490363
3021		0.495783
3022		0.505069
3023		0.514151
3024		0.510355
3025		0.518241
3026		0.517855
3027		0.515729
3028		0.517064
3029		0.524363
3030		0.523283
3031		0.523094
3032		0.522654
3033		0.517222
3034		0.52064
3035		0.522323
3036		0.513357
3037		0.507438
3038		0.506026
3039		0.509352
3040		0.518025
3041		0.514317
3042		0.519823
3043		0.515644
3044		0.521258
3045		0.519634
3046		0.51973
3047		0.518503
3048		0.519819
3049		0.521898
3050		0.519059
3051		0.523549
3052		0.517809
3053		0.521906
3054		0.520474
3055		0.51816
3056		0.51647
3057		0.516586
3058		0.517103
3059		0.517504
3060		0.523395
3061		0.5012
3062		0.498383
3063		0.49549
3064		0.499402
3065		0.507963
3066		0.514892
3067		0.522523
3068		0.528187
3069		0.531366
3070		0.53223
3071		0.530093
3072		0.526836
3073		0.524803
3074		0.525482
3075		0.527816
3076		0.533588
3077		0.531061
3078		0.526215
3079		0.530602
3080		0.535243
3081		0.542766
3082		0.553603
3083		0.557157
3084		0.557103
3085		0.566092
3086		0.559171
3087		0.563137
3088		0.560235
3089		0.562612
3090		0.565127
3091		0.564105
3092		0.566127
3093		0.563472
3094		0.563399
3095		0.567824
3096		0.57223
3097		0.571007
3098		0.571505
3099		0.565876
3100		0.566597
3101		0.568889
3102		0.575899
3103		0.576651
3104		0.577222
3105		0.5737
3106		0.574259
3107		0.575752
3108		0.57615
3109		0.575637
3110		0.577581
3111		0.544147
3112		0.542577
3113		0.54613
3114		0.547932
3115		0.548407
3116		0.549483
3117		0.546582
3118		0.551574
3119		0.555108
3120		0.556408
3121		0.554271
3122		0.555995
3123		0.558692
3124		0.562716
3125		0.567832
3126		0.567481
3127		0.570413
3128		0.570768
3129		0.572593
3130		0.573071
3131		0.576362
3132		0.569757
3133		0.571069
3134		0.572481
3135		0.575282
3136		0.572612
3137		0.575586
3138		0.578225
3139		0.575258
3140		0.578835
3141		0.58152
3142		0.583711
3143		0.583071
3144		0.584819
3145		0.586343
3146		0.589051
3147		0.59365
3148		0.594934
3149		0.593935
3150		0.597346
3151		0.597311
3152		0.596543
3153		0.595046
3154		0.599448
3155		0.598032
3156		0.598665
3157		0.602342
3158		0.601721
3159		0.603206
3160		0.606339
3161		0.569414
3162		0.570698
3163		0.567176
3164		0.562485
3165		0.56892
3166		0.565185
3167		0.565255
3168		0.570698
3169		0.57358
3170		0.574815
3171		0.57436
3172		0.573947
3173		0.574309
3174		0.574958
3175		0.575606
3176		0.576292
3177		0.578364
3178		0.580363
3179		0.587265
3180		0.587982
3181		0.593206
3182		0.5987
3183		0.60059
3184		0.602863
3185		0.601462
3186		0.606725
3187		0.61299
3188		0.614259
3189		0.615567
3190		0.619093
3191		0.618495
3192		0.624128
3193		0.624977
3194		0.625598
3195		0.629606
3196		0.633241
3197		0.632195
3198		0.629074
3199		0.62924
3200		0.630505
3201		0.632427
3202		0.632315
3203		0.634772
3204		0.637307
3205		0.635556
3206		0.637199
3207		0.637226
3208		0.63473
3209		0.637377
3210		0.635683
3211		0.583083
3212		0.584024
3213		0.584491
3214		0.591968
3215		0.591346
3216		0.588951
3217		0.591651
3218		0.589861
3219		0.595201
3220		0.594965
3221		0.596694
3222		0.595741
3223		0.597704
3224		0.6012
3225		0.59934
3226		0.604236
3227		0.605552
3228		0.605266
3229		0.609417
3230		0.609421
3231		0.612843
3232		0.61348
3233		0.61527
3234		0.61674
3235		0.617928
3236		0.603696
3237		0.603669
3238		0.605251
3239		0.602959
3240		0.608025
3241		0.607249
3242		0.607932
3243		0.608272
3244		0.608893
3245		0.609502
3246		0.608272
3247		0.608939
3248		0.606319
3249		0.607635
3250		0.609317
3251		0.584317
3252		0.585995
3253		0.585448
3254		0.587157
3255		0.586694
3256		0.5886
3257		0.590166
3258		0.587755
3259		0.589734
3260		0.592828
3261		0.591397
3262		0.59152
3263		0.594417
3264		0.600698
3265		0.601238
3266		0.601979
3267		0.601377
3268		0.598835
3269		0.60189
3270		0.603106
3271		0.60287
3272		0.601389
3273		0.60142
3274		0.6063
3275		0.607296
3276		0.610393
3277		0.608565
3278		0.610201
3279		0.61488
3280		0.612751
3281		0.613445
3282		0.614556
3283		0.615436
3284		0.615313
3285		0.61728
3286		0.620359
3287		0.619591
3288		0.621582
3289		0.622778
3290		0.622716
3291		0.622917
3292		0.624626
3293		0.624919
3294		0.626995
3295		0.625459
3296		0.624842
3297		0.624996
3298		0.625826
3299		0.626273
3300		0.626088
3301		0.626235
3302		0.626061
3303		0.62532
3304		0.62716
3305		0.626609
3306		0.623607
3307		0.624846
3308		0.627199
3309		0.625394
3310		0.626937
3311		0.578611
3312		0.576836
3313		0.583731
3314		0.583665
3315		0.584915
3316		0.588094
3317		0.589275
3318		0.591285
3319		0.588025
3320		0.586794
3321		0.587319
3322		0.589857
3323		0.590613
3324		0.588997
3325		0.592045
3326		0.597724
3327		0.594811
3328		0.59211
3329		0.592446
3330		0.594279
3331		0.596011
3332		0.597045
3333		0.598518
3334		0.600714
3335		0.601929
3336		0.604842
3337		0.606474
3338		0.603827
3339		0.60591
3340		0.605652
3341		0.604171
3342		0.605833
3343		0.611632
3344		0.610945
3345		0.611929
3346		0.611902
3347		0.61294
3348		0.613333
3349		0.611497
3350		0.617627
3351		0.618931
3352		0.619784
3353		0.618673
3354		0.619769
3355		0.62034
3356		0.61887
3357		0.6189
3358		0.61988
3359		0.620714
3360		0.621609
3361		0.626574
3362		0.624333
3363		0.62348
3364		0.62478
3365		0.626103
3366		0.627176
3367		0.626705
3368		0.625367
3369		0.623611
3370		0.626404
3371		0.629174
3372		0.627847
3373		0.632681
3374		0.62912
3375		0.631651
3376		0.630961
3377		0.630648
3378		0.627577
3379		0.624599
3380		0.624896
3381		0.628893
3382		0.628341
3383		0.628117
3384		0.627755
3385		0.6288
3386		0.590444
3387		0.587542
3388		0.590536
3389		0.5926
3390		0.597596
3391		0.600081
3392		0.601184
3393		0.601535
3394		0.601319
3395		0.599433
3396		0.600953
3397		0.603465
3398		0.6039
3399		0.607006
3400		0.607635
3401		0.608117
3402		0.60711
3403		0.609263
3404		0.610035
3405		0.613044
3406		0.614035
3407		0.615243
3408		0.614645
3409		0.612458
3410		0.61282
3411		0.600019
3412		0.598623
3413		0.60037
3414		0.604529
3415		0.60032
3416		0.601262
3417		0.600764
3418		0.603642
3419		0.601559
3420		0.600802
3421		0.597685
3422		0.604147
3423		0.601146
3424		0.603086
3425		0.605513
3426		0.607222
3427		0.60414
3428		0.607843
3429		0.608059
3430		0.606717
3431		0.608939
3432		0.609159
3433		0.610486
3434		0.610856
3435		0.610949
3436		0.608156
3437		0.610521
3438		0.610691
3439		0.611316
3440		0.609236
3441		0.611914
3442		0.610174
3443		0.613599
3444		0.612836
3445		0.61289
3446		0.613843
3447		0.612886
3448		0.614252
3449		0.614579
3450		0.615112
3451		0.618912
3452		0.61669
3453		0.617774
3454		0.620424
3455		0.618318
3456		0.620818
3457		0.621559
3458		0.622955
3459		0.624082
3460		0.621335
3461		0.59566
3462		0.597261
3463		0.599495
3464		0.602627
3465		0.603013
3466		0.602805
3467		0.60314
3468		0.606736
3469		0.604826
3470		0.608164
3471		0.608083
3472		0.60811
3473		0.610478
3474		0.608812
3475		0.612029
3476		0.607751
3477		0.609684
3478		0.610259
3479		0.612828
3480		0.615108
3481		0.621038
3482		0.618519
3483		0.619228
3484		0.620316
3485		0.620247
3486		0.613962
3487		0.613252
3488		0.614267
3489		0.61657
3490		0.617407
3491		0.625401
3492		0.624468
3493		0.62968
3494		0.631022
3495		0.633623
3496		0.631154
3497		0.633449
3498		0.634263
3499		0.636026
3500		0.636127
3501		0.619132
3502		0.620737
3503		0.622176
3504		0.622095
3505		0.623407
3506		0.624444
3507		0.625625
3508		0.624988
3509		0.625752
3510		0.626196
3511		0.567951
3512		0.568056
3513		0.570725
3514		0.566308
3515		0.571493
3516		0.57343
3517		0.574857
3518		0.5789
3519		0.579645
3520		0.581316
3521		0.58218
3522		0.58387
3523		0.585154
3524		0.588029
3525		0.589128
3526		0.592029
3527		0.595216
3528		0.599606
3529		0.600529
3530		0.603044
3531		0.602176
3532		0.605355
3533		0.604093
3534		0.606578
3535		0.606161
3536		0.614055
3537		0.613719
3538		0.613387
3539		0.61169
3540		0.613785
3541		0.61417
3542		0.613395
3543		0.620698
3544		0.620355
3545		0.621003
3546		0.622419
3547		0.623974
3548		0.622724
3549		0.625042
3550		0.626956
3551		0.625984
3552		0.627951
3553		0.628017
3554		0.629795
3555		0.627789
3556		0.629749
3557		0.628569
3558		0.629124
3559		0.629186
3560		0.629525
3561		0.620355
3562		0.620972
3563		0.624626
3564		0.621856
3565		0.625694
3566		0.6275
3567		0.62821
3568		0.626354
3569		0.627967
3570		0.637396
3571		0.638495
3572		0.642141
3573		0.64034
3574		0.644282
3575		0.647207
3576		0.647234
3577		0.650378
3578		0.649348
3579		0.653391
3580		0.65125
3581		0.651794
3582		0.654738
3583		0.656269
3584		0.65265
3585		0.654417
3586		0.653862
3587		0.65211
3588		0.651242
3589		0.651177
3590		0.65505
3591		0.654336
3592		0.653711
3593		0.654437
3594		0.653885
3595		0.624444
3596		0.62267
3597		0.626763
3598		0.629938
3599		0.630328
3600		0.630583
3601		0.630216
3602		0.632951
3603		0.629699
3604		0.630822
3605		0.632654
3606		0.632677
3607		0.634062
3608		0.634722
3609		0.634873
3610		0.634078
3611		0.636119
3612		0.636343
3613		0.63591
3614		0.637454
3615		0.637438
3616		0.634437
3617		0.635559
3618		0.637029
3619		0.638885
3620		0.593515
3621		0.596435
3622		0.602411
3623		0.59929
3624		0.603916
3625		0.608164
3626		0.608715
3627		0.608916
3628		0.610062
3629		0.609927
3630		0.612843
3631		0.615359
3632		0.615999
3633		0.617955
3634		0.618167
3635		0.62338
3636		0.625895
3637		0.630471
3638		0.635394
3639		0.635081
3640		0.638268
3641		0.635085
3642		0.635343
3643		0.639205
3644		0.639819
3645		0.646265
3646		0.644618
3647		0.64566
3648		0.643935
3649		0.642816
3650		0.645556
3651		0.646759
3652		0.652488
3653		0.64816
3654		0.648167
3655		0.648484
3656		0.648129
3657		0.650374
3658		0.650266
3659		0.649063
3660		0.645718
3661		0.648665
3662		0.648916
3663		0.648005
3664		0.648912
3665		0.646181
3666		0.649834
3667		0.64838
3668		0.647053
3669		0.649383
3670		0.617064
3671		0.617894
3672		0.624915
3673		0.62262
3674		0.626042
3675		0.622153
3676		0.62309
3677		0.625243
3678		0.62108
3679		0.625652
3680		0.618704
3681		0.622238
3682		0.628515
3683		0.631782
3684		0.630451
3685		0.633005
3686		0.63348
3687		0.635378
3688		0.632052
3689		0.63576
3690		0.634726
3691		0.63625
3692		0.631752
3693		0.63711
3694		0.636289
3695		0.631389
3696		0.633044
3697		0.634483
3698		0.633762
3699		0.631331
3700		0.62662
3701		0.627272
3702		0.626987
3703		0.629973
3704		0.628245
3705		0.630339
3706		0.631188
3707		0.631721
3708		0.633839
3709		0.636281
3710		0.640787
3711		0.638592
3712		0.638727
3713		0.64289
3714		0.645448
3715		0.645463
3716		0.645459
3717		0.645123
3718		0.646512
3719		0.645455
3720		0.615204
3721		0.617288
3722		0.618302
3723		0.621968
3724		0.623164
3725		0.622218
3726		0.622384
3727		0.621906
3728		0.621443
3729		0.619996
3730		0.621393
3731		0.62032
3732		0.621586
3733		0.622731
3734		0.620702
3735		0.62245
3736		0.621937
3737		0.621578
3738		0.624549
3739		0.626601
3740		0.625737
3741		0.624414
3742		0.622905
3743		0.62353
3744		0.623086
3745		0.61397
3746		0.614109
3747		0.614394
3748		0.616663
3749		0.613603
3750		0.615444
3751		0.601208
3752		0.603816
3753		0.602589
3754		0.603507
3755		0.606539
3756		0.606485
3757		0.610309
3758		0.61179
3759		0.613457
3760		0.616597
3761		0.616018
3762		0.616381
3763		0.613954
3764		0.618646
3765		0.615899
3766		0.620405
3767		0.615764
3768		0.617118
3769		0.615995
3770		0.565332
3771		0.568106
3772		0.572847
3773		0.572824
3774		0.574761
3775		0.575714
3776		0.576582
3777		0.577454
3778		0.57718
3779		0.57858
3780		0.576713
3781		0.57875
3782		0.579649
3783		0.581188
3784		0.581231
3785		0.58326
3786		0.584591
3787		0.587122
3788		0.589063
3789		0.58936
3790		0.591007
3791		0.59015
3792		0.592647
3793		0.593723
3794		0.596632
3795		0.585297
3796		0.585945
3797		0.591038
3798		0.592674
3799		0.59184
3800		0.591937
3801		0.59289
3802		0.594066
3803		0.600957
3804		0.601713
3805		0.601474
3806		0.600351
3807		0.600864
3808		0.603067
3809		0.606632
3810		0.604992
3811		0.606852
3812		0.603129
3813		0.60593
3814		0.607697
3815		0.609147
3816		0.611613
3817		0.614688
3818		0.61566
3819		0.618075
3820		0.624691
3821		0.626995
3822		0.628009
3823		0.627187
3824		0.63032
3825		0.627091
3826		0.634973
3827		0.630259
3828		0.633846
3829		0.636887
3830		0.635899
3831		0.639294
3832		0.642839
3833		0.643538
3834		0.643353
3835		0.645231
3836		0.646991
3837		0.652708
3838		0.649722
3839		0.651146
3840		0.653067
3841		0.655494
3842		0.655073
3843		0.657083
3844		0.658727
3845		0.65505
3846		0.651674
3847		0.654726
3848		0.65816
3849		0.657901
3850		0.659375
3851		0.661813
3852		0.662654
3853		0.662994
3854		0.667886
3855		0.668607
3856		0.673985
3857		0.676798
3858		0.679672
3859		0.678218
3860		0.680397
3861		0.687334
3862		0.690282
3863		0.685521
3864		0.690096
3865		0.689703
3866		0.685633
3867		0.685729
3868		0.681883
3869		0.681624
3870		0.628684
3871		0.62716
3872		0.629479
3873		0.629116
3874		0.630559
3875		0.633654
3876		0.633576
3877		0.631995
3878		0.63515
3879		0.637689
3880		0.637338
3881		0.643592
3882		0.647041
3883		0.644151
3884		0.641806
3885		0.643843
3886		0.643989
3887		0.64554
3888		0.643542
3889		0.646524
3890		0.646474
3891		0.646732
3892		0.648565
3893		0.650864
3894		0.651728
3895		0.657928
3896		0.653225
3897		0.659244
3898		0.659124
3899		0.663221
3900		0.662068
3901		0.662758
3902		0.661655
3903		0.667766
3904		0.666651
3905		0.670069
3906		0.676069
3907		0.674371
3908		0.672882
3909		0.672461
3910		0.67309
3911		0.676466
3912		0.678029
3913		0.677612
3914		0.678349
3915		0.679988
3916		0.680008
3917		0.678781
3918		0.67571
3919		0.678102
3920		0.653434
3921		0.652361
3922		0.650694
3923		0.657033
3924		0.65821
3925		0.657269
3926		0.656177
3927		0.657589
3928		0.659626
3929		0.654047
3930		0.658426
3931		0.660228
3932		0.66147
3933		0.662326
3934		0.661809
3935		0.661111
3936		0.661713
3937		0.659012
3938		0.662454
3939		0.663727
3940		0.665864
3941		0.661512
3942		0.666671
3943		0.666219
3944		0.668495
3945		0.641393
3946		0.645166
3947		0.646628
3948		0.648534
3949		0.649607
3950		0.646312
3951		0.64794
3952		0.64515
3953		0.649452
3954		0.647739
3955		0.65174
3956		0.654985
3957		0.661759
3958		0.658021
3959		0.654761
3960		0.655008
3961		0.654792
3962		0.652623
3963		0.656671
3964		0.66
3965		0.658943
3966		0.65593
3967		0.661165
3968		0.665779
3969		0.66331
3970		0.668819
3971		0.671161
3972		0.670413
3973		0.670108
3974		0.672716
3975		0.673819
3976		0.674637
3977		0.675814
3978		0.67407
3979		0.675336
3980		0.681192
3981		0.683912
3982		0.685262
3983		0.684668
3984		0.683573
3985		0.685077
3986		0.678395
3987		0.679691
3988		0.675328
3989		0.680312
3990		0.682268
3991		0.688789
3992		0.688827
3993		0.688411
3994		0.688175
3995		0.666771
3996		0.665741
3997		0.665166
3998		0.661863
3999		0.662365
4000		0.660177
4001		0.638063
4002		0.640625
4003		0.64353
4004		0.642986
4005		0.644236
4006		0.656952
4007		0.65848
4008		0.657512
4009		0.661254
4010		0.663677
4011		0.663796
4012		0.662789
4013		0.662882
4014		0.663557
4015		0.665355
4016		0.666806
4017		0.667604
4018		0.665779
4019		0.666755
4020		0.632438
4021		0.631393
4022		0.630926
4023		0.630451
4024		0.636759
4025		0.63576
4026		0.632836
4027		0.637643
4028		0.639668
4029		0.647052
4030		0.646435
4031		0.651011
4032		0.646921
4033		0.64608
4034		0.654857
4035		0.651775
4036		0.648376
4037		0.651146
4038		0.656397
4039		0.668194
4040		0.66978
4041		0.670802
4042		0.66446
4043		0.660721
4044		0.660096
4045		0.613989
4046		0.6112
4047		0.610799
4048		0.616034
4049		0.621346
4050		0.615625
4051		0.619796
4052		0.626524
4053		0.622103
4054		0.620745
4055		0.627824
4056		0.638495
4057		0.638476
4058		0.628206
4059		0.623395
4060		0.631327
4061		0.628858
4062		0.63539
4063		0.637014
4064		0.642604
4065		0.640432
4066		0.64539
4067		0.636628
4068		0.63973
4069		0.635911
4070		0.657245
4071		0.657242
4072		0.659209
4073		0.667994
4074		0.664838
4075		0.662153
4076		0.670548
4077		0.668839
4078		0.66571
4079		0.657211
4080		0.663187
4081		0.662762
4082		0.665046
4083		0.66941
4084		0.670324
4085		0.669973
4086		0.67042
4087		0.671813
4088		0.674051
4089		0.67478
4090		0.673777
4091		0.673962
4092		0.677153
4093		0.675332
4094		0.675957
4095		0.652897
4096		0.655637
4097		0.653032
4098		0.655328
4099		0.658399
4100		0.661416
4101		0.666589
4102		0.660093
4103		0.663356
4104		0.664468
4105		0.66054
4106		0.668422
4107		0.666161
4108		0.666566
4109		0.656308
4110		0.657153
4111		0.661003
4112		0.663939
4113		0.666142
4114		0.669942
4115		0.665116
4116		0.667585
4117		0.669498
4118		0.668071
4119		0.670903
4120		0.67988
4121		0.681609
4122		0.682427
4123		0.679965
4124		0.684664
4125		0.683175
4126		0.683137
4127		0.682485
4128		0.682813
4129		0.681894
4130		0.680282
4131		0.679047
4132		0.681142
4133		0.68233
4134		0.687905
4135		0.688225
4136		0.688742
4137		0.686736
4138		0.68081
4139		0.68333
4140		0.678792
4141		0.682539
4142		0.68049
4143		0.683183
4144		0.681381
4145		0.61686
4146		0.620073
4147		0.618017
4148		0.619514
4149		0.623735
4150		0.623889
4151		0.624263
4152		0.625386
4153		0.633881
4154		0.629726
4155		0.629757
4156		0.635305
4157		0.637296
4158		0.642674
4159		0.650054
4160		0.654008
4161		0.652079
4162		0.657168
4163		0.661227
4164		0.659279
4165		0.660401
4166		0.665733
4167		0.66527
4168		0.666157
4169		0.668148
4170		0.656439
4171		0.659784
4172		0.662828
4173		0.655529
4174		0.658329
4175		0.674568
4176		0.673738
4177		0.669664
4178		0.676397
4179		0.67696
4180		0.679931
4181		0.690876
4182		0.689765
4183		0.695197
4184		0.696856
4185		0.692816
4186		0.690475
4187		0.692211
4188		0.6913
4189		0.694197
4190		0.69735
4191		0.701613
4192		0.706833
4193		0.701458
4194		0.70657
4195		0.696019
4196		0.69407
4197		0.698009
4198		0.698237
4199		0.701767
4200		0.700652
4201		0.709564
4202		0.706292
4203		0.706397
4204		0.706219
4205		0.705185
4206		0.709711
4207		0.712558
4208		0.71939
4209		0.717554
4210		0.721192
4211		0.722249
4212		0.715725
4213		0.718924
4214		0.720768
4215		0.72086
4216		0.719742
4217		0.7225
4218		0.719911
4219		0.720459
4220		0.684552
4221		0.686231
4222		0.681424
4223		0.687774
4224		0.688202
4225		0.677882
4226		0.679487
4227		0.675027
4228		0.679919
4229		0.682477
4230		0.679954
4231		0.6826
4232		0.676485
4233		0.678414
4234		0.686427
4235		0.691914
4236		0.692137
4237		0.693306
4238		0.688492
4239		0.687458
4240		0.650046
4241		0.640864
4242		0.651346
4243		0.637373
4244		0.617921
4245		0.614074
4246		0.61897
4247		0.615856
4248		0.608453
4249		0.601956
4250		0.607033
4251		0.571323
4252		0.57424
4253		0.572901
4254		0.575694
4255		0.552963
4256		0.551933
4257		0.550428
4258		0.55012
4259		0.547465
4260		0.547589
4261		0.546485
4262		0.544973
4263		0.535922
4264		0.540343
4265		0.543719
4266		0.543376
4267		0.552573
4268		0.555991
4269		0.559958
4270		0.550301
4271		0.568245
4272		0.572346
4273		0.580042
4274		0.589873
4275		0.589221
4276		0.593125
4277		0.592681
4278		0.594792
4279		0.592542
4280		0.593152
4281		0.599626
4282		0.603951
4283		0.607276
4284		0.60539
4285		0.61061
4286		0.614113
4287		0.62113
4288		0.627369
4289		0.635031
4290		0.63402
4291		0.639398
4292		0.653391
4293		0.645162
4294		0.641833
4295		0.647222
4296		0.648275
4297		0.652893
4298		0.663279
4299		0.664911
4300		0.675791
4301		0.666551
4302		0.661528
4303		0.653272
4304		0.656188
4305		0.651173
4306		0.656115
4307		0.651694
4308		0.653561
4309		0.656401
4310		0.661964
4311		0.658164
4312		0.664587
4313		0.668584
4314		0.672037
4315		0.66875
4316		0.674093
4317		0.6736
4318		0.6589
4319		0.661512
4320		0.640826
4321		0.642797
4322		0.647346
4323		0.641269
4324		0.637998
4325		0.632542
4326		0.627133
4327		0.63321
4328		0.625841
4329		0.623634
4330		0.615193
4331		0.611821
4332		0.615123
4333		0.614321
4334		0.6111
4335		0.610841
4336		0.605394
4337		0.599228
4338		0.598264
4339		0.597245
4340		0.59659
4341		0.605343
4342		0.608422
4343		0.610841
4344		0.616489
4345		0.599684
4346		0.605876
4347		0.61125
4348		0.627126
4349		0.62718
4350		0.62912
4351		0.63137
4352		0.633966
4353		0.629178
4354		0.633372
4355		0.635139
4356		0.630513
4357		0.628333
4358		0.625259
4359		0.623233
4360		0.625158
4361		0.625282
4362		0.6287
4363		0.622762
4364		0.624522
4365		0.621748
4366		0.624603
4367		0.621566
4368		0.616651
4369		0.623927
4370		0.627407
4371		0.626204
4372		0.635201
4373		0.63968
4374		0.636235
4375		0.63907
4376		0.636605
4377		0.632087
4378		0.634209
4379		0.628711
4380		0.628333
4381		0.631643
4382		0.628785
4383		0.626088
4384		0.632357
4385		0.627921
4386		0.631647
4387		0.634325
4388		0.626177
4389		0.622299
4390		0.620934
4391		0.623877
4392		0.621057
4393		0.617218
4394		0.604062
4395		0.603588
4396		0.598418
4397		0.583927
4398		0.577751
4399		0.570166
4400		0.554321
4401		0.553661
4402		0.551246
4403		0.541605
4404		0.540536
4405		0.542346
4406		0.537411
4407		0.532404
4408		0.534302
4409		0.535293
4410		0.532508
4411		0.53174
4412		0.524977
4413		0.522978
4414		0.528422
4415		0.53228
4416		0.52789
4417		0.526474
4418		0.518183
4419		0.51794
4420		0.506682
4421		0.506169
4422		0.504587
4423		0.514005
4424		0.513437
4425		0.510872
4426		0.517654
4427		0.518908
4428		0.522338
4429		0.533279
4430		0.535837
4431		0.540725
4432		0.546547
4433		0.549911
4434		0.551948
4435		0.550679
4436		0.549402
4437		0.55088
4438		0.544016
4439		0.542828
4440		0.545571
4441		0.548117
4442		0.553059
4443		0.549715
4444		0.552577
4445		0.566107
4446		0.57066
4447		0.572504
4448		0.573492
4449		0.570378
4450		0.576146
4451		0.581154
4452		0.588785
4453		0.58696
4454		0.596273
4455		0.597114
4456		0.604155
4457		0.609244
4458		0.617091
4459		0.619174
4460		0.624371
4461		0.624576
4462		0.627944
4463		0.630093
4464		0.631555
4465		0.630012
4466		0.627218
4467		0.623642
4468		0.621462
4469		0.623121
4470		0.592894
4471		0.590652
4472		0.59326
4473		0.594113
4474		0.595259
4475		0.59848
4476		0.586073
4477		0.587295
4478		0.585174
4479		0.584171
4480		0.579718
4481		0.57912
4482		0.573939
4483		0.568079
4484		0.563472
4485		0.561771
4486		0.550652
4487		0.540343
4488		0.530204
4489		0.526362
4490		0.518252
4491		0.517924
4492		0.505802
4493		0.498935
4494		0.490154
4495		0.48534
4496		0.477542
4497		0.480729
4498		0.481204
4499		0.480147
4500		0.478403
4501		0.468735
4502		0.469039
4503		0.473507
4504		0.482542
4505		0.487492
4506		0.489684
4507		0.495625
4508		0.493661
4509		0.494429
4510		0.493962
4511		0.493488
4512		0.489961
4513		0.493565
4514		0.489171
4515		0.490089
4516		0.489954
4517		0.490552
4518		0.485351
4519		0.479352
4520		0.447404
4521		0.458688
4522		0.459599
4523		0.458576
4524		0.459591
4525		0.471412
4526		0.462778
4527		0.469236
4528		0.473237
4529		0.484869
4530		0.502157
4531		0.497596
4532		0.501863
4533		0.494225
4534		0.48814
4535		0.485602
4536		0.483029
4537		0.473214
4538		0.471204
4539		0.476524
4540		0.472141
4541		0.474599
4542		0.477909
4543		0.483831
4544		0.474336
4545		0.462319
4546		0.462577
4547		0.468804
4548		0.470911
4549		0.469738
4550		0.469441
4551		0.462566
4552		0.465328
4553		0.466944
4554		0.474159
4555		0.485239
4556		0.483438
4557		0.485502
4558		0.456273
4559		0.455448
4560		0.450776
4561		0.452492
4562		0.450185
4563		0.444969
4564		0.459661
4565		0.453843
4566		0.452083
4567		0.451184
4568		0.452485
4569		0.454815
4570		0.443804
4571		0.426296
4572		0.435231
4573		0.446725
4574		0.451408
4575		0.457461
4576		0.463221
4577		0.454282
4578		0.459857
4579		0.455995
4580		0.457986
4581		0.451454
4582		0.457072
4583		0.460131
4584		0.462647
4585		0.455324
4586		0.453947
4587		0.453202
4588		0.445768
4589		0.45206
4590		0.455864
4591		0.462666
4592		0.469502
4593		0.478835
4594		0.47777
4595		0.447272
4596		0.449475
4597		0.457014
4598		0.462593
4599		0.451524
4600		0.456007
4601		0.453457
4602		0.451937
4603		0.445988
4604		0.445559
4605		0.450285
4606		0.438329
4607		0.432284
4608		0.436157
4609		0.4389
4610		0.43919
4611		0.435367
4612		0.427164
4613		0.41765
4614		0.415617
4615		0.413646
4616		0.411007
4617		0.412083
4618		0.413322
4619		0.401806
4620		0.387041
4621		0.385208
4622		0.388214
4623		0.387346
4624		0.375602
4625		0.365189
4626		0.361026
4627		0.361138
4628		0.353519
4629		0.34662
4630		0.346968
4631		0.346478
4632		0.345289
4633		0.351628
4634		0.343596
4635		0.340262
4636		0.340976
4637		0.33571
4638		0.339155
4639		0.343927
4640		0.354784
4641		0.355193
4642		0.34407
4643		0.355035
4644		0.351524
4645		0.353758
4646		0.360637
4647		0.365675
4648		0.36914
4649		0.375282
4650		0.374552
4651		0.386265
4652		0.396617
4653		0.394969
4654		0.399456
4655		0.410505
4656		0.411003
4657		0.417527
4658		0.423248
4659		0.419772
4660		0.404171
4661		0.401821
4662		0.401968
4663		0.408484
4664		0.402751
4665		0.403557
4666		0.397056
4667		0.398121
4668		0.399834
4669		0.397407
4670		0.39392
4671		0.393395
4672		0.377446
4673		0.370471
4674		0.370768
4675		0.365216
4676		0.356713
4677		0.35515
4678		0.350309
4679		0.344877
4680		0.337485
4681		0.324942
4682		0.321277
4683		0.322292
4684		0.316802
4685		0.314024
4686		0.307076
4687		0.317218
4688		0.321836
4689		0.321435
4690		0.32086
4691		0.318245
4692		0.319128
4693		0.308445
4694		0.309039
4695		0.295914
4696		0.295189
4697		0.289097
4698		0.294703
4699		0.299005
4700		0.306377
4701		0.30044
4702		0.30765
4703		0.306578
4704		0.301285
4705		0.314414
4706		0.318461
4707		0.320795
4708		0.324784
4709		0.328387
4710		0.337986
4711		0.345104
4712		0.344529
4713		0.346624
4714		0.353711
4715		0.362076
4716		0.362079
4717		0.365293
4718		0.371821
4719		0.374132
4720		0.379819
4721		0.374267
4722		0.363214
4723		0.36978
4724		0.371373
4725		0.372319
4726		0.357701
4727		0.366539
4728		0.365914
4729		0.36941
4730		0.359147
4731		0.354248
4732		0.352342
4733		0.348627
4734		0.349579
4735		0.348364
4736		0.350965
4737		0.352515
4738		0.349329
4739		0.341165
4740		0.344606
4741		0.338492
4742		0.340999
4743		0.340899
4744		0.335324
4745		0.318742
4746		0.317242
4747		0.311235
4748		0.309016
4749		0.308457
4750		0.301161
4751		0.271794
4752		0.277145
4753		0.284429
4754		0.272434
4755		0.269333
4756		0.258677
4757		0.241821
4758		0.236667
4759		0.223862
4760		0.216277
4761		0.212191
4762		0.201566
4763		0.191034
4764		0.188052
4765		0.180432
4766		0.171227
4767		0.166246
4768		0.165444
4769		0.1663
4770		0.160972
4771		0.15137
4772		0.153399
4773		0.15902
4774		0.149769
4775		0.135656
4776		0.134275
4777		0.125208
4778		0.117041
4779		0.115498
4780		0.113268
4781		0.104757
4782		0.105521
4783		0.0961998
4784		0.0873148
4785		0.0829437
4786		0.0754552
4787		0.0727392
4788		0.0678742
4789		0.0594059
4790		0.0560455
4791		0.0503588
4792		0.0458333
4793		0.036115
4794		0.0360031
4795		0.0315702
4796		0.0291049
4797		0.0264776
4798		0.0233025
4799		0.0217361
4800		0.0206366
4801		0.0161883
4802		0.0136883
4803		0.0126389
4804		0.00940586
4805		0.00733025
4806		0.00785494
4807		0.00972222
4808		0.0104475
4809		0.00801698
4810		0.00809414
4811		0.00897377
4812		0.0101852
4813		0.00935957
4814		0.00847222
4815		0.00965278
4816		0.0108951
4817		0.0100231
4818		0.00861111
4819		0.00963735
4820		0.00841049
4821		0.00746142
4822		0.0097338
4823		0.00932099
4824		0.00920139
4825		0.00757716
4826		0.00824074
4827		0.00982253
4828		0.0100309
4829		0.00985725
4830		0.00780093
4831		0.00981867
4832		0.00865355
4833		0.00856481
4834		0.0167361
4835		0.0155478
4836		0.0168519
4837		0.0166049
4838		0.0144985
4839		0.0158488
4840		0.0152546
4841		0.0161574
4842		0.0165316
4843		0.0150772
4844		0.016304
4845		0.0154861
4846		0.0165972
4847		0.018152
4848		0.0174846
4849		0.0169715
4850		0.0166628
4851		0.0159105
4852		0.0165586
4853		0.0160918
4854		0.0171721
4855		0.0168441
4856		0.0181404
4857		0.0178511
4858		0.0175116
4859		0.0129707
4860		0.0168673
4861		0.0146219
4862		0.014159
4863		0.0144676
4864		0.0141319
4865		0.0134799
4866		0.0136265
4867		0.0126852
4868		0.0138117
4869		0.0122685
4870		0.0136343
4871		0.0125309
4872		0.0135262
4873		0.0115355
4874		0.0114352
4875		0.0130247
4876		0.0143017
4877		0.0140741
4878		0.0140586
4879		0.0140895
4880		0.0139198
4881		0.016034
4882		0.0165278
4883		0.0159954
4884		0.0189969
4885		0.0186265
4886		0.0175694
4887		0.0168056
4888		0.0178935
4889		0.0191667
4890		0.018017
4891		0.0174691
4892		0.0183256
4893		0.0172454
4894		0.0190586
4895		0.017608
4896		0.0180787
4897		0.0183179
4898		0.019159
4899		0.0211343
4900		0.0198611
4901		0.0195139
4902		0.0225
4903		0.0228549
4904		0.0247068
4905		0.0224846
4906		0.0223225
4907		0.0227932
4908		0.0196296
4909		0.0174846
4910		0.0170833
4911		0.0139969
4912		0.0120216
4913		0.0124923
4914		0.0109799
4915		0.0101312
4916		0.013534
4917		0.0195833
4918		0.024838
4919		0.0280093
4920		0.0368287
4921		0.039375
4922		0.0399074
4923		0.0444753
4924		0.0463272
4925		0.0456173
4926		0.0542593
4927		0.0636188
4928		0.0696914
4929		0.0802392
4930		0.0915316
4931		0.095162
4932		0.100664
4933		0.0968827
4934		0.0928048
4935		0.0960995
4936		0.0967014
4937		0.0983873
4938		0.100239
4939		0.101852
4940		0.101597
4941		0.103966
4942		0.107365
4943		0.105112
4944		0.107693
4945		0.106674
4946		0.106624
4947		0.108002
4948		0.110895
4949		0.108765
4950		0.113696
4951		0.112944
4952		0.110455
4953		0.107191
4954		0.104722
4955		0.104313
4956		0.104641
4957		0.0972454
4958		0.0972724
4959		0.0839043
4960		0.0896913
4961		0.0889506
4962		0.0826389
4963		0.074537
4964		0.0764429
4965		0.0729089
4966		0.0690625
4967		0.0714776
4968		0.066358
4969		0.0704668
4970		0.0652546
4971		0.0628819
4972		0.0547029
4973		0.0593287
4974		0.0585031
4975		0.0667978
4976		0.0661535
4977		0.0678318
4978		0.0644676
4979		0.0651042
4980		0.0595525
4981		0.0556289
4982		0.060814
4983		0.0597145
4984		0.055841
4985		0.0544329
4986		0.0549421
4987		0.054402
4988		0.0515201
4989		0.0524267
4990		0.0572377
4991		0.0585185
4992		0.0550772
4993		0.0604282
4994		0.0602083
4995		0.0600193
4996		0.0650926
4997		0.0658565
4998		0.0673071
4999		0.0735262
5000		0.0715239
5001		0.0726775
5002		0.0685185
5003		0.0679745
5004		0.0683642
5005		0.072392
5006		0.074483
5007		0.0785494
5008		0.0841127
5009		0.0706173
5010		0.0645177
5011		0.0612731
5012		0.0626659
5013		0.0568441
5014		0.0525077
5015		0.0496682
5016		0.0393519
5017		0.0380015
5018		0.0429128
5019		0.0455594
5020		0.0470139
5021		0.0491512
5022		0.0469599
5023		0.0395988
5024		0.0405015
5025		0.036821
5026		0.0378781
5027		0.0338889
5028		0.0321914
5029		0.0304552
5030		0.0290741
5031		0.0245872
5032		0.0233372
5033		0.0219483
5034		0.0157485
5035		0.0165278
5036		0.0165201
5037		0.0184028
5038		0.0191975
5039		0.0178704
5040		0.0181404
5041		0.0187886
5042		0.0176543
5043		0.0200656
5044		0.0233873
5045		0.0243673
5046		0.0326196
5047		0.0367361
5048		0.0402932
5049		0.0510494
5050		0.0602315
5051		0.0691435
5052		0.081686
5053		0.0947222
5054		0.103152
5055		0.113113
5056		0.126262
5057		0.128441
5058		0.141632
5059		0.150143
5060		0.156782
5061		0.171752
5062		0.178912
5063		0.185104
5064		0.195471
5065		0.206427
5066		0.207434
5067		0.224221
5068		0.231597
5069		0.23909
5070		0.250544
5071		0.263002
5072		0.265259
5073		0.270829
5074		0.273241
5075		0.274842
5076		0.28515
5077		0.288407
5078		0.290046
5079		0.29826
5080		0.289144
5081		0.288194
5082		0.279248
5083		0.284005
5084		0.298935
5085		0.293565
5086		0.286883
5087		0.284356
5088		0.280177
5089		0.269144
5090		0.268792
5091		0.26186
5092		0.254742
5093		0.254938
5094		0.254105
5095		0.249834
5096		0.249483
5097		0.24598
5098		0.243279
5099		0.24076
5100		0.235914
5101		0.229093
5102		0.224784
5103		0.2174
5104		0.210586
5105		0.207384
5106		0.201265
5107		0.18963
5108		0.181535
5109		0.181582
5110		0.169005
5111		0.163326
5112		0.149676
5113		0.139398
5114		0.134788
5115		0.12478
5116		0.110779
5117		0.107392
5118		0.0969676
5119		0.0861111
5120		0.0821142
5121		0.0739275
5122		0.0586343
5123		0.0531867
5124		0.0450849
5125		0.0366821
5126		0.0337191
5127		0.026466
5128		0.0220872
5129		0.0215355
5130		0.0183488
5131		0.0116358
5132		0.00949846
5133		0.00945988
5134		0.00503086
5135		0.00695216
5136		0.003125
5137		0.00415895
5138		0.00520448
5139		0.00416667
5140		0.00416667
5141		0.00416667
5142		0.00354938
5143		0.00385802
5144		0.00625
5145		0.00623843
5146		0.00519676
5147		0.00489969
5148		0.00563272
5149		0.00520833
5150		0.00596836
5151		0.00416667
5152		0.0049267
5153		0.00381173
5154		0.00284336
5155		0.00304012
5156		0.00311728
5157		0.00412809
5158		0.00520062
5159		0.00601852
5160		0.00452932
5161		0.0035108
5162		0.00455247
5163		0.00451389
5164		0.00347222
5165		0.00554784
5166		0.00346451
5167		0.00346451
5168		0.00451389
5169		0.00658179
5170		0.00450617
5171		0.00493056
5172		0.00699846
5173		0.00596451
5174		0.00256559
5175		0.00492284
5176		0.00493056
5177		0.00664738
5178		0.00655093
5179		0.00450617
5180		0.00520448
5181		0.00554784
5182		0.00554784
5183		0.00554012
5184		0.00239198
5185		0.00239198
5186		0.00551698
5187		0.00341821
5188		0.00381173
5189		0.00486111
5190		0.00548611
5191		0.00652392
5192		0.00625
5193		0.00520833
5194		0.00520833
5195		0.003125
5196		0.00520833
5197		0.00408179
5198		0.00312114
5199		0.003125
5200		0.00405478
5201		0.00520833
5202		0.003125
5203		0.00520833
5204		0.003125
5205		0.00416667
5206		0.003125
5207		0.003125
5208		0.00408565
5209		0.00520833
5210		0.003125
5211		0.00520833
5212		0.00104167
5213		0.00208333
5214		0.003125
5215		0.00208333
5216		0.00190972
5217		0.00399306
5218		0.00380401
5219		0.00503472
5220		0.00618056
5221		0.00576389
5222		0.000555556
5223		0.00472222
5224		0.00458333
5225		0.005625
5226		0.00458333
5227		0.00354167
5228		0.00354167
5229		0.00354167
5230		0.00666667
5231		0.00416667
5232		0.00416667
5233		0.00416667
5234		0.003125
5235		0.00104167
5236		0.00208333
5237		0.00208333
5238		0.00208333
5239		0.00340278
5240		0.00520833
5241		0.00520833
5242		0.00520833
5243		0.003125
5244		0.00518519
5245		0.00560185
5246		0.00416667
5247		0.005625
5248		0.00416667
5249		0.00354167
5250		0.00416667
5251		0.00486111
5252		0.00694444
5253		0.00590278
5254		0.00354167
5255		0.00348765
5256		0.003125
5257		0.00942901
5258		0.0177083
5259		0.0203858
5260		0.030841
5261		0.0369676
5262		0.039838
5263		0.0448534
5264		0.0492515
5265		0.0512114
5266		0.0499614
5267		0.0535185
5268		0.0538966
5269		0.0572608
5270		0.058804
5271		0.060162
5272		0.0587731
5273		0.0600849
5274		0.0608873
5275		0.0636343
5276		0.0650193
5277		0.0620177
5278		0.0634182
5279		0.0620602
5280		0.0604861
5281		0.0635802
5282		0.0621065
5283		0.0620216
5284		0.0613542
5285		0.0653318
5286		0.0668981
5287		0.0672608
5288		0.0745795
5289		0.0759606
5290		0.0815432
5291		0.0869985
5292		0.0947222
5293		0.100231
5294		0.109236
5295		0.111833
5296		0.11838
5297		0.122245
5298		0.123796
5299		0.12284
5300		0.1276
5301		0.127068
5302		0.133465
5303		0.135949
5304		0.136285
5305		0.135069
5306		0.136779
5307		0.135822
5308		0.135694
5309		0.141096
5310		0.137519
5311		0.136597
5312		0.139958
5313		0.141728
5314		0.140992
5315		0.141929
5316		0.141628
5317		0.137357
5318		0.138854
5319		0.139977
5320		0.141069
5321		0.134128
5322		0.131246
5323		0.132782
5324		0.133565
5325		0.132542
5326		0.132627
5327		0.132199
5328		0.134198
5329		0.132886
5330		0.132504
5331		0.132307
5332		0.131547
5333		0.13689
5334		0.134714
5335		0.138796
5336		0.138769
5337		0.139672
5338		0.145243
5339		0.148287
5340		0.145706
5341		0.149186
5342		0.150012
5343		0.148333
5344		0.149784
5345		0.138492
5346		0.144961
5347		0.151655
5348		0.152874
5349		0.148368
5350		0.149545
5351		0.157006
5352		0.159931
5353		0.165135
5354		0.167743
5355		0.169618
5356		0.177269
5357		0.181003
5358		0.18135
5359		0.188349
5360		0.197924
5361		0.196049
5362		0.199888
5363		0.203538
5364		0.204796
5365		0.204707
5366		0.204502
5367		0.204236
5368		0.205093
5369		0.202191
5370		0.194587
5371		0.193503
5372		0.190073
5373		0.195891
5374		0.201011
5375		0.203488
5376		0.205509
5377		0.207323
5378		0.209051
5379		0.205579
5380		0.201366
5381		0.206767
5382		0.20826
5383		0.208781
5384		0.211617
5385		0.215552
5386		0.22157
5387		0.230988
5388		0.230463
5389		0.23581
5390		0.238202
5391		0.239522
5392		0.247249
5393		0.246663
5394		0.244641
5395		0.249633
5396		0.247882
5397		0.243144
5398		0.245737
5399		0.240741
5400		0.24032
5401		0.23505
5402		0.225517
5403		0.226451
5404		0.230027
5405		0.228522
5406		0.231617
5407		0.227739
5408		0.229414
5409		0.228588
5410		0.225992
5411		0.227693
5412		0.229456
5413		0.229182
5414		0.224765
5415		0.229221
5416		0.233943
5417		0.234475
5418		0.235733
5419		0.241273
5420		0.217407
5421		0.217446
5422		0.219684
5423		0.229028
5424		0.228546
5425		0.233364
5426		0.2326
5427		0.23135
5428		0.238908
5429		0.244726
5430		0.24924
5431		0.25586
5432		0.26858
5433		0.27434
5434		0.280054
5435		0.284626
5436		0.286879
5437		0.294248
5438		0.303156
5439		0.30647
5440		0.313056
5441		0.320421
5442		0.321948
5443		0.333318
5444		0.337245
5445		0.341296
5446		0.346964
5447		0.357508
5448		0.355883
5449		0.357982
5450		0.362087
5451		0.360058
5452		0.358164
5453		0.357623
5454		0.359599
5455		0.361516
5456		0.359776
5457		0.35789
5458		0.358619
5459		0.362789
5460		0.361485
5461		0.362735
5462		0.359603
5463		0.359896
5464		0.354711
5465		0.356084
5466		0.355158
5467		0.347867
5468		0.349128
5469		0.348789
5470		0.373129
5471		0.371354
5472		0.372813
5473		0.37162
5474		0.372365
5475		0.370444
5476		0.370868
5477		0.370077
5478		0.371929
5479		0.376551
5480		0.383067
5481		0.384321
5482		0.39284
5483		0.403893
5484		0.406871
5485		0.414414
5486		0.418627
5487		0.416929
5488		0.424595
5489		0.43289
5490		0.433881
5491		0.4339
5492		0.442064
5493		0.442759
5494		0.443931
5495		0.434753
5496		0.434568
5497		0.435509
5498		0.435428
5499		0.439784
5500		0.44093
5501		0.437851
5502		0.440154
5503		0.443152
5504		0.445722
5505		0.446474
5506		0.448002
5507		0.44865
5508		0.449591
5509		0.451481
5510		0.454865
5511		0.454109
5512		0.456316
5513		0.4549
5514		0.45689
5515		0.456547
5516		0.456613
5517		0.457705
5518		0.457512
5519		0.458245
5520		0.473291
5521		0.470911
5522		0.475694
5523		0.474734
5524		0.477292
5525		0.48392
5526		0.482635
5527		0.485147
5528		0.492604
5529		0.49439
5530		0.498048
5531		0.501632
5532		0.504336
5533		0.509873
5534		0.512002
5535		0.516343
5536		0.524117
5537		0.524927
5538		0.526674
5539		0.531161
5540		0.534468
5541		0.539402
5542		0.540069
5543		0.542955
5544		0.541532
5545		0.536501
5546		0.541003
5547		0.540251
5548		0.540683
5549		0.542099
5550		0.540131
5551		0.541821
5552		0.5462
5553		0.545347
5554		0.549379
5555		0.552573
5556		0.552589
5557		0.556107
5558		0.559186
5559		0.558596
5560		0.556289
5561		0.557276
5562		0.558233
5563		0.564012
5564		0.570583
5565		0.572716
5566		0.573897
5567		0.575579
5568		0.58157
5569		0.581948
5570		0.575042
5571		0.576026
5572		0.578889
5573		0.586937
5574		0.589298
5575		0.594464
5576		0.592353
5577		0.592299
5578		0.594529
5579		0.59892
5580		0.601752
5581		0.603021
5582		0.602604
5583		0.603785
5584		0.605868
5585		0.608769
5586		0.613144
5587		0.614518
5588		0.616335
5589		0.61689
5590		0.611736
5591		0.616925
5592		0.616057
5593		0.617712
5594		0.615826
5595		0.610984
5596		0.611462
5597		0.613723
5598		0.611937
5599		0.608422
5600		0.61135
5601		0.612396
5602		0.614306
5603		0.610849
5604		0.614664
5605		0.617789
5606		0.621265
5607		0.620216
5608		0.623985
5609		0.628071
5610		0.626921
5611		0.626906
5612		0.629298
5613		0.629545
5614		0.628322
5615		0.62762
5616		0.629082
5617		0.63059
5618		0.630104
5619		0.631875
5620		0.629873
5621		0.63103
5622		0.630694
5623		0.63142
5624		0.627805
5625		0.632099
5626		0.633233
5627		0.631933
5628		0.635648
5629		0.636165
5630		0.639823
5631		0.636617
5632		0.640394
5633		0.638681
5634		0.639167
5635		0.638002
5636		0.637303
5637		0.640204
5638		0.6414
5639		0.641007
5640		0.640471
5641		0.640868
5642		0.638781
5643		0.642566
5644		0.643005
5645		0.676273
5646		0.678353
5647		0.677643
5648		0.67809
5649		0.676481
5650		0.675629
5651		0.675189
5652		0.67495
5653		0.673345
5654		0.674333
5655		0.674637
5656		0.675162
5657		0.672338
5658		0.676312
5659		0.673796
5660		0.672785
5661		0.673287
5662		0.674506
5663		0.675077
5664		0.676678
5665		0.676659
5666		0.677882
5667		0.677191
5668		0.678688
5669		0.677276
5670		0.670745
5671		0.668426
5672		0.671944
5673		0.671763
5674		0.674479
5675		0.676092
5676		0.674012
5677		0.671289
5678		0.674093
5679		0.67167
5680		0.675343
5681		0.676146
5682		0.675567
5683		0.674101
5684		0.677033
5685		0.679113
5686		0.677774
5687		0.678661
5688		0.677006
5689		0.677913
5690		0.68392
5691		0.681385
5692		0.679267
5693		0.678823
5694		0.684765
5695		0.672681
5696		0.671779
5697		0.672905
5698		0.670918
5699		0.673426
5700		0.674348
5701		0.674699
5702		0.681134
5703		0.682388
5704		0.686536
5705		0.691107
5706		0.696181
5707		0.695177
5708		0.695903
5709		0.697982
5710		0.700181
5711		0.719298
5712		0.724776
5713		0.726296
5714		0.731262
5715		0.730509
5716		0.733418
5717		0.737697
5718		0.740432
5719		0.740664
5720		0.766998
5721		0.767704
5722		0.769684
5723		0.768191
5724		0.762214
5725		0.767793
5726		0.765883
5727		0.766154
5728		0.76956
5729		0.76713
5730		0.768495
5731		0.771624
5732		0.775899
5733		0.77723
5734		0.775853
5735		0.778302
5736		0.7761
5737		0.779988
