The video is over!
Frame Number 	Queue Density
1		0.0761806
2		0.0796991
3		0.0843596
4		0.0891204
5		0.0943981
6		0.0950309
7		0.100355
8		0.103966
9		0.102415
10		0.102855
11		0.103356
12		0.105918
13		0.106304
14		0.109437
15		0.109869
16		0.111335
17		0.112153
18		0.113549
19		0.114637
20		0.116528
21		0.1176
22		0.119398
23		0.12196
24		0.124599
25		0.126165
26		0.128673
27		0.130694
28		0.131806
29		0.134306
30		0.135231
31		0.136181
32		0.136505
33		0.137554
34		0.138565
35		0.138762
36		0.138584
37		0.139803
38		0.141447
39		0.141269
40		0.141169
41		0.140907
42		0.141238
43		0.141416
44		0.142265
45		0.140266
46		0.14201
47		0.140745
48		0.138407
49		0.144525
50		0.145212
51		0.145741
52		0.149074
53		0.151659
54		0.15331
55		0.156721
56		0.159352
57		0.160185
58		0.164062
59		0.165783
60		0.166539
61		0.167967
62		0.166015
63		0.165745
64		0.164109
65		0.163738
66		0.163623
67		0.163152
68		0.163538
69		0.163468
70		0.164464
71		0.16488
72		0.166107
73		0.166096
74		0.169306
75		0.170278
76		0.169985
77		0.169383
78		0.171898
79		0.174082
80		0.175579
81		0.176829
82		0.17836
83		0.184487
84		0.186582
85		0.191898
86		0.197106
87		0.197816
88		0.203765
89		0.211196
90		0.212855
91		0.218897
92		0.219352
93		0.219861
94		0.221007
95		0.218275
96		0.218592
97		0.22412
98		0.222797
99		0.220691
100		0.219907
101		0.216902
102		0.216748
103		0.215397
104		0.215073
105		0.213337
106		0.211802
107		0.214803
108		0.216759
109		0.217045
110		0.223781
111		0.225008
112		0.229225
113		0.231273
114		0.232296
115		0.236381
116		0.240911
117		0.240451
118		0.242137
119		0.243769
120		0.24566
121		0.248603
122		0.245285
123		0.245814
124		0.249996
125		0.250166
126		0.25093
127		0.249865
128		0.251763
129		0.252377
130		0.254842
131		0.256566
132		0.257967
133		0.257049
134		0.257809
135		0.259344
136		0.260941
137		0.263503
138		0.263549
139		0.263573
140		0.264823
141		0.265185
142		0.262789
143		0.263476
144		0.264965
145		0.256138
146		0.257284
147		0.258819
148		0.257809
149		0.255231
150		0.256651
151		0.256883
152		0.256381
153		0.258164
154		0.257774
155		0.257473
156		0.256817
157		0.254267
158		0.251142
159		0.249333
160		0.248846
161		0.247184
162		0.247025
163		0.248823
164		0.248434
165		0.248175
166		0.246524
167		0.246767
168		0.24537
169		0.24375
170		0.246728
171		0.244931
172		0.242068
173		0.242083
174		0.241204
175		0.240718
176		0.240436
177		0.239973
178		0.240077
179		0.238873
180		0.238993
181		0.239464
182		0.23826
183		0.240008
184		0.237191
185		0.236941
186		0.236744
187		0.236524
188		0.236663
189		0.236647
190		0.236644
191		0.236296
192		0.235741
193		0.235417
194		0.236227
195		0.244302
196		0.244583
197		0.244981
198		0.245147
199		0.24439
200		0.244035
201		0.24419
202		0.243819
203		0.243202
204		0.243503
205		0.242577
206		0.242492
207		0.242215
208		0.242118
209		0.242041
210		0.242238
211		0.241381
212		0.242365
213		0.23978
214		0.240652
215		0.241061
216		0.241686
217		0.241748
218		0.242523
219		0.242114
220		0.232581
221		0.232365
222		0.232458
223		0.233098
224		0.234348
225		0.234186
226		0.234456
227		0.236887
228		0.236177
229		0.23537
230		0.236015
231		0.235968
232		0.236493
233		0.238152
234		0.237052
235		0.236813
236		0.238268
237		0.23738
238		0.236617
239		0.235258
240		0.236046
241		0.233233
242		0.234606
243		0.235293
244		0.23701
245		0.236273
246		0.236057
247		0.236605
248		0.235085
249		0.236883
250		0.236273
251		0.235725
252		0.237106
253		0.235324
254		0.234591
255		0.235108
256		0.235694
257		0.237485
258		0.234653
259		0.235278
260		0.23338
261		0.234259
262		0.234128
263		0.234282
264		0.23294
265		0.234352
266		0.234506
267		0.234136
268		0.233754
269		0.233742
270		0.229853
271		0.230193
272		0.230687
273		0.231196
274		0.232338
275		0.234715
276		0.235802
277		0.238603
278		0.2425
279		0.242191
280		0.245401
281		0.247739
282		0.249082
283		0.252006
284		0.253881
285		0.254907
286		0.255849
287		0.253472
288		0.254853
289		0.252446
290		0.250856
291		0.24919
292		0.249414
293		0.248426
294		0.248102
295		0.241227
296		0.239653
297		0.238758
298		0.239568
299		0.240208
300		0.239807
301		0.238696
302		0.237558
303		0.238823
304		0.236474
305		0.234765
306		0.235521
307		0.235633
308		0.235968
309		0.234857
310		0.235351
311		0.235278
312		0.236215
313		0.235181
314		0.235752
315		0.236281
316		0.235031
317		0.233573
318		0.232191
319		0.231219
320		0.237083
321		0.235856
322		0.235787
323		0.236844
324		0.236536
325		0.236559
326		0.235556
327		0.236844
328		0.236123
329		0.236748
330		0.236925
331		0.235826
332		0.236655
333		0.236863
334		0.237608
335		0.236609
336		0.236956
337		0.237319
338		0.237052
339		0.237581
340		0.239394
341		0.241138
342		0.241709
343		0.243098
344		0.244379
345		0.236655
346		0.238862
347		0.243468
348		0.243044
349		0.242647
350		0.241474
351		0.241968
352		0.241713
353		0.240845
354		0.240992
355		0.240911
356		0.243106
357		0.243704
358		0.244545
359		0.243808
360		0.24429
361		0.245054
362		0.245081
363		0.244815
364		0.24456
365		0.24561
366		0.244336
367		0.245448
368		0.244738
369		0.244711
370		0.243322
371		0.243021
372		0.243279
373		0.244522
374		0.245031
375		0.245062
376		0.244475
377		0.245185
378		0.244996
379		0.244711
380		0.245177
381		0.244857
382		0.24826
383		0.248634
384		0.250313
385		0.251933
386		0.254001
387		0.255058
388		0.257554
389		0.258924
390		0.258113
391		0.258565
392		0.258634
393		0.259398
394		0.261478
395		0.256906
396		0.255849
397		0.258966
398		0.259375
399		0.259005
400		0.259383
401		0.258032
402		0.260594
403		0.263341
404		0.268079
405		0.270741
406		0.276335
407		0.281204
408		0.284699
409		0.292415
410		0.298719
411		0.302076
412		0.310116
413		0.314591
414		0.319282
415		0.322728
416		0.329757
417		0.331979
418		0.338418
419		0.341223
420		0.343711
421		0.351235
422		0.355409
423		0.356424
424		0.365324
425		0.372377
426		0.373407
427		0.37875
428		0.382724
429		0.386829
430		0.39098
431		0.395262
432		0.399267
433		0.404275
434		0.409329
435		0.411065
436		0.411798
437		0.415633
438		0.417677
439		0.421042
440		0.41973
441		0.419576
442		0.423326
443		0.426138
444		0.427099
445		0.419244
446		0.420795
447		0.425741
448		0.425602
449		0.429761
450		0.431092
451		0.432133
452		0.436285
453		0.437126
454		0.439641
455		0.440992
456		0.44238
457		0.444032
458		0.447149
459		0.447755
460		0.448596
461		0.448966
462		0.450471
463		0.450995
464		0.451883
465		0.450776
466		0.449259
467		0.44983
468		0.448248
469		0.452693
470		0.461335
471		0.460471
472		0.462338
473		0.461644
474		0.462238
475		0.464707
476		0.464406
477		0.462824
478		0.462986
479		0.462994
480		0.463727
481		0.465548
482		0.466628
483		0.465698
484		0.467886
485		0.466767
486		0.467296
487		0.46689
488		0.466501
489		0.466894
490		0.467099
491		0.467353
492		0.46716
493		0.466755
494		0.468256
495		0.468129
496		0.468773
497		0.471721
498		0.471296
499		0.476003
500		0.479923
501		0.479761
502		0.483951
503		0.489097
504		0.491798
505		0.49483
506		0.502068
507		0.505031
508		0.510486
509		0.514761
510		0.515255
511		0.518453
512		0.523048
513		0.524568
514		0.524969
515		0.526624
516		0.526644
517		0.526142
518		0.530093
519		0.531543
520		0.535424
521		0.536782
522		0.540702
523		0.541312
524		0.542469
525		0.542269
526		0.542014
527		0.543927
528		0.545957
529		0.546975
530		0.546404
531		0.545926
532		0.547948
533		0.54537
534		0.545023
535		0.544429
536		0.546335
537		0.544302
538		0.545737
539		0.547789
540		0.548665
541		0.545721
542		0.54961
543		0.5511
544		0.552504
545		0.524911
546		0.527427
547		0.527975
548		0.528086
549		0.529568
550		0.527978
551		0.527461
552		0.528989
553		0.53093
554		0.530702
555		0.529537
556		0.528383
557		0.528966
558		0.530309
559		0.524282
560		0.525702
561		0.53017
562		0.52939
563		0.52659
564		0.526073
565		0.525764
566		0.524672
567		0.52674
568		0.523742
569		0.527056
570		0.529105
571		0.531644
572		0.534622
573		0.535502
574		0.538812
575		0.541327
576		0.543472
577		0.542747
578		0.545363
579		0.549012
580		0.552739
581		0.554105
582		0.555463
583		0.55615
584		0.557608
585		0.558634
586		0.561412
587		0.563171
588		0.563129
589		0.563167
590		0.563684
591		0.564649
592		0.561589
593		0.563997
594		0.566319
595		0.552685
596		0.556003
597		0.55456
598		0.558133
599		0.559857
600		0.562045
601		0.563102
602		0.564545
603		0.565548
604		0.566636
605		0.570019
606		0.569498
607		0.572917
608		0.575957
609		0.57571
610		0.576898
611		0.583858
612		0.585447
613		0.588025
614		0.593218
615		0.595289
616		0.595887
617		0.599275
618		0.599514
619		0.603048
620		0.60091
621		0.602369
622		0.606304
623		0.609707
624		0.610031
625		0.611767
626		0.612608
627		0.61186
628		0.61159
629		0.611512
630		0.611798
631		0.613665
632		0.616281
633		0.618858
634		0.617569
635		0.618673
636		0.619522
637		0.618812
638		0.616443
639		0.615841
640		0.615857
641		0.615972
642		0.614267
643		0.616362
644		0.616624
645		0.627612
646		0.628873
647		0.63027
648		0.630988
649		0.632874
650		0.633395
651		0.633488
652		0.632512
653		0.632716
654		0.634846
655		0.63679
656		0.638009
657		0.639514
658		0.641705
659		0.640694
660		0.639252
661		0.640247
662		0.641937
663		0.641898
664		0.642199
665		0.645208
666		0.643565
667		0.644985
668		0.64561
669		0.645123
670		0.624537
671		0.628171
672		0.625733
673		0.630231
674		0.631003
675		0.631474
676		0.631597
677		0.633102
678		0.634892
679		0.632485
680		0.633526
681		0.638218
682		0.637037
683		0.640694
684		0.641721
685		0.640401
686		0.642716
687		0.641536
688		0.642176
689		0.644244
690		0.643171
691		0.643056
692		0.64341
693		0.644738
694		0.645772
695		0.630664
696		0.629684
697		0.63304
698		0.634961
699		0.634622
700		0.633603
701		0.634645
702		0.634306
703		0.635664
704		0.637569
705		0.637029
706		0.638603
707		0.638773
708		0.638627
709		0.640085
710		0.63865
711		0.639869
712		0.640864
713		0.641821
714		0.640895
715		0.642199
716		0.64277
717		0.643627
718		0.643758
719		0.644005
720		0.640077
721		0.639336
722		0.6399
723		0.64304
724		0.642569
725		0.643272
726		0.644329
727		0.6451
728		0.644367
729		0.644294
730		0.645324
731		0.644317
732		0.645251
733		0.644356
734		0.64755
735		0.647593
736		0.648032
737		0.647133
738		0.647816
739		0.648079
740		0.647851
741		0.648133
742		0.651512
743		0.649691
744		0.650926
745		0.626582
746		0.630463
747		0.630147
748		0.633696
749		0.631613
750		0.634074
751		0.617816
752		0.619583
753		0.621944
754		0.623511
755		0.622716
756		0.622211
757		0.62794
758		0.626358
759		0.626057
760		0.627214
761		0.628449
762		0.628476
763		0.628758
764		0.628804
765		0.630116
766		0.630015
767		0.631848
768		0.629417
769		0.630093
770		0.643032
771		0.641856
772		0.641424
773		0.642242
774		0.638796
775		0.643357
776		0.64311
777		0.648758
778		0.649583
779		0.648623
780		0.648704
781		0.648275
782		0.654078
783		0.654205
784		0.655023
785		0.653495
786		0.653152
787		0.65468
788		0.654248
789		0.655548
790		0.657635
791		0.664487
792		0.666408
793		0.668823
794		0.671489
795		0.634182
796		0.631474
797		0.634977
798		0.641651
799		0.641482
800		0.645702
801		0.649892
802		0.650309
803		0.649888
804		0.647423
805		0.653094
806		0.65152
807		0.653403
808		0.656628
809		0.656624
810		0.657728
811		0.657766
812		0.658677
813		0.660243
814		0.660918
815		0.663326
816		0.66162
817		0.665494
818		0.664985
819		0.667971
820		0.658179
821		0.658403
822		0.658009
823		0.658862
824		0.663677
825		0.660826
826		0.662083
827		0.663627
828		0.665309
829		0.666265
830		0.665802
831		0.66865
832		0.668241
833		0.668573
834		0.671782
835		0.672523
836		0.672315
837		0.67402
838		0.673958
839		0.676289
840		0.67571
841		0.677585
842		0.676937
843		0.678943
844		0.679151
845		0.677095
846		0.67544
847		0.676377
848		0.679387
849		0.674595
850		0.679699
851		0.679367
852		0.681983
853		0.677932
854		0.679437
855		0.677704
856		0.681296
857		0.67848
858		0.68287
859		0.683133
860		0.682431
861		0.684371
862		0.684282
863		0.685127
864		0.684958
865		0.686493
866		0.685505
867		0.687103
868		0.686995
869		0.687095
870		0.66686
871		0.667014
872		0.667523
873		0.668264
874		0.67108
875		0.670224
876		0.668611
877		0.669421
878		0.67061
879		0.671613
880		0.65907
881		0.659363
882		0.6588
883		0.658314
884		0.658573
885		0.660054
886		0.65978
887		0.661181
888		0.663279
889		0.66336
890		0.665274
891		0.664776
892		0.665779
893		0.665255
894		0.665679
895		0.665448
896		0.667662
897		0.669275
898		0.669414
899		0.668981
900		0.669352
901		0.67054
902		0.67311
903		0.674475
904		0.674244
905		0.684336
906		0.684753
907		0.685502
908		0.685984
909		0.686354
910		0.685675
911		0.685567
912		0.685637
913		0.686138
914		0.684911
915		0.685988
916		0.685336
917		0.683773
918		0.68392
919		0.682708
920		0.682106
921		0.683526
922		0.685625
923		0.686389
924		0.685718
925		0.685756
926		0.686775
927		0.687824
928		0.690278
929		0.691867
930		0.666412
931		0.666127
932		0.666003
933		0.669815
934		0.668873
935		0.670949
936		0.672099
937		0.6749
938		0.677878
939		0.676948
940		0.680938
941		0.68044
942		0.681231
943		0.683939
944		0.684055
945		0.684039
946		0.684259
947		0.683735
948		0.683488
949		0.685941
950		0.684938
951		0.682214
952		0.684082
953		0.680772
954		0.681296
955		0.676593
956		0.676489
957		0.677921
958		0.676103
959		0.68169
960		0.678029
961		0.67787
962		0.681547
963		0.681759
964		0.680513
965		0.682697
966		0.682924
967		0.684518
968		0.683735
969		0.68309
970		0.683233
971		0.685633
972		0.685355
973		0.686952
974		0.687299
975		0.687238
976		0.689776
977		0.69108
978		0.688476
979		0.689348
980		0.682867
981		0.682666
982		0.68505
983		0.686983
984		0.6874
985		0.688735
986		0.688194
987		0.685667
988		0.68419
989		0.68637
990		0.689599
991		0.690243
992		0.690463
993		0.693611
994		0.695069
995		0.696867
996		0.697623
997		0.697481
998		0.697782
999		0.698345
1000		0.698322
1001		0.675934
1002		0.676748
1003		0.67635
1004		0.676289
1005		0.673927
1006		0.672963
1007		0.673727
1008		0.673333
1009		0.675417
1010		0.677948
1011		0.667508
1012		0.667315
1013		0.667149
1014		0.669815
1015		0.669271
1016		0.670613
1017		0.672488
1018		0.669988
1019		0.670042
1020		0.670698
1021		0.672195
1022		0.672704
1023		0.67289
1024		0.673052
1025		0.674379
1026		0.674556
1027		0.671883
1028		0.672747
1029		0.672832
1030		0.673032
1031		0.67277
1032		0.675471
1033		0.674606
1034		0.675648
1035		0.675772
1036		0.6726
1037		0.670224
1038		0.672948
1039		0.674452
1040		0.676782
1041		0.676697
1042		0.677431
1043		0.677446
1044		0.67647
1045		0.675598
1046		0.6774
1047		0.678079
1048		0.680733
1049		0.68233
1050		0.682747
1051		0.68375
1052		0.683827
1053		0.682963
1054		0.684282
1055		0.683696
1056		0.682716
1057		0.682654
1058		0.682014
1059		0.682539
1060		0.68189
1061		0.676825
1062		0.677658
1063		0.675976
1064		0.673924
1065		0.674525
1066		0.676169
1067		0.676292
1068		0.677006
1069		0.676613
1070		0.676833
1071		0.679082
1072		0.678225
1073		0.679171
1074		0.679495
1075		0.682882
1076		0.682257
1077		0.684286
1078		0.682928
1079		0.685922
1080		0.685714
1081		0.68831
1082		0.688434
1083		0.690702
1084		0.689618
1085		0.690768
1086		0.680432
1087		0.680205
1088		0.680984
1089		0.681277
1090		0.679363
1091		0.680104
1092		0.677866
1093		0.682018
1094		0.677454
1095		0.679703
1096		0.679819
1097		0.680467
1098		0.68032
1099		0.681655
1100		0.680675
1101		0.679811
1102		0.68164
1103		0.679707
1104		0.683353
1105		0.682137
1106		0.680139
1107		0.681088
1108		0.679977
1109		0.680949
1110		0.680216
1111		0.675559
1112		0.6751
1113		0.677091
1114		0.679383
1115		0.679564
1116		0.678708
1117		0.679282
1118		0.678789
1119		0.678719
1120		0.67909
1121		0.679915
1122		0.680602
1123		0.6812
1124		0.679946
1125		0.681613
1126		0.681331
1127		0.680648
1128		0.679823
1129		0.679329
1130		0.683387
1131		0.683488
1132		0.683827
1133		0.683333
1134		0.681354
1135		0.683657
1136		0.669792
1137		0.669244
1138		0.668796
1139		0.668978
1140		0.673009
1141		0.670903
1142		0.671767
1143		0.668179
1144		0.668171
1145		0.668017
1146		0.669684
1147		0.672446
1148		0.672577
1149		0.67537
1150		0.674645
1151		0.674707
1152		0.677454
1153		0.676883
1154		0.67696
1155		0.673206
1156		0.674167
1157		0.674965
1158		0.67272
1159		0.674475
1160		0.677978
1161		0.685008
1162		0.682577
1163		0.683927
1164		0.684645
1165		0.683102
1166		0.683465
1167		0.686366
1168		0.68115
1169		0.682901
1170		0.683086
1171		0.683387
1172		0.688349
1173		0.684005
1174		0.682693
1175		0.682512
1176		0.683692
1177		0.68488
1178		0.685301
1179		0.682921
1180		0.687959
1181		0.688885
1182		0.686682
1183		0.688353
1184		0.689687
1185		0.688125
1186		0.679826
1187		0.68162
1188		0.681489
1189		0.684278
1190		0.681894
1191		0.682388
1192		0.678677
1193		0.681771
1194		0.682419
1195		0.684055
1196		0.682025
1197		0.684078
1198		0.686871
1199		0.686771
1200		0.686011
1201		0.685876
1202		0.685112
1203		0.684151
1204		0.685725
1205		0.685494
1206		0.684838
1207		0.685895
1208		0.684475
1209		0.684093
1210		0.685131
1211		0.679012
1212		0.676682
1213		0.675764
1214		0.675698
1215		0.67838
1216		0.674676
1217		0.677461
1218		0.677531
1219		0.680174
1220		0.680818
1221		0.683218
1222		0.683935
1223		0.684726
1224		0.6851
1225		0.686308
1226		0.685286
1227		0.685494
1228		0.683785
1229		0.68564
1230		0.687816
1231		0.688997
1232		0.686713
1233		0.686273
1234		0.684711
1235		0.684857
1236		0.689367
1237		0.68939
1238		0.689429
1239		0.693387
1240		0.694761
1241		0.693812
1242		0.697585
1243		0.697948
1244		0.698657
1245		0.698796
1246		0.69245
1247		0.693669
1248		0.697623
1249		0.695779
1250		0.696304
1251		0.686196
1252		0.685957
1253		0.687238
1254		0.686123
1255		0.68919
1256		0.688681
1257		0.69262
1258		0.694714
1259		0.694471
1260		0.697782
1261		0.676971
1262		0.680991
1263		0.681651
1264		0.681667
1265		0.682874
1266		0.683885
1267		0.683715
1268		0.681157
1269		0.687446
1270		0.687604
1271		0.68961
1272		0.689171
1273		0.688264
1274		0.690891
1275		0.686894
1276		0.686273
1277		0.687585
1278		0.686782
1279		0.686011
1280		0.683546
1281		0.682195
1282		0.680228
1283		0.680664
1284		0.68137
1285		0.680957
1286		0.685193
1287		0.686782
1288		0.687778
1289		0.689116
1290		0.691242
1291		0.692739
1292		0.69267
1293		0.691582
1294		0.694591
1295		0.694136
1296		0.694869
1297		0.694367
1298		0.69314
1299		0.68983
1300		0.689985
1301		0.689923
1302		0.691038
1303		0.692805
1304		0.692512
1305		0.68892
1306		0.687913
1307		0.687674
1308		0.687581
1309		0.687928
1310		0.687728
1311		0.664344
1312		0.664676
1313		0.663565
1314		0.664904
1315		0.666663
1316		0.664421
1317		0.669645
1318		0.669475
1319		0.670864
1320		0.673248
1321		0.67287
1322		0.674433
1323		0.673187
1324		0.67262
1325		0.671393
1326		0.676138
1327		0.67419
1328		0.677191
1329		0.676786
1330		0.674452
1331		0.677319
1332		0.675691
1333		0.676092
1334		0.675513
1335		0.673017
1336		0.669039
1337		0.670887
1338		0.672666
1339		0.672377
1340		0.67
1341		0.672762
1342		0.671516
1343		0.671246
1344		0.672269
1345		0.673526
1346		0.671701
1347		0.673542
1348		0.674568
1349		0.675216
1350		0.6751
1351		0.674383
1352		0.675231
1353		0.674699
1354		0.676366
1355		0.677415
1356		0.676906
1357		0.678461
1358		0.675336
1359		0.675282
1360		0.67446
1361		0.663719
1362		0.664869
1363		0.667261
1364		0.670471
1365		0.669429
1366		0.669406
1367		0.669082
1368		0.66956
1369		0.670448
1370		0.672431
1371		0.671057
1372		0.669174
1373		0.670718
1374		0.668495
1375		0.67108
1376		0.670556
1377		0.670733
1378		0.67348
1379		0.67289
1380		0.671335
1381		0.673781
1382		0.672866
1383		0.672431
1384		0.673461
1385		0.672346
1386		0.673912
1387		0.673781
1388		0.676574
1389		0.67652
1390		0.675363
1391		0.680193
1392		0.679306
1393		0.679306
1394		0.679464
1395		0.684402
1396		0.682404
1397		0.683326
1398		0.683862
1399		0.68385
1400		0.683094
1401		0.683017
1402		0.686042
1403		0.685158
1404		0.685012
1405		0.683796
1406		0.683503
1407		0.681454
1408		0.683796
1409		0.684298
1410		0.684622
1411		0.67456
1412		0.673638
1413		0.676316
1414		0.680023
1415		0.677473
1416		0.676852
1417		0.680151
1418		0.68186
1419		0.681019
1420		0.681431
1421		0.682816
1422		0.683765
1423		0.682114
1424		0.684468
1425		0.686211
1426		0.687539
1427		0.689437
1428		0.688025
1429		0.691026
1430		0.693071
1431		0.697616
1432		0.69848
1433		0.70091
1434		0.703719
1435		0.704807
1436		0.707257
1437		0.704568
1438		0.708472
1439		0.708248
1440		0.708102
1441		0.713565
1442		0.713464
1443		0.717855
1444		0.721914
1445		0.721227
1446		0.726667
1447		0.728067
1448		0.727164
1449		0.730826
1450		0.731798
1451		0.735783
1452		0.739128
1453		0.740934
1454		0.743623
1455		0.747728
1456		0.751759
1457		0.752585
1458		0.755617
1459		0.75848
1460		0.757033
1461		0.725664
1462		0.730509
1463		0.730316
1464		0.725525
1465		0.726011
1466		0.725795
1467		0.733426
1468		0.732052
1469		0.732774
1470		0.735938
1471		0.736435
1472		0.740772
1473		0.745652
1474		0.748002
1475		0.744221
1476		0.748411
1477		0.745054
1478		0.751775
1479		0.751505
1480		0.752253
1481		0.755494
1482		0.754448
1483		0.756613
1484		0.760424
1485		0.761867
1486		0.760328
1487		0.760957
1488		0.761215
1489		0.761632
1490		0.760787
1491		0.763279
1492		0.762377
1493		0.762689
1494		0.763642
1495		0.761505
1496		0.760586
1497		0.761096
1498		0.764267
1499		0.757774
1500		0.748889
1501		0.713453
1502		0.714823
1503		0.706157
1504		0.711134
1505		0.717446
1506		0.717978
1507		0.718349
1508		0.722191
1509		0.71657
1510		0.718989
1511		0.72669
1512		0.722882
1513		0.729363
1514		0.727566
1515		0.73061
1516		0.703426
1517		0.69409
1518		0.689903
1519		0.68777
1520		0.681532
1521		0.67091
1522		0.65527
1523		0.657539
1524		0.646559
1525		0.649252
1526		0.649155
1527		0.637577
1528		0.64267
1529		0.643029
1530		0.640413
1531		0.636983
1532		0.633908
1533		0.632261
1534		0.624761
1535		0.631898
1536		0.622924
1537		0.631482
1538		0.632099
1539		0.625579
1540		0.626667
1541		0.632631
1542		0.627423
1543		0.616759
1544		0.623646
1545		0.619637
1546		0.617963
1547		0.624564
1548		0.619888
1549		0.616574
1550		0.603511
1551		0.600363
1552		0.596802
1553		0.597311
1554		0.589961
1555		0.583738
1556		0.589248
1557		0.584498
1558		0.583488
1559		0.579769
1560		0.576127
1561		0.553137
1562		0.556813
1563		0.556462
1564		0.557099
1565		0.560617
1566		0.562076
1567		0.562596
1568		0.562357
1569		0.563025
1570		0.563588
1571		0.566682
1572		0.567184
1573		0.571713
1574		0.574198
1575		0.575285
1576		0.579703
1577		0.585417
1578		0.586242
1579		0.588526
1580		0.588873
1581		0.591196
1582		0.590255
1583		0.591335
1584		0.587755
1585		0.588877
1586		0.571667
1587		0.565652
1588		0.567909
1589		0.577353
1590		0.574649
1591		0.579147
1592		0.574568
1593		0.580706
1594		0.579074
1595		0.586115
1596		0.595417
1597		0.592396
1598		0.592589
1599		0.595378
1600		0.603492
1601		0.606694
1602		0.599309
1603		0.601833
1604		0.603607
1605		0.612265
1606		0.62108
1607		0.619498
1608		0.624556
1609		0.631092
1610		0.626358
1611		0.631046
1612		0.62483
1613		0.622689
1614		0.617816
1615		0.616586
1616		0.618858
1617		0.614113
1618		0.598966
1619		0.596215
1620		0.59713
1621		0.59184
1622		0.596694
1623		0.602423
1624		0.592269
1625		0.592338
1626		0.590309
1627		0.593457
1628		0.591026
1629		0.59032
1630		0.590197
1631		0.59211
1632		0.600691
1633		0.602982
1634		0.606018
1635		0.608993
1636		0.630995
1637		0.632184
1638		0.625907
1639		0.624101
1640		0.625259
1641		0.623839
1642		0.621551
1643		0.618164
1644		0.60838
1645		0.60652
1646		0.610976
1647		0.60159
1648		0.606181
1649		0.605934
1650		0.605648
1651		0.603738
1652		0.605486
1653		0.602056
1654		0.600691
1655		0.597269
1656		0.586269
1657		0.586609
1658		0.584915
1659		0.590444
1660		0.587099
1661		0.580231
1662		0.582531
1663		0.590417
1664		0.602901
1665		0.606493
1666		0.608924
1667		0.615301
1668		0.61711
1669		0.616385
1670		0.619942
1671		0.624406
1672		0.62262
1673		0.624757
1674		0.61534
1675		0.612465
1676		0.608005
1677		0.61461
1678		0.608623
1679		0.608885
1680		0.612272
1681		0.6139
1682		0.61875
1683		0.620995
1684		0.623179
1685		0.629444
1686		0.59311
1687		0.590274
1688		0.596944
1689		0.60314
1690		0.606547
1691		0.61284
1692		0.617072
1693		0.615617
1694		0.616184
1695		0.615725
1696		0.621721
1697		0.622072
1698		0.619178
1699		0.624757
1700		0.631767
1701		0.632596
1702		0.638657
1703		0.640934
1704		0.646667
1705		0.651663
1706		0.651462
1707		0.663441
1708		0.660509
1709		0.661682
1710		0.656906
1711		0.696127
1712		0.697041
1713		0.696038
1714		0.700772
1715		0.696424
1716		0.692153
1717		0.68713
1718		0.680139
1719		0.672079
1720		0.656825
1721		0.659228
1722		0.650359
1723		0.640015
1724		0.637438
1725		0.641898
1726		0.63331
1727		0.630359
1728		0.622685
1729		0.605791
1730		0.607593
1731		0.593418
1732		0.582238
1733		0.587091
1734		0.568519
1735		0.573094
1736		0.513179
1737		0.518194
1738		0.520448
1739		0.512901
1740		0.508873
1741		0.497793
1742		0.494306
1743		0.492469
1744		0.479811
1745		0.484946
1746		0.478106
1747		0.474213
1748		0.466524
1749		0.460718
1750		0.45115
1751		0.436304
1752		0.442249
1753		0.436713
1754		0.436273
1755		0.433326
1756		0.438175
1757		0.437639
1758		0.431493
1759		0.435212
1760		0.436674
1761		0.419086
1762		0.429633
1763		0.429221
1764		0.426952
1765		0.429074
1766		0.427851
1767		0.431632
1768		0.43304
1769		0.429032
1770		0.43941
1771		0.440718
1772		0.444344
1773		0.443538
1774		0.439417
1775		0.438256
1776		0.439819
1777		0.437901
1778		0.432631
1779		0.433565
1780		0.430984
1781		0.434132
1782		0.43586
1783		0.428302
1784		0.4275
1785		0.421929
1786		0.390745
1787		0.395961
1788		0.400116
1789		0.39853
1790		0.390301
1791		0.390853
1792		0.387789
1793		0.385058
1794		0.384819
1795		0.384282
1796		0.379171
1797		0.385058
1798		0.381142
1799		0.385162
1800		0.384606
1801		0.385876
1802		0.381142
1803		0.367504
1804		0.368735
1805		0.368904
1806		0.366902
1807		0.354699
1808		0.349344
1809		0.350976
1810		0.338954
1811		0.323113
1812		0.322392
1813		0.321235
1814		0.316566
1815		0.314267
1816		0.30777
1817		0.3075
1818		0.29811
1819		0.300633
1820		0.29919
1821		0.290772
1822		0.279776
1823		0.277909
1824		0.276728
1825		0.28365
1826		0.2799
1827		0.280108
1828		0.275683
1829		0.281173
1830		0.27674
1831		0.274136
1832		0.268773
1833		0.270231
1834		0.258144
1835		0.259321
1836		0.226042
1837		0.218329
1838		0.22135
1839		0.216443
1840		0.211373
1841		0.205463
1842		0.204263
1843		0.197184
1844		0.193472
1845		0.18466
1846		0.175054
1847		0.173407
1848		0.171728
1849		0.166829
1850		0.159884
1851		0.154313
1852		0.154545
1853		0.153048
1854		0.154545
1855		0.154884
1856		0.150799
1857		0.147215
1858		0.148866
1859		0.149699
1860		0.145579
1861		0.139637
1862		0.137982
1863		0.135336
1864		0.130054
1865		0.127747
1866		0.132901
1867		0.129383
1868		0.129171
1869		0.137276
1870		0.145143
1871		0.148025
1872		0.151296
1873		0.155876
1874		0.154336
1875		0.157554
1876		0.168935
1877		0.179429
1878		0.194383
1879		0.206829
1880		0.214861
1881		0.226906
1882		0.248495
1883		0.251242
1884		0.261717
1885		0.276443
1886		0.256304
1887		0.274398
1888		0.292616
1889		0.300517
1890		0.317566
1891		0.333384
1892		0.340799
1893		0.352002
1894		0.366211
1895		0.374116
1896		0.375907
1897		0.386481
1898		0.396601
1899		0.413819
1900		0.427978
1901		0.434506
1902		0.44245
1903		0.444313
1904		0.447816
1905		0.455837
1906		0.460891
1907		0.463418
1908		0.46304
1909		0.459576
1910		0.463677
1911		0.486254
1912		0.475964
1913		0.477747
1914		0.47027
1915		0.461443
1916		0.454336
1917		0.44213
1918		0.433781
1919		0.428488
1920		0.421258
1921		0.410463
1922		0.405849
1923		0.392608
1924		0.394167
1925		0.387323
1926		0.376018
1927		0.372701
1928		0.373897
1929		0.360949
1930		0.355417
1931		0.350509
1932		0.345363
1933		0.337338
1934		0.32956
1935		0.325108
1936		0.294117
1937		0.293029
1938		0.283056
1939		0.274491
1940		0.26956
1941		0.268009
1942		0.252593
1943		0.251605
1944		0.24956
1945		0.247488
1946		0.247515
1947		0.248804
1948		0.252388
1949		0.247492
1950		0.235448
1951		0.22919
1952		0.220259
1953		0.215027
1954		0.204475
1955		0.201088
1956		0.190849
1957		0.180478
1958		0.171204
1959		0.16549
1960		0.147832
1961		0.131628
1962		0.118954
1963		0.110721
1964		0.107535
1965		0.103765
1966		0.097527
1967		0.095054
1968		0.0882485
1969		0.0811111
1970		0.081713
1971		0.0749807
1972		0.0680594
1973		0.0619676
1974		0.0515509
1975		0.047392
1976		0.0452546
1977		0.0370216
1978		0.03375
1979		0.0302083
1980		0.0283873
1981		0.0214506
1982		0.0194599
1983		0.0184414
1984		0.0188889
1985		0.0181597
1986		0.0209645
1987		0.0204244
1988		0.0224614
1989		0.0210957
1990		0.0212963
1991		0.022338
1992		0.0224074
1993		0.0221296
1994		0.0208102
1995		0.0218904
1996		0.020463
1997		0.0208873
1998		0.0216049
1999		0.0235031
2000		0.0270293
2001		0.0350617
2002		0.0469753
2003		0.0573148
2004		0.0711111
2005		0.0895293
2006		0.0975617
2007		0.114267
2008		0.128403
2009		0.136559
2010		0.158083
2011		0.17125
2012		0.18304
2013		0.201929
2014		0.220008
2015		0.228048
2016		0.24902
2017		0.270856
2018		0.281335
2019		0.303812
2020		0.312153
2021		0.323086
2022		0.333673
2023		0.348025
2024		0.355675
2025		0.360031
2026		0.372346
2027		0.381971
2028		0.382022
2029		0.395394
2030		0.389699
2031		0.397492
2032		0.39978
2033		0.399734
2034		0.403565
2035		0.402685
2036		0.391968
2037		0.38162
2038		0.381026
2039		0.374853
2040		0.360652
2041		0.351393
2042		0.34919
2043		0.335382
2044		0.329441
2045		0.322261
2046		0.31483
2047		0.306628
2048		0.306127
2049		0.305201
2050		0.292373
2051		0.292994
2052		0.28284
2053		0.272986
2054		0.26843
2055		0.254028
2056		0.238094
2057		0.232095
2058		0.226188
2059		0.213291
2060		0.211034
2061		0.20468
2062		0.195073
2063		0.192245
2064		0.185309
2065		0.168912
2066		0.163827
2067		0.155347
2068		0.145957
2069		0.142207
2070		0.131173
2071		0.119529
2072		0.109815
2073		0.101312
2074		0.0880478
2075		0.0841204
2076		0.0777701
2077		0.0697994
2078		0.0647377
2079		0.0616049
2080		0.0576813
2081		0.0540509
2082		0.047608
2083		0.0431019
2084		0.040054
2085		0.0351852
2086		0.0292438
2087		0.0292978
2088		0.0298071
2089		0.0274306
2090		0.0271065
2091		0.0279707
2092		0.026659
2093		0.0280787
2094		0.0267207
2095		0.0282292
2096		0.0288812
2097		0.0314969
2098		0.0352701
2099		0.0382562
2100		0.0434877
2101		0.0490664
2102		0.0522608
2103		0.060625
2104		0.0706327
2105		0.0747068
2106		0.0844213
2107		0.0934877
2108		0.0986497
2109		0.10534
2110		0.114182
2111		0.114954
2112		0.12532
2113		0.133117
2114		0.138935
2115		0.151497
2116		0.158561
2117		0.165748
2118		0.173619
2119		0.18608
2120		0.19186
2121		0.202978
2122		0.212666
2123		0.216034
2124		0.223931
2125		0.226574
2126		0.234217
2127		0.236107
2128		0.248908
2129		0.245139
2130		0.25451
2131		0.257485
2132		0.252739
2133		0.251667
2134		0.248465
2135		0.245015
2136		0.258769
2137		0.252789
2138		0.258438
2139		0.257095
2140		0.270953
2141		0.26299
2142		0.265131
2143		0.264649
2144		0.267168
2145		0.265714
2146		0.264637
2147		0.263102
2148		0.259035
2149		0.25424
2150		0.258866
2151		0.252083
2152		0.239163
2153		0.237948
2154		0.23686
2155		0.241929
2156		0.243399
2157		0.249356
2158		0.237446
2159		0.235687
2160		0.231022
2161		0.218735
2162		0.21652
2163		0.22375
2164		0.232187
2165		0.23108
2166		0.227828
2167		0.220197
2168		0.217859
2169		0.215907
2170		0.210899
2171		0.207901
2172		0.214051
2173		0.204873
2174		0.202419
2175		0.204201
2176		0.199869
2177		0.196157
2178		0.188819
2179		0.185571
2180		0.18348
2181		0.173225
2182		0.166817
2183		0.161516
2184		0.152739
2185		0.142554
2186		0.131011
2187		0.125864
2188		0.118441
2189		0.11733
2190		0.110849
2191		0.103673
2192		0.0993982
2193		0.0908102
2194		0.0875502
2195		0.0837269
2196		0.0796451
2197		0.0761728
2198		0.0715586
2199		0.065108
2200		0.0598727
2201		0.0581944
2202		0.0536574
2203		0.0475154
2204		0.0471142
2205		0.0451929
2206		0.0372068
2207		0.0371798
2208		0.0335339
2209		0.0323688
2210		0.0298688
2211		0.0317901
2212		0.0290509
2213		0.0268673
2214		0.0221142
2215		0.0192515
2216		0.0201003
2217		0.0146914
2218		0.013642
2219		0.0128627
2220		0.0103472
2221		0.011929
2222		0.0131559
2223		0.0121605
2224		0.013287
2225		0.0138657
2226		0.013696
2227		0.0138812
2228		0.0127431
2229		0.013966
2230		0.0139969
2231		0.0145679
2232		0.0150116
2233		0.0150656
2234		0.0146258
2235		0.0130285
2236		0.0131057
2237		0.0143364
2238		0.0141049
2239		0.0161111
2240		0.0164043
2241		0.0155903
2242		0.0155247
2243		0.0160031
2244		0.0194946
2245		0.0202546
2246		0.0183873
2247		0.019321
2248		0.0193904
2249		0.0168056
2250		0.0183526
2251		0.0200656
2252		0.0187191
2253		0.0164043
2254		0.0163079
2255		0.0205208
2256		0.0230478
2257		0.0191165
2258		0.0221682
2259		0.0238503
2260		0.0208295
2261		0.0253318
2262		0.0267477
2263		0.0264969
2264		0.026088
2265		0.0282677
2266		0.0346644
2267		0.0378472
2268		0.0457022
2269		0.0615432
2270		0.0657407
2271		0.0699383
2272		0.0785147
2273		0.0813387
2274		0.0856983
2275		0.0840394
2276		0.0883796
2277		0.0867361
2278		0.089321
2279		0.0895293
2280		0.0891975
2281		0.0895177
2282		0.0909645
2283		0.0913619
2284		0.0988079
2285		0.101435
2286		0.100972
2287		0.101775
2288		0.103804
2289		0.105386
2290		0.107519
2291		0.109221
2292		0.106767
2293		0.107577
2294		0.107612
2295		0.105826
2296		0.106165
2297		0.109155
2298		0.108395
2299		0.112269
2300		0.117149
2301		0.120968
2302		0.119475
2303		0.121427
2304		0.117789
2305		0.117315
2306		0.120694
2307		0.119537
2308		0.11919
2309		0.118634
2310		0.127847
2311		0.115328
2312		0.122292
2313		0.12311
2314		0.123063
2315		0.120725
2316		0.114946
2317		0.110926
2318		0.105795
2319		0.103341
2320		0.102207
2321		0.10206
2322		0.0992593
2323		0.1001
2324		0.0974614
2325		0.0941049
2326		0.0934259
2327		0.0883488
2328		0.0862461
2329		0.0823881
2330		0.0793248
2331		0.0784645
2332		0.0711034
2333		0.0699421
2334		0.0680903
2335		0.0637153
2336		0.0671644
2337		0.0634221
2338		0.0590818
2339		0.0577662
2340		0.0515586
2341		0.051034
2342		0.0520062
2343		0.0505324
2344		0.0468981
2345		0.0460995
2346		0.0466204
2347		0.0446103
2348		0.0446451
2349		0.0417323
2350		0.0409799
2351		0.0423688
2352		0.03799
2353		0.0363966
2354		0.0336574
2355		0.0323843
2356		0.0336265
2357		0.0318287
2358		0.0308603
2359		0.0241358
2360		0.0224306
2361		0.0200231
2362		0.0196258
2363		0.0200463
2364		0.0177546
2365		0.0178395
2366		0.0197608
2367		0.0158256
2368		0.0152855
2369		0.0155556
2370		0.0157253
2371		0.0139352
2372		0.0165741
2373		0.0142052
2374		0.0135417
2375		0.0136111
2376		0.0109105
2377		0.0119444
2378		0.0144367
2379		0.015216
2380		0.015787
2381		0.0166975
2382		0.0194097
2383		0.0273148
2384		0.0333449
2385		0.0387191
2386		0.0509105
2387		0.0522917
2388		0.0625772
2389		0.0601466
2390		0.0601698
2391		0.0565123
2392		0.0543364
2393		0.0511034
2394		0.050463
2395		0.0491088
2396		0.048233
2397		0.043287
2398		0.0369907
2399		0.0359954
2400		0.0335031
2401		0.0307253
2402		0.0330247
2403		0.0331404
2404		0.0402546
2405		0.0427469
2406		0.0393441
2407		0.051412
2408		0.0533951
2409		0.0534722
2410		0.0511728
2411		0.0448148
2412		0.0454012
2413		0.0452315
2414		0.0444136
2415		0.0524306
2416		0.0469753
2417		0.0463619
2418		0.0442515
2419		0.0401235
2420		0.0420293
2421		0.0396181
2422		0.0373611
2423		0.031196
2424		0.0224074
2425		0.0184414
2426		0.0180633
2427		0.0171528
2428		0.0190278
2429		0.0172994
2430		0.0148418
2431		0.0151852
2432		0.0158796
2433		0.025
2434		0.0335262
2435		0.0370679
2436		0.0469367
2437		0.0492978
2438		0.051034
2439		0.0525347
2440		0.0564159
2441		0.0567014
2442		0.056929
2443		0.0590509
2444		0.0595293
2445		0.0622608
2446		0.0627006
2447		0.063179
2448		0.0630093
2449		0.0644522
2450		0.0660417
2451		0.0660648
2452		0.0683025
2453		0.0673148
2454		0.0675617
2455		0.0703935
2456		0.0704167
2457		0.0724923
2458		0.0748302
2459		0.0763349
2460		0.0771142
2461		0.082284
2462		0.0826312
2463		0.0849228
2464		0.083966
2465		0.0833025
2466		0.0788503
2467		0.0737346
2468		0.0697454
2469		0.0650154
2470		0.0617168
2471		0.0588735
2472		0.0541898
2473		0.0499846
2474		0.0479321
2475		0.0431752
2476		0.0436883
2477		0.0457716
2478		0.0425849
2479		0.0403588
2480		0.0394174
2481		0.036686
2482		0.0341705
2483		0.0352894
2484		0.0307407
2485		0.0321296
2486		0.0301698
2487		0.0295756
2488		0.0299691
2489		0.0310571
2490		0.0315895
2491		0.0334491
2492		0.0343673
2493		0.0353009
2494		0.0367978
2495		0.0370525
2496		0.0373611
2497		0.0374923
2498		0.0385957
2499		0.0383333
2500		0.039483
2501		0.0390046
2502		0.0392515
2503		0.0402238
2504		0.0422994
2505		0.0440895
2506		0.0432407
2507		0.0448148
2508		0.0487191
2509		0.0561883
2510		0.0593673
2511		0.0636188
2512		0.0732793
2513		0.0772145
2514		0.0811574
2515		0.0813194
2516		0.0822685
2517		0.0786728
2518		0.0764429
2519		0.0757099
2520		0.0756404
2521		0.0762114
2522		0.0771682
2523		0.0766744
2524		0.0791358
2525		0.0795988
2526		0.0774537
2527		0.073804
2528		0.0735725
2529		0.0732253
2530		0.0722531
2531		0.0767515
2532		0.0797685
2533		0.0740664
2534		0.07375
2535		0.0781944
2536		0.0828086
2537		0.0794599
2538		0.0791049
2539		0.0820139
2540		0.0840355
2541		0.0884799
2542		0.0828858
2543		0.0825849
2544		0.0859799
2545		0.0909259
2546		0.0856019
2547		0.0829321
2548		0.0846142
2549		0.0819676
2550		0.0785571
2551		0.0791358
2552		0.0778858
2553		0.0828318
2554		0.0783179
2555		0.0758873
2556		0.072635
2557		0.0696373
2558		0.0683179
2559		0.072338
2560		0.0723611
2561		0.0597415
2562		0.052365
2563		0.0424576
2564		0.0411651
2565		0.0390046
2566		0.0334877
2567		0.0330401
2568		0.0323804
2569		0.0295833
2570		0.0283256
2571		0.0253395
2572		0.0196836
2573		0.0172801
2574		0.0163349
2575		0.0154244
2576		0.0147762
2577		0.0133873
2578		0.0136574
2579		0.0137886
2580		0.0139815
2581		0.0145293
2582		0.0148148
2583		0.0140818
2584		0.0148997
2585		0.0144907
2586		0.0151543
2587		0.0146605
2588		0.0149846
2589		0.0161497
2590		0.0150309
2591		0.0151929
2592		0.0145602
2593		0.0148071
2594		0.0152546
2595		0.0160571
2596		0.0166127
2597		0.0156559
2598		0.0153395
2599		0.0146682
2600		0.0152315
2601		0.0146759
2602		0.0152238
2603		0.0157407
2604		0.0158565
2605		0.0159182
2606		0.0159645
2607		0.0164352
2608		0.0164275
2609		0.0164429
2610		0.0158951
2611		0.0176157
2612		0.0162963
2613		0.0175154
2614		0.0171991
2615		0.0173032
2616		0.0165702
2617		0.0171451
2618		0.0172994
2619		0.0176543
2620		0.0180633
2621		0.0182407
2622		0.0170448
2623		0.0174537
2624		0.0201968
2625		0.0261227
2626		0.0334182
2627		0.037311
2628		0.0440394
2629		0.0487847
2630		0.0516435
2631		0.0537654
2632		0.0559336
2633		0.0563272
2634		0.0582176
2635		0.0607793
2636		0.0605093
2637		0.0666242
2638		0.072581
2639		0.0769059
2640		0.0836265
2641		0.0902855
2642		0.0919637
2643		0.0993596
2644		0.102531
2645		0.103827
2646		0.10885
2647		0.114923
2648		0.121119
2649		0.126281
2650		0.130918
2651		0.131952
2652		0.138102
2653		0.138318
2654		0.140386
2655		0.145062
2656		0.147608
2657		0.150463
2658		0.152176
2659		0.155023
2660		0.159506
2661		0.149035
2662		0.158576
2663		0.160069
2664		0.160015
2665		0.168704
2666		0.162454
2667		0.158546
2668		0.164591
2669		0.165509
2670		0.166736
2671		0.167407
2672		0.164012
2673		0.166763
2674		0.163519
2675		0.169815
2676		0.168434
2677		0.17081
2678		0.165247
2679		0.162975
2680		0.16706
2681		0.163372
2682		0.150116
2683		0.146721
2684		0.147438
2685		0.14456
2686		0.110104
2687		0.10652
2688		0.108005
2689		0.1126
2690		0.111204
2691		0.113854
2692		0.107789
2693		0.109066
2694		0.106389
2695		0.097446
2696		0.0957562
2697		0.085571
2698		0.0768982
2699		0.06951
2700		0.0647377
2701		0.0646914
2702		0.0657562
2703		0.0626736
2704		0.0623071
2705		0.0640972
2706		0.0674074
2707		0.0703781
2708		0.0684028
2709		0.0639043
2710		0.0586188
2711		0.0583719
2712		0.0556173
2713		0.0538194
2714		0.0528549
2715		0.0548688
2716		0.0551775
2717		0.0563426
2718		0.0560571
2719		0.0565972
2720		0.0567284
2721		0.0564738
2722		0.0547531
2723		0.0565355
2724		0.0569059
2725		0.0571914
2726		0.0584182
2727		0.0613503
2728		0.0682099
2729		0.0703086
2730		0.0771528
2731		0.0823843
2732		0.0848341
2733		0.0898264
2734		0.0907948
2735		0.0939969
2736		0.0943981
2737		0.0978627
2738		0.0971373
2739		0.0975309
2740		0.099838
2741		0.100015
2742		0.0999151
2743		0.102593
2744		0.103353
2745		0.10206
2746		0.104614
2747		0.106011
2748		0.107701
2749		0.111721
2750		0.113796
2751		0.112068
2752		0.113549
2753		0.11375
2754		0.116142
2755		0.115448
2756		0.117731
2757		0.11885
2758		0.122199
2759		0.121235
2760		0.122184
2761		0.123785
2762		0.123133
2763		0.125664
2764		0.125436
2765		0.125297
2766		0.128758
2767		0.131235
2768		0.131694
2769		0.13348
2770		0.133812
2771		0.133079
2772		0.133287
2773		0.137022
2774		0.137886
2775		0.142106
2776		0.143356
2777		0.143441
2778		0.146458
2779		0.145918
2780		0.145988
2781		0.14659
2782		0.146451
2783		0.148241
2784		0.147292
2785		0.146659
2786		0.139552
2787		0.140664
2788		0.140135
2789		0.141736
2790		0.140131
2791		0.138931
2792		0.137812
2793		0.138488
2794		0.138534
2795		0.137917
2796		0.137693
2797		0.139645
2798		0.137932
2799		0.139414
2800		0.141883
2801		0.143368
2802		0.144302
2803		0.144344
2804		0.144117
2805		0.145876
2806		0.14613
2807		0.14684
2808		0.148279
2809		0.147562
2810		0.147172
2811		0.144715
2812		0.144877
2813		0.145463
2814		0.147361
2815		0.147365
2816		0.148013
2817		0.146235
2818		0.148665
2819		0.150247
2820		0.149244
2821		0.148179
2822		0.147677
2823		0.149676
2824		0.146698
2825		0.148924
2826		0.149664
2827		0.14985
2828		0.150486
2829		0.149884
2830		0.149398
2831		0.149769
2832		0.149012
2833		0.148904
2834		0.149722
2835		0.149985
2836		0.152458
2837		0.152681
2838		0.150367
2839		0.151408
2840		0.152882
2841		0.154178
2842		0.153769
2843		0.15434
2844		0.153083
2845		0.15304
2846		0.154996
2847		0.155266
2848		0.15566
2849		0.156412
2850		0.16039
2851		0.16554
2852		0.166528
2853		0.169194
2854		0.170563
2855		0.169726
2856		0.167689
2857		0.166551
2858		0.165285
2859		0.163441
2860		0.161335
2861		0.153819
2862		0.152141
2863		0.15086
2864		0.151786
2865		0.15282
2866		0.154298
2867		0.153904
2868		0.153742
2869		0.153704
2870		0.154194
2871		0.153924
2872		0.15343
2873		0.15289
2874		0.152531
2875		0.153279
2876		0.153507
2877		0.152172
2878		0.153831
2879		0.155274
2880		0.157631
2881		0.161188
2882		0.162878
2883		0.162473
2884		0.165143
2885		0.165721
2886		0.174244
2887		0.177411
2888		0.177126
2889		0.17723
2890		0.177785
2891		0.179788
2892		0.180656
2893		0.181644
2894		0.182473
2895		0.179954
2896		0.179884
2897		0.180505
2898		0.178684
2899		0.181011
2900		0.181505
2901		0.182886
2902		0.183499
2903		0.180293
2904		0.181046
2905		0.180309
2906		0.180436
2907		0.181481
2908		0.181335
2909		0.182114
2910		0.183341
2911		0.174907
2912		0.175826
2913		0.175887
2914		0.174695
2915		0.175648
2916		0.175745
2917		0.175687
2918		0.174892
2919		0.175594
2920		0.177319
2921		0.178032
2922		0.179005
2923		0.180706
2924		0.18103
2925		0.180563
2926		0.180081
2927		0.178738
2928		0.177959
2929		0.176049
2930		0.177288
2931		0.178989
2932		0.18017
2933		0.180104
2934		0.181316
2935		0.181601
2936		0.169904
2937		0.171725
2938		0.170432
2939		0.171397
2940		0.172469
2941		0.177508
2942		0.181343
2943		0.184834
2944		0.189487
2945		0.19174
2946		0.196767
2947		0.200255
2948		0.206003
2949		0.211682
2950		0.217461
2951		0.219093
2952		0.225073
2953		0.22804
2954		0.230621
2955		0.236536
2956		0.240791
2957		0.24505
2958		0.250093
2959		0.253642
2960		0.258804
2961		0.271659
2962		0.278071
2963		0.282238
2964		0.28821
2965		0.29316
2966		0.294537
2967		0.298603
2968		0.303333
2969		0.305702
2970		0.311898
2971		0.317415
2972		0.317539
2973		0.323519
2974		0.328117
2975		0.330992
2976		0.333935
2977		0.337863
2978		0.341211
2979		0.343256
2980		0.343819
2981		0.345895
2982		0.347677
2983		0.352114
2984		0.352747
2985		0.356697
2986		0.355278
2987		0.356767
2988		0.357654
2989		0.361898
2990		0.364992
2991		0.370162
2992		0.374745
2993		0.38027
2994		0.381381
2995		0.384483
2996		0.388904
2997		0.393789
2998		0.399923
2999		0.399244
3000		0.404429
3001		0.402724
3002		0.406759
3003		0.408588
3004		0.41571
3005		0.418835
3006		0.421512
3007		0.42662
3008		0.43032
3009		0.438113
3010		0.443164
3011		0.447029
3012		0.453573
3013		0.46135
3014		0.458789
3015		0.465687
3016		0.473692
3017		0.479471
3018		0.48902
3019		0.490563
3020		0.491806
3021		0.497253
3022		0.505675
3023		0.515394
3024		0.511443
3025		0.518711
3026		0.517658
3027		0.516613
3028		0.517585
3029		0.52532
3030		0.52311
3031		0.52316
3032		0.522299
3033		0.518164
3034		0.521428
3035		0.523627
3036		0.514182
3037		0.507986
3038		0.506443
3039		0.51071
3040		0.519194
3041		0.516049
3042		0.521034
3043		0.516265
3044		0.522222
3045		0.521559
3046		0.521003
3047		0.519356
3048		0.520741
3049		0.522851
3050		0.520505
3051		0.525332
3052		0.519028
3053		0.52191
3054		0.522677
3055		0.519695
3056		0.518839
3057		0.517407
3058		0.518573
3059		0.519024
3060		0.525131
3061		0.500019
3062		0.499051
3063		0.49723
3064		0.499371
3065		0.509047
3066		0.51485
3067		0.523094
3068		0.528225
3069		0.531636
3070		0.532465
3071		0.532411
3072		0.529109
3073		0.526211
3074		0.526667
3075		0.530583
3076		0.533885
3077		0.53196
3078		0.527662
3079		0.532095
3080		0.535417
3081		0.543476
3082		0.55608
3083		0.558407
3084		0.558364
3085		0.566057
3086		0.560525
3087		0.563441
3088		0.562095
3089		0.566404
3090		0.566323
3091		0.565282
3092		0.567099
3093		0.566354
3094		0.566088
3095		0.568688
3096		0.572539
3097		0.571983
3098		0.57314
3099		0.566343
3100		0.568353
3101		0.569429
3102		0.577971
3103		0.577211
3104		0.576856
3105		0.57365
3106		0.573765
3107		0.576003
3108		0.576389
3109		0.576096
3110		0.577932
3111		0.545158
3112		0.54289
3113		0.547612
3114		0.54902
3115		0.549969
3116		0.550316
3117		0.547377
3118		0.551127
3119		0.555525
3120		0.557207
3121		0.555062
3122		0.557693
3123		0.559923
3124		0.563256
3125		0.568125
3126		0.568395
3127		0.572801
3128		0.572338
3129		0.572677
3130		0.573079
3131		0.576813
3132		0.572577
3133		0.572454
3134		0.573542
3135		0.576821
3136		0.573233
3137		0.576049
3138		0.578943
3139		0.576721
3140		0.579904
3141		0.582458
3142		0.585212
3143		0.585023
3144		0.586451
3145		0.58836
3146		0.590316
3147		0.595737
3148		0.596273
3149		0.595332
3150		0.599606
3151		0.598908
3152		0.59772
3153		0.597573
3154		0.602161
3155		0.600934
3156		0.60213
3157		0.60412
3158		0.602975
3159		0.605656
3160		0.607639
3161		0.571643
3162		0.573152
3163		0.569549
3164		0.565409
3165		0.571022
3166		0.566833
3167		0.568044
3168		0.57238
3169		0.574518
3170		0.576601
3171		0.576644
3172		0.575849
3173		0.575718
3174		0.576312
3175		0.576439
3176		0.577465
3177		0.579028
3178		0.581366
3179		0.588453
3180		0.589325
3181		0.594275
3182		0.599888
3183		0.603063
3184		0.604082
3185		0.60368
3186		0.608777
3187		0.614537
3188		0.616497
3189		0.618075
3190		0.623333
3191		0.621127
3192		0.626451
3193		0.626424
3194		0.628206
3195		0.631644
3196		0.63598
3197		0.634406
3198		0.630347
3199		0.631366
3200		0.633449
3201		0.635301
3202		0.634776
3203		0.637083
3204		0.639167
3205		0.637932
3206		0.639105
3207		0.638866
3208		0.638079
3209		0.640116
3210		0.6374
3211		0.584082
3212		0.584556
3213		0.586134
3214		0.592357
3215		0.592546
3216		0.591721
3217		0.594186
3218		0.591721
3219		0.597338
3220		0.595471
3221		0.597384
3222		0.596979
3223		0.598565
3224		0.603372
3225		0.601574
3226		0.606019
3227		0.606373
3228		0.606829
3229		0.611038
3230		0.612527
3231		0.614475
3232		0.61512
3233		0.616285
3234		0.618542
3235		0.620012
3236		0.604001
3237		0.606697
3238		0.606466
3239		0.604344
3240		0.608083
3241		0.608256
3242		0.608538
3243		0.608781
3244		0.609306
3245		0.609637
3246		0.607932
3247		0.609765
3248		0.607504
3249		0.608071
3250		0.610602
3251		0.586281
3252		0.587126
3253		0.587407
3254		0.588156
3255		0.58787
3256		0.589807
3257		0.59189
3258		0.590316
3259		0.590378
3260		0.593873
3261		0.591389
3262		0.591223
3263		0.594267
3264		0.60037
3265		0.600421
3266		0.601327
3267		0.601134
3268		0.598511
3269		0.602261
3270		0.602677
3271		0.603773
3272		0.602816
3273		0.603121
3274		0.606975
3275		0.607685
3276		0.611806
3277		0.608688
3278		0.610374
3279		0.61554
3280		0.613349
3281		0.614286
3282		0.61434
3283		0.615309
3284		0.614988
3285		0.617122
3286		0.620031
3287		0.618966
3288		0.621265
3289		0.622959
3290		0.622438
3291		0.622353
3292		0.624437
3293		0.625598
3294		0.626539
3295		0.625409
3296		0.625193
3297		0.625367
3298		0.626528
3299		0.627357
3300		0.627157
3301		0.626412
3302		0.626381
3303		0.626956
3304		0.627677
3305		0.627855
3306		0.625656
3307		0.625826
3308		0.627523
3309		0.625922
3310		0.627079
3311		0.57767
3312		0.576744
3313		0.583218
3314		0.584583
3315		0.585062
3316		0.588009
3317		0.589414
3318		0.592323
3319		0.589564
3320		0.588596
3321		0.589259
3322		0.591026
3323		0.592222
3324		0.590949
3325		0.592971
3326		0.59902
3327		0.597184
3328		0.594923
3329		0.594684
3330		0.596566
3331		0.596998
3332		0.598627
3333		0.601281
3334		0.604028
3335		0.604051
3336		0.606698
3337		0.607948
3338		0.606458
3339		0.608075
3340		0.607261
3341		0.60566
3342		0.608059
3343		0.613958
3344		0.613831
3345		0.614892
3346		0.615413
3347		0.615413
3348		0.615914
3349		0.614367
3350		0.619433
3351		0.621219
3352		0.622261
3353		0.621281
3354		0.622766
3355		0.623113
3356		0.622805
3357		0.621875
3358		0.622894
3359		0.623584
3360		0.624911
3361		0.627755
3362		0.627361
3363		0.62412
3364		0.626211
3365		0.6275
3366		0.628881
3367		0.628032
3368		0.627431
3369		0.62554
3370		0.627755
3371		0.630247
3372		0.628711
3373		0.633411
3374		0.62912
3375		0.631578
3376		0.632083
3377		0.632512
3378		0.62985
3379		0.626933
3380		0.627311
3381		0.630436
3382		0.629402
3383		0.631235
3384		0.630096
3385		0.629842
3386		0.590536
3387		0.588588
3388		0.591119
3389		0.593453
3390		0.597253
3391		0.599676
3392		0.601042
3393		0.600486
3394		0.600772
3395		0.598518
3396		0.600702
3397		0.603511
3398		0.605401
3399		0.606667
3400		0.608129
3401		0.607944
3402		0.607735
3403		0.609684
3404		0.609857
3405		0.613241
3406		0.614448
3407		0.615355
3408		0.614448
3409		0.613183
3410		0.613738
3411		0.59973
3412		0.598194
3413		0.600463
3414		0.604429
3415		0.60091
3416		0.6024
3417		0.601481
3418		0.603441
3419		0.601296
3420		0.601042
3421		0.597832
3422		0.604275
3423		0.601613
3424		0.602492
3425		0.604884
3426		0.607122
3427		0.604853
3428		0.608399
3429		0.608476
3430		0.607184
3431		0.609074
3432		0.609626
3433		0.61015
3434		0.610694
3435		0.611435
3436		0.608245
3437		0.610536
3438		0.610486
3439		0.6101
3440		0.609884
3441		0.61196
3442		0.609792
3443		0.613017
3444		0.612014
3445		0.61201
3446		0.61311
3447		0.611998
3448		0.613229
3449		0.613476
3450		0.614313
3451		0.61804
3452		0.616512
3453		0.617573
3454		0.620409
3455		0.618534
3456		0.621111
3457		0.621782
3458		0.622859
3459		0.624174
3460		0.621713
3461		0.596836
3462		0.597801
3463		0.600463
3464		0.603221
3465		0.603194
3466		0.602627
3467		0.604113
3468		0.606242
3469		0.603881
3470		0.607855
3471		0.607955
3472		0.607917
3473		0.610563
3474		0.610147
3475		0.61304
3476		0.608727
3477		0.610579
3478		0.610876
3479		0.613214
3480		0.614834
3481		0.621312
3482		0.620077
3483		0.619784
3484		0.620957
3485		0.621096
3486		0.614244
3487		0.613997
3488		0.61412
3489		0.617909
3490		0.617855
3491		0.626111
3492		0.624568
3493		0.630556
3494		0.631929
3495		0.634028
3496		0.632268
3497		0.635926
3498		0.633885
3499		0.636539
3500		0.636404
3501		0.620552
3502		0.62081
3503		0.622338
3504		0.622654
3505		0.624074
3506		0.624969
3507		0.625239
3508		0.625286
3509		0.625872
3510		0.626366
3511		0.568584
3512		0.569005
3513		0.57189
3514		0.567863
3515		0.571451
3516		0.573951
3517		0.575023
3518		0.578611
3519		0.579529
3520		0.581196
3521		0.582276
3522		0.583503
3523		0.585502
3524		0.588098
3525		0.589456
3526		0.591748
3527		0.594965
3528		0.599036
3529		0.599826
3530		0.602226
3531		0.601161
3532		0.605205
3533		0.603997
3534		0.606439
3535		0.606312
3536		0.613657
3537		0.613275
3538		0.612932
3539		0.611312
3540		0.613387
3541		0.613495
3542		0.613681
3543		0.620517
3544		0.619711
3545		0.620467
3546		0.622504
3547		0.62392
3548		0.622855
3549		0.625324
3550		0.627006
3551		0.625918
3552		0.627261
3553		0.627373
3554		0.62929
3555		0.627323
3556		0.628819
3557		0.628187
3558		0.628503
3559		0.628812
3560		0.628943
3561		0.619383
3562		0.619228
3563		0.623727
3564		0.620355
3565		0.624931
3566		0.625563
3567		0.626489
3568		0.625154
3569		0.627901
3570		0.637863
3571		0.638403
3572		0.642847
3573		0.641551
3574		0.644606
3575		0.647978
3576		0.648225
3577		0.651474
3578		0.65162
3579		0.654213
3580		0.652762
3581		0.652847
3582		0.65598
3583		0.65662
3584		0.655498
3585		0.656053
3586		0.655529
3587		0.653792
3588		0.652396
3589		0.6536
3590		0.656694
3591		0.655791
3592		0.65527
3593		0.655856
3594		0.655405
3595		0.624714
3596		0.623302
3597		0.627168
3598		0.630355
3599		0.631262
3600		0.631447
3601		0.631381
3602		0.633989
3603		0.631069
3604		0.632052
3605		0.634051
3606		0.633866
3607		0.635529
3608		0.635918
3609		0.636335
3610		0.636019
3611		0.637353
3612		0.637866
3613		0.637924
3614		0.639676
3615		0.638974
3616		0.636539
3617		0.637068
3618		0.639275
3619		0.640486
3620		0.595494
3621		0.598476
3622		0.604336
3623		0.601304
3624		0.60566
3625		0.610694
3626		0.611134
3627		0.611165
3628		0.612496
3629		0.612415
3630		0.614595
3631		0.616748
3632		0.618596
3633		0.621466
3634		0.621208
3635		0.626443
3636		0.627569
3637		0.631786
3638		0.636292
3639		0.636547
3640		0.63885
3641		0.635965
3642		0.636752
3643		0.640123
3644		0.641269
3645		0.647446
3646		0.64483
3647		0.646289
3648		0.64684
3649		0.645027
3650		0.6474
3651		0.647789
3652		0.654178
3653		0.649275
3654		0.650039
3655		0.649576
3656		0.648241
3657		0.650316
3658		0.652014
3659		0.648669
3660		0.646242
3661		0.648519
3662		0.64902
3663		0.647782
3664		0.64902
3665		0.646381
3666		0.649306
3667		0.647461
3668		0.64598
3669		0.648642
3670		0.618256
3671		0.619352
3672		0.626458
3673		0.623441
3674		0.627384
3675		0.623032
3676		0.623754
3677		0.625193
3678		0.621435
3679		0.62566
3680		0.620046
3681		0.622905
3682		0.631204
3683		0.631343
3684		0.63044
3685		0.63267
3686		0.633947
3687		0.63615
3688		0.632346
3689		0.635625
3690		0.634946
3691		0.637847
3692		0.633827
3693		0.638411
3694		0.636836
3695		0.632245
3696		0.633565
3697		0.635019
3698		0.633893
3699		0.631694
3700		0.626929
3701		0.627434
3702		0.628426
3703		0.630884
3704		0.629614
3705		0.631146
3706		0.632195
3707		0.633191
3708		0.637874
3709		0.638989
3710		0.641991
3711		0.641157
3712		0.640571
3713		0.644001
3714		0.647724
3715		0.647153
3716		0.646806
3717		0.646671
3718		0.648187
3719		0.647211
3720		0.617025
3721		0.618395
3722		0.618808
3723		0.623102
3724		0.624599
3725		0.623746
3726		0.623187
3727		0.623684
3728		0.622353
3729		0.620054
3730		0.621806
3731		0.620432
3732		0.622261
3733		0.622851
3734		0.620822
3735		0.622238
3736		0.623704
3737		0.622542
3738		0.625417
3739		0.627214
3740		0.626593
3741		0.626605
3742		0.625143
3743		0.624572
3744		0.623206
3745		0.61235
3746		0.612346
3747		0.612716
3748		0.614313
3749		0.61304
3750		0.61434
3751		0.601709
3752		0.605448
3753		0.603094
3754		0.603499
3755		0.607033
3756		0.606589
3757		0.609379
3758		0.612311
3759		0.613268
3760		0.616065
3761		0.616107
3762		0.616323
3763		0.613002
3764		0.618248
3765		0.615355
3766		0.619514
3767		0.615201
3768		0.61794
3769		0.615799
3770		0.565463
3771		0.567793
3772		0.572793
3773		0.572909
3774		0.575231
3775		0.576057
3776		0.576914
3777		0.577647
3778		0.5776
3779		0.577886
3780		0.576319
3781		0.579082
3782		0.579853
3783		0.58223
3784		0.582207
3785		0.584128
3786		0.586242
3787		0.588171
3788		0.58914
3789		0.590652
3790		0.591644
3791		0.591335
3792		0.593534
3793		0.595521
3794		0.597218
3795		0.585012
3796		0.586439
3797		0.590571
3798		0.592184
3799		0.59189
3800		0.59348
3801		0.593445
3802		0.594225
3803		0.601057
3804		0.601952
3805		0.602188
3806		0.601192
3807		0.601848
3808		0.603889
3809		0.6076
3810		0.604776
3811		0.607816
3812		0.605394
3813		0.608684
3814		0.608692
3815		0.610278
3816		0.612431
3817		0.615177
3818		0.616111
3819		0.61887
3820		0.627431
3821		0.62811
3822		0.629606
3823		0.628592
3824		0.630864
3825		0.628411
3826		0.634915
3827		0.630262
3828		0.633102
3829		0.6363
3830		0.635421
3831		0.639309
3832		0.642404
3833		0.644016
3834		0.642519
3835		0.645004
3836		0.647299
3837		0.652998
3838		0.651478
3839		0.652944
3840		0.653642
3841		0.655108
3842		0.656111
3843		0.658241
3844		0.65885
3845		0.655096
3846		0.651204
3847		0.655548
3848		0.658002
3849		0.657438
3850		0.660471
3851		0.661883
3852		0.664367
3853		0.663858
3854		0.668248
3855		0.671053
3856		0.675058
3857		0.677878
3858		0.680093
3859		0.678333
3860		0.680239
3861		0.687816
3862		0.691019
3863		0.686644
3864		0.691181
3865		0.690926
3866		0.686998
3867		0.687076
3868		0.682585
3869		0.682261
3870		0.627786
3871		0.626671
3872		0.62914
3873		0.629063
3874		0.6299
3875		0.632801
3876		0.633657
3877		0.630313
3878		0.634506
3879		0.637377
3880		0.636983
3881		0.643681
3882		0.647168
3883		0.643596
3884		0.640841
3885		0.643966
3886		0.644267
3887		0.645448
3888		0.643152
3889		0.646617
3890		0.645378
3891		0.646466
3892		0.648029
3893		0.65098
3894		0.651744
3895		0.658098
3896		0.653291
3897		0.659788
3898		0.659819
3899		0.663846
3900		0.662951
3901		0.662936
3902		0.661173
3903		0.669109
3904		0.667967
3905		0.672805
3906		0.679043
3907		0.676497
3908		0.673557
3909		0.675023
3910		0.675536
3911		0.679286
3912		0.678989
3913		0.680062
3914		0.680787
3915		0.682168
3916		0.680833
3917		0.67936
3918		0.677716
3919		0.6799
3920		0.654275
3921		0.653773
3922		0.651836
3923		0.657975
3924		0.658916
3925		0.659124
3926		0.658353
3927		0.659776
3928		0.660459
3929		0.65517
3930		0.659522
3931		0.662215
3932		0.661265
3933		0.66162
3934		0.661752
3935		0.661381
3936		0.66304
3937		0.658696
3938		0.662353
3939		0.664182
3940		0.664846
3941		0.661505
3942		0.665729
3943		0.66635
3944		0.668781
3945		0.642099
3946		0.644749
3947		0.64816
3948		0.649093
3949		0.649803
3950		0.645625
3951		0.647527
3952		0.64659
3953		0.6512
3954		0.648889
3955		0.652585
3956		0.654113
3957		0.660837
3958		0.658233
3959		0.655779
3960		0.656999
3961		0.655116
3962		0.653542
3963		0.657052
3964		0.660463
3965		0.658333
3966		0.65814
3967		0.661806
3968		0.665853
3969		0.663194
3970		0.669907
3971		0.671836
3972		0.671304
3973		0.671678
3974		0.673383
3975		0.674194
3976		0.6751
3977		0.677114
3978		0.675355
3979		0.676057
3980		0.681752
3981		0.685266
3982		0.687689
3983		0.685995
3984		0.685305
3985		0.685826
3986		0.679985
3987		0.681018
3988		0.676551
3989		0.681211
3990		0.683912
3991		0.690096
3992		0.690066
3993		0.689105
3994		0.68782
3995		0.668615
3996		0.667975
3997		0.667303
3998		0.66294
3999		0.664414
4000		0.662307
4001		0.639306
4002		0.640868
4003		0.644047
4004		0.643434
4005		0.64549
4006		0.657515
4007		0.659429
4008		0.658966
4009		0.661863
4010		0.664568
4011		0.665756
4012		0.664198
4013		0.663557
4014		0.664352
4015		0.666373
4016		0.667631
4017		0.668758
4018		0.667091
4019		0.667407
4020		0.631636
4021		0.629884
4022		0.62973
4023		0.628758
4024		0.635258
4025		0.634209
4026		0.631617
4027		0.636377
4028		0.639225
4029		0.645413
4030		0.645764
4031		0.65027
4032		0.646505
4033		0.646227
4034		0.655185
4035		0.651184
4036		0.648819
4037		0.651636
4038		0.657315
4039		0.668287
4040		0.670687
4041		0.671397
4042		0.663943
4043		0.661389
4044		0.659803
4045		0.614487
4046		0.611316
4047		0.610895
4048		0.615363
4049		0.621227
4050		0.616991
4051		0.620702
4052		0.627257
4053		0.623723
4054		0.622076
4055		0.629888
4056		0.639506
4057		0.639884
4058		0.628268
4059		0.624051
4060		0.631613
4061		0.629059
4062		0.635833
4063		0.63659
4064		0.641898
4065		0.641304
4066		0.646319
4067		0.636281
4068		0.640409
4069		0.63591
4070		0.658048
4071		0.657415
4072		0.659699
4073		0.670093
4074		0.667446
4075		0.663426
4076		0.67142
4077		0.670725
4078		0.666759
4079		0.65858
4080		0.666034
4081		0.663966
4082		0.66637
4083		0.670529
4084		0.671952
4085		0.671215
4086		0.671586
4087		0.672863
4088		0.676744
4089		0.676887
4090		0.676142
4091		0.674228
4092		0.676697
4093		0.674259
4094		0.675602
4095		0.654421
4096		0.656327
4097		0.654144
4098		0.656644
4099		0.658796
4100		0.662199
4101		0.667083
4102		0.660224
4103		0.663719
4104		0.665428
4105		0.660934
4106		0.66983
4107		0.667072
4108		0.667975
4109		0.657519
4110		0.65956
4111		0.661937
4112		0.664429
4113		0.666856
4114		0.671462
4115		0.665694
4116		0.668657
4117		0.670556
4118		0.66939
4119		0.672604
4120		0.680841
4121		0.68284
4122		0.68527
4123		0.68162
4124		0.686956
4125		0.684842
4126		0.684857
4127		0.683873
4128		0.684552
4129		0.683137
4130		0.682608
4131		0.679985
4132		0.683052
4133		0.683611
4134		0.688765
4135		0.688345
4136		0.690054
4137		0.688248
4138		0.681952
4139		0.684078
4140		0.680351
4141		0.683407
4142		0.682639
4143		0.684726
4144		0.682566
4145		0.619321
4146		0.621535
4147		0.620232
4148		0.621289
4149		0.625262
4150		0.625941
4151		0.625552
4152		0.627377
4153		0.635586
4154		0.631273
4155		0.630702
4156		0.637384
4157		0.63838
4158		0.642878
4159		0.652025
4160		0.656196
4161		0.652847
4162		0.658302
4163		0.661782
4164		0.662261
4165		0.660698
4166		0.665671
4167		0.665177
4168		0.666562
4169		0.668619
4170		0.657006
4171		0.661358
4172		0.662199
4173		0.656373
4174		0.65963
4175		0.674699
4176		0.674977
4177		0.671721
4178		0.677801
4179		0.67814
4180		0.682369
4181		0.691705
4182		0.691798
4183		0.697083
4184		0.698488
4185		0.695309
4186		0.692608
4187		0.693013
4188		0.692786
4189		0.696535
4190		0.699367
4191		0.702087
4192		0.708789
4193		0.703457
4194		0.707384
4195		0.695976
4196		0.694846
4197		0.697504
4198		0.698403
4199		0.700671
4200		0.700957
4201		0.711049
4202		0.706231
4203		0.708036
4204		0.706667
4205		0.706447
4206		0.71216
4207		0.713908
4208		0.718414
4209		0.716937
4210		0.720787
4211		0.723164
4212		0.715687
4213		0.718434
4214		0.721968
4215		0.721559
4216		0.720633
4217		0.723029
4218		0.720718
4219		0.720675
4220		0.684518
4221		0.685054
4222		0.681443
4223		0.686563
4224		0.686937
4225		0.675806
4226		0.677049
4227		0.671458
4228		0.677905
4229		0.680428
4230		0.679614
4231		0.680918
4232		0.676258
4233		0.67706
4234		0.685486
4235		0.690818
4236		0.692211
4237		0.693904
4238		0.687801
4239		0.687743
4240		0.64909
4241		0.639838
4242		0.652029
4243		0.640062
4244		0.618542
4245		0.614182
4246		0.619587
4247		0.615421
4248		0.609398
4249		0.602805
4250		0.608592
4251		0.571563
4252		0.575853
4253		0.572832
4254		0.575204
4255		0.551586
4256		0.55326
4257		0.552315
4258		0.551806
4259		0.547759
4260		0.549734
4261		0.548808
4262		0.547901
4263		0.537828
4264		0.54
4265		0.543241
4266		0.543985
4267		0.553673
4268		0.557087
4269		0.560602
4270		0.550301
4271		0.568927
4272		0.573264
4273		0.581713
4274		0.590108
4275		0.591331
4276		0.594109
4277		0.593453
4278		0.59446
4279		0.591007
4280		0.593326
4281		0.599236
4282		0.604383
4283		0.609379
4284		0.606508
4285		0.612064
4286		0.61603
4287		0.623939
4288		0.629271
4289		0.637666
4290		0.634857
4291		0.641366
4292		0.656408
4293		0.64564
4294		0.643291
4295		0.648719
4296		0.649089
4297		0.65233
4298		0.663272
4299		0.66441
4300		0.674093
4301		0.666273
4302		0.661867
4303		0.654919
4304		0.656119
4305		0.652199
4306		0.65473
4307		0.651404
4308		0.653457
4309		0.656952
4310		0.661204
4311		0.658858
4312		0.666752
4313		0.668194
4314		0.671875
4315		0.667948
4316		0.673792
4317		0.673322
4318		0.660853
4319		0.662585
4320		0.641512
4321		0.644182
4322		0.649591
4323		0.643897
4324		0.640382
4325		0.633283
4326		0.628985
4327		0.635347
4328		0.626173
4329		0.625243
4330		0.616759
4331		0.614001
4332		0.617878
4333		0.616262
4334		0.612697
4335		0.613727
4336		0.607762
4337		0.601343
4338		0.600941
4339		0.598391
4340		0.597886
4341		0.606308
4342		0.609853
4343		0.61157
4344		0.614495
4345		0.602199
4346		0.60892
4347		0.613295
4348		0.629302
4349		0.629101
4350		0.630509
4351		0.635085
4352		0.635803
4353		0.632238
4354		0.635193
4355		0.636489
4356		0.632847
4357		0.632496
4358		0.626941
4359		0.623877
4360		0.626678
4361		0.626451
4362		0.628715
4363		0.62429
4364		0.624707
4365		0.621759
4366		0.622762
4367		0.620779
4368		0.616728
4369		0.623025
4370		0.629992
4371		0.627396
4372		0.634232
4373		0.639159
4374		0.634333
4375		0.636879
4376		0.635984
4377		0.631755
4378		0.634286
4379		0.630536
4380		0.631512
4381		0.632851
4382		0.629028
4383		0.626366
4384		0.633908
4385		0.630965
4386		0.633688
4387		0.636632
4388		0.628742
4389		0.626115
4390		0.623071
4391		0.625494
4392		0.623873
4393		0.618129
4394		0.603615
4395		0.602643
4396		0.599117
4397		0.584306
4398		0.579637
4399		0.571111
4400		0.555887
4401		0.556744
4402		0.55331
4403		0.54375
4404		0.542654
4405		0.544525
4406		0.537191
4407		0.534699
4408		0.535517
4409		0.537427
4410		0.535216
4411		0.53287
4412		0.528295
4413		0.525089
4414		0.530729
4415		0.533843
4416		0.530073
4417		0.527041
4418		0.519657
4419		0.519082
4420		0.507307
4421		0.50912
4422		0.506215
4423		0.514734
4424		0.513287
4425		0.51228
4426		0.518248
4427		0.520467
4428		0.523403
4429		0.533661
4430		0.536944
4431		0.541069
4432		0.547018
4433		0.550556
4434		0.553248
4435		0.551983
4436		0.551848
4437		0.551991
4438		0.547654
4439		0.544236
4440		0.546119
4441		0.550247
4442		0.553495
4443		0.549552
4444		0.551674
4445		0.565976
4446		0.571447
4447		0.572133
4448		0.574005
4449		0.572145
4450		0.577797
4451		0.582168
4452		0.589433
4453		0.588808
4454		0.598156
4455		0.598075
4456		0.605177
4457		0.610116
4458		0.616474
4459		0.620648
4460		0.624325
4461		0.623202
4462		0.628183
4463		0.631204
4464		0.630895
4465		0.630448
4466		0.627654
4467		0.623804
4468		0.621748
4469		0.623063
4470		0.593765
4471		0.591806
4472		0.592755
4473		0.593939
4474		0.594649
4475		0.598403
4476		0.586559
4477		0.587886
4478		0.585914
4479		0.58488
4480		0.581196
4481		0.579568
4482		0.574552
4483		0.567797
4484		0.563449
4485		0.562118
4486		0.548654
4487		0.539529
4488		0.531223
4489		0.525556
4490		0.516767
4491		0.517099
4492		0.507577
4493		0.497967
4494		0.491998
4495		0.485343
4496		0.477458
4497		0.479387
4498		0.482056
4499		0.480343
4500		0.478056
4501		0.467481
4502		0.468939
4503		0.473302
4504		0.481767
4505		0.487994
4506		0.489317
4507		0.495868
4508		0.493214
4509		0.49316
4510		0.493252
4511		0.494765
4512		0.490984
4513		0.494525
4514		0.492033
4515		0.491454
4516		0.489803
4517		0.491354
4518		0.486767
4519		0.480027
4520		0.446686
4521		0.45733
4522		0.458688
4523		0.455208
4524		0.4587
4525		0.471667
4526		0.462114
4527		0.469668
4528		0.473395
4529		0.484568
4530		0.499275
4531		0.496184
4532		0.499803
4533		0.494525
4534		0.488731
4535		0.484491
4536		0.482022
4537		0.472816
4538		0.470035
4539		0.475702
4540		0.470949
4541		0.475135
4542		0.476701
4543		0.48265
4544		0.474506
4545		0.463742
4546		0.463858
4547		0.468688
4548		0.470571
4549		0.470208
4550		0.468897
4551		0.464143
4552		0.465934
4553		0.466736
4554		0.475883
4555		0.484147
4556		0.482921
4557		0.485999
4558		0.455826
4559		0.456759
4560		0.45135
4561		0.452469
4562		0.449614
4563		0.444757
4564		0.46091
4565		0.453939
4566		0.454684
4567		0.45113
4568		0.452569
4569		0.45387
4570		0.443044
4571		0.426867
4572		0.435556
4573		0.447184
4574		0.453511
4575		0.45689
4576		0.46397
4577		0.454927
4578		0.458758
4579		0.454452
4580		0.455799
4581		0.451589
4582		0.456084
4583		0.458742
4584		0.460772
4585		0.456127
4586		0.454001
4587		0.454032
4588		0.447311
4589		0.453268
4590		0.456393
4591		0.461771
4592		0.471632
4593		0.481181
4594		0.48059
4595		0.448681
4596		0.450586
4597		0.457824
4598		0.463125
4599		0.452782
4600		0.456987
4601		0.452492
4602		0.453657
4603		0.446046
4604		0.446211
4605		0.450606
4606		0.439259
4607		0.433233
4608		0.436698
4609		0.438333
4610		0.439097
4611		0.43713
4612		0.429776
4613		0.420455
4614		0.416343
4615		0.413252
4616		0.41164
4617		0.412905
4618		0.41463
4619		0.403974
4620		0.387168
4621		0.38436
4622		0.387662
4623		0.390123
4624		0.375363
4625		0.36539
4626		0.361238
4627		0.360741
4628		0.351574
4629		0.348152
4630		0.346254
4631		0.348542
4632		0.348827
4633		0.352959
4634		0.344529
4635		0.341408
4636		0.341366
4637		0.339483
4638		0.341505
4639		0.344776
4640		0.354668
4641		0.355502
4642		0.346995
4643		0.355594
4644		0.355046
4645		0.357199
4646		0.36309
4647		0.367199
4648		0.369923
4649		0.378549
4650		0.378889
4651		0.388989
4652		0.398391
4653		0.398889
4654		0.40135
4655		0.413557
4656		0.412805
4657		0.419969
4658		0.423997
4659		0.420525
4660		0.404541
4661		0.401173
4662		0.401289
4663		0.410799
4664		0.404927
4665		0.403912
4666		0.397091
4667		0.398619
4668		0.400386
4669		0.397361
4670		0.394641
4671		0.392855
4672		0.3763
4673		0.36902
4674		0.367886
4675		0.363985
4676		0.355864
4677		0.353858
4678		0.349063
4679		0.345355
4680		0.336821
4681		0.324738
4682		0.32113
4683		0.321204
4684		0.3175
4685		0.314128
4686		0.307508
4687		0.314421
4688		0.322083
4689		0.321354
4690		0.320567
4691		0.318291
4692		0.318306
4693		0.308746
4694		0.309823
4695		0.297106
4696		0.298839
4697		0.29196
4698		0.295015
4699		0.298935
4700		0.307338
4701		0.303326
4702		0.310606
4703		0.308603
4704		0.304174
4705		0.317253
4706		0.319113
4707		0.323048
4708		0.325995
4709		0.331304
4710		0.337573
4711		0.345718
4712		0.343495
4713		0.348272
4714		0.357434
4715		0.364799
4716		0.364877
4717		0.369896
4718		0.375478
4719		0.375309
4720		0.383113
4721		0.37706
4722		0.364637
4723		0.369834
4724		0.371809
4725		0.371655
4726		0.359742
4727		0.368121
4728		0.369383
4729		0.372045
4730		0.360745
4731		0.356867
4732		0.356759
4733		0.35537
4734		0.353511
4735		0.35348
4736		0.354564
4737		0.357512
4738		0.355089
4739		0.343981
4740		0.34657
4741		0.340799
4742		0.341343
4743		0.342512
4744		0.336327
4745		0.317994
4746		0.319691
4747		0.310216
4748		0.309024
4749		0.307566
4750		0.299074
4751		0.270347
4752		0.275177
4753		0.28169
4754		0.271373
4755		0.267647
4756		0.256671
4757		0.240031
4758		0.233468
4759		0.222461
4760		0.213846
4761		0.209522
4762		0.200085
4763		0.190394
4764		0.186011
4765		0.177874
4766		0.168183
4767		0.164317
4768		0.162913
4769		0.165405
4770		0.157712
4771		0.150752
4772		0.153592
4773		0.157303
4774		0.150378
4775		0.135486
4776		0.132782
4777		0.122886
4778		0.112627
4779		0.111157
4780		0.109325
4781		0.102164
4782		0.102095
4783		0.0923688
4784		0.0838966
4785		0.0801582
4786		0.0725617
4787		0.0695255
4788		0.0639429
4789		0.0560069
4790		0.0512346
4791		0.0464583
4792		0.0420448
4793		0.0339429
4794		0.0340278
4795		0.0283488
4796		0.0236651
4797		0.0225309
4798		0.0197994
4799		0.0181636
4800		0.0170062
4801		0.0123148
4802		0.0102546
4803		0.00822531
4804		0.00526235
4805		0.0042284
4806		0.00515432
4807		0.00486111
4808		0.00549383
4809		0.0051929
4810		0.00571759
4811		0.00477623
4812		0.00546296
4813		0.00550926
4814		0.00568673
4815		0.00635802
4816		0.00655864
4817		0.00673611
4818		0.00571759
4819		0.00627315
4820		0.00623457
4821		0.00530093
4822		0.0059375
4823		0.00675154
4824		0.00554398
4825		0.00649306
4826		0.00655478
4827		0.00643133
4828		0.00743441
4829		0.00721836
4830		0.00713349
4831		0.0075463
4832		0.0074537
4833		0.00744599
4834		0.0131327
4835		0.0134491
4836		0.0129938
4837		0.012909
4838		0.0135108
4839		0.0134105
4840		0.0137037
4841		0.0141204
4842		0.0145602
4843		0.0150694
4844		0.0151698
4845		0.0150386
4846		0.0151466
4847		0.0145023
4848		0.0142323
4849		0.0136806
4850		0.0139776
4851		0.01451
4852		0.0145795
4853		0.0145255
4854		0.0151582
4855		0.0154437
4856		0.0156019
4857		0.0153395
4858		0.015054
4859		0.0112731
4860		0.0120872
4861		0.0117515
4862		0.011659
4863		0.0114429
4864		0.0110417
4865		0.0105015
4866		0.0112191
4867		0.0100772
4868		0.0107562
4869		0.00970293
4870		0.0100347
4871		0.010027
4872		0.00984182
4873		0.00896991
4874		0.00989197
4875		0.010216
4876		0.0119753
4877		0.0116127
4878		0.0118827
4879		0.0119136
4880		0.0112809
4881		0.0115201
4882		0.012284
4883		0.0127469
4884		0.0148071
4885		0.0146219
4886		0.0143827
4887		0.0143287
4888		0.0141512
4889		0.015
4890		0.0151389
4891		0.0147608
4892		0.0150694
4893		0.0151852
4894		0.0147068
4895		0.0144444
4896		0.0153086
4897		0.0155748
4898		0.0163079
4899		0.0174576
4900		0.0179437
4901		0.0189853
4902		0.0200733
4903		0.0199498
4904		0.0203665
4905		0.0199421
4906		0.0197685
4907		0.0192747
4908		0.017963
4909		0.015463
4910		0.0137423
4911		0.0114969
4912		0.00902778
4913		0.00838735
4914		0.00677469
4915		0.00589506
4916		0.00871914
4917		0.0147377
4918		0.0218441
4919		0.0261034
4920		0.0340046
4921		0.0365895
4922		0.0383256
4923		0.0406481
4924		0.0419907
4925		0.0441049
4926		0.0521142
4927		0.0634722
4928		0.0690432
4929		0.0804012
4930		0.0897608
4931		0.0942901
4932		0.0988349
4933		0.0980015
4934		0.0940664
4935		0.0969059
4936		0.0975386
4937		0.098642
4938		0.101975
4939		0.102662
4940		0.102832
4941		0.104664
4942		0.106914
4943		0.106713
4944		0.108488
4945		0.10794
4946		0.109853
4947		0.109468
4948		0.11169
4949		0.109514
4950		0.113835
4951		0.112076
4952		0.110656
4953		0.105316
4954		0.103819
4955		0.103187
4956		0.102245
4957		0.0958642
4958		0.0960147
4959		0.0834414
4960		0.0881636
4961		0.0868441
4962		0.0793981
4963		0.0736806
4964		0.075625
4965		0.0690355
4966		0.0662809
4967		0.069321
4968		0.0650849
4969		0.0675772
4970		0.0636343
4971		0.0616319
4972		0.0531636
4973		0.0577855
4974		0.0578241
4975		0.0636728
4976		0.0654552
4977		0.0664198
4978		0.062338
4979		0.0638812
4980		0.0577546
4981		0.0561111
4982		0.0582986
4983		0.0592978
4984		0.0535494
4985		0.0507948
4986		0.0521142
4987		0.0525694
4988		0.0510108
4989		0.0524537
4990		0.056412
4991		0.055787
4992		0.0540664
4993		0.0599074
4994		0.0582639
4995		0.0571836
4996		0.0629784
4997		0.0651775
4998		0.0677006
4999		0.0710648
5000		0.0721296
5001		0.0712423
5002		0.0680941
5003		0.0667207
5004		0.0664853
5005		0.0710957
5006		0.0729321
5007		0.0779167
5008		0.0843827
5009		0.0679861
5010		0.0633102
5011		0.0616204
5012		0.0611458
5013		0.0560108
5014		0.0515664
5015		0.0459606
5016		0.0376235
5017		0.0366821
5018		0.0396991
5019		0.0426543
5020		0.0445795
5021		0.0451968
5022		0.0419714
5023		0.0369907
5024		0.0387963
5025		0.036034
5026		0.035463
5027		0.0324306
5028		0.0309954
5029		0.0272454
5030		0.026412
5031		0.0226698
5032		0.0198534
5033		0.0175926
5034		0.0164429
5035		0.0139275
5036		0.0148688
5037		0.0162963
5038		0.0163812
5039		0.0149306
5040		0.0134568
5041		0.0148534
5042		0.0157562
5043		0.0167824
5044		0.0211574
5045		0.0228935
5046		0.0290895
5047		0.034321
5048		0.0389352
5049		0.0465895
5050		0.058696
5051		0.066358
5052		0.0814506
5053		0.0937963
5054		0.100332
5055		0.112284
5056		0.123302
5057		0.127932
5058		0.140864
5059		0.148989
5060		0.153503
5061		0.169059
5062		0.175826
5063		0.181466
5064		0.194491
5065		0.204066
5066		0.208225
5067		0.223241
5068		0.229676
5069		0.237801
5070		0.248341
5071		0.261906
5072		0.263241
5073		0.269136
5074		0.271782
5075		0.273457
5076		0.284745
5077		0.286474
5078		0.289745
5079		0.298017
5080		0.290162
5081		0.288472
5082		0.281319
5083		0.284236
5084		0.298812
5085		0.294294
5086		0.285822
5087		0.287242
5088		0.282083
5089		0.270583
5090		0.269194
5091		0.263576
5092		0.256536
5093		0.255259
5094		0.254583
5095		0.248754
5096		0.248627
5097		0.243457
5098		0.2399
5099		0.238515
5100		0.233669
5101		0.228353
5102		0.224171
5103		0.217566
5104		0.208017
5105		0.205652
5106		0.199888
5107		0.188387
5108		0.180567
5109		0.180008
5110		0.166165
5111		0.161119
5112		0.148773
5113		0.136705
5114		0.132037
5115		0.122045
5116		0.107407
5117		0.10206
5118		0.0930015
5119		0.0830324
5120		0.0793441
5121		0.0698302
5122		0.055517
5123		0.0497068
5124		0.043179
5125		0.0369174
5126		0.0313657
5127		0.0239429
5128		0.0200386
5129		0.0172145
5130		0.0137346
5131		0.00743827
5132		0.00501543
5133		0.00384259
5134		0.00183642
5135		0.00130401
5136		0.00103781
5137		0.00103781
5138		0.00103781
5139		0.000524691
5140		0.00157407
5141		0.00157022
5142		0.00104938
5143		0.00157022
5144		0.000524691
5145		0.00104938
5146		0.00104938
5147		0.00100309
5148		0.00100309
5149		0.00157407
5150		0.00152778
5151		0.00152778
5152		0.00104938
5153		0.00152778
5154		0.00152778
5155		0.00100309
5156		0.00104938
5157		0.00104938
5158		0.00104938
5159		0.00208333
5160		0.00226852
5161		0.00226852
5162		0.00279321
5163		0.00222222
5164		0.00151235
5165		0.00203704
5166		0.00222222
5167		0.00169753
5168		0.00222222
5169		0.00222222
5170		0.00203704
5171		0.0024537
5172		0.00165123
5173		0.0024537
5174		0.0024537
5175		0.0024537
5176		0.00192901
5177		0.0024537
5178		0.00256173
5179		0.00203704
5180		0.00203704
5181		0.00203704
5182		0.00203704
5183		0.00199074
5184		0.00191358
5185		0.00191358
5186		0.00138889
5187		0.00191358
5188		0.00222222
5189		0.00222222
5190		0.00180556
5191		0.00128086
5192		0.00157407
5193		0.00157407
5194		0.00157407
5195		0.00104938
5196		0.00104938
5197		0.00157407
5198		0.00104938
5199		0.00157407
5200		0.00104938
5201		0.00104938
5202		0.00104938
5203		0.00157407
5204		0.00155093
5205		0.00157407
5206		0.00104938
5207		0.00104938
5208		0.00148148
5209		0.00143519
5210		0.00139661
5211		0.00097608
5212		0.00104938
5213		0.00100309
5214		0.000478395
5215		0.000478395
5216		0.000960648
5217		0.00104938
5218		0.00104938
5219		0.00104938
5220		0.00196759
5221		0.00108025
5222		0.00155093
5223		0.00155093
5224		0.00146605
5225		0.00146605
5226		0.00141204
5227		0.00141204
5228		0.00146605
5229		0.00146605
5230		0.00141204
5231		0.00099537
5232		0.00099537
5233		0.00104938
5234		0.00104938
5235		0.00104938
5236		0.00156636
5237		0.00104938
5238		0.00104167
5239		0.00139661
5240		0.00104938
5241		0
5242		0.000524691
5243		0.00104938
5244		0.00104938
5245		0.000416667
5246		0.000524691
5247		0.00146605
5248		0.00104938
5249		0.000941358
5250		0.00104938
5251		0.00121914
5252		0.00174383
5253		0.00121914
5254		0.000941358
5255		0.000941358
5256		0.000524691
5257		0.00646219
5258		0.0136613
5259		0.0179051
5260		0.0259761
5261		0.0326466
5262		0.0358411
5263		0.0412269
5264		0.0456404
5265		0.0470293
5266		0.0483411
5267		0.0511806
5268		0.0521489
5269		0.053642
5270		0.055814
5271		0.0569252
5272		0.0559259
5273		0.0564583
5274		0.0594676
5275		0.0610417
5276		0.0618904
5277		0.0589969
5278		0.0593364
5279		0.0582022
5280		0.0589815
5281		0.0594444
5282		0.0597068
5283		0.0598302
5284		0.0597377
5285		0.0645525
5286		0.064375
5287		0.0657485
5288		0.0705401
5289		0.0733642
5290		0.0790201
5291		0.0861266
5292		0.0909105
5293		0.0966435
5294		0.104444
5295		0.108272
5296		0.114429
5297		0.116644
5298		0.120802
5299		0.122392
5300		0.125324
5301		0.125162
5302		0.132384
5303		0.134105
5304		0.135054
5305		0.133627
5306		0.135062
5307		0.134344
5308		0.133449
5309		0.138279
5310		0.135926
5311		0.135718
5312		0.13865
5313		0.140918
5314		0.139221
5315		0.138542
5316		0.1401
5317		0.135656
5318		0.136937
5319		0.137662
5320		0.138102
5321		0.130486
5322		0.128981
5323		0.129738
5324		0.130733
5325		0.129275
5326		0.128519
5327		0.127832
5328		0.130332
5329		0.131181
5330		0.131034
5331		0.129367
5332		0.130301
5333		0.133356
5334		0.134159
5335		0.135687
5336		0.135802
5337		0.137137
5338		0.142492
5339		0.143966
5340		0.145995
5341		0.147762
5342		0.146659
5343		0.144985
5344		0.148202
5345		0.140995
5346		0.143187
5347		0.150795
5348		0.150633
5349		0.146613
5350		0.148765
5351		0.155355
5352		0.15929
5353		0.164606
5354		0.168272
5355		0.168843
5356		0.174502
5357		0.178588
5358		0.180247
5359		0.186107
5360		0.194745
5361		0.194205
5362		0.198279
5363		0.200679
5364		0.201296
5365		0.20316
5366		0.203465
5367		0.203449
5368		0.204799
5369		0.20213
5370		0.193264
5371		0.194198
5372		0.192523
5373		0.197608
5374		0.201478
5375		0.202589
5376		0.20706
5377		0.206412
5378		0.208526
5379		0.206763
5380		0.204718
5381		0.207546
5382		0.208785
5383		0.207361
5384		0.21108
5385		0.215617
5386		0.223083
5387		0.229931
5388		0.229016
5389		0.234896
5390		0.238619
5391		0.23762
5392		0.245382
5393		0.244803
5394		0.242191
5395		0.247816
5396		0.246898
5397		0.242299
5398		0.244946
5399		0.240995
5400		0.239946
5401		0.234722
5402		0.226381
5403		0.228009
5404		0.229109
5405		0.228395
5406		0.230235
5407		0.22816
5408		0.229738
5409		0.228603
5410		0.227454
5411		0.228202
5412		0.229749
5413		0.23054
5414		0.225077
5415		0.228873
5416		0.234336
5417		0.234321
5418		0.235282
5419		0.241269
5420		0.216701
5421		0.219441
5422		0.22044
5423		0.228152
5424		0.22865
5425		0.233056
5426		0.231717
5427		0.233692
5428		0.24061
5429		0.245934
5430		0.249823
5431		0.255035
5432		0.267627
5433		0.273885
5434		0.279282
5435		0.288449
5436		0.290328
5437		0.295671
5438		0.303368
5439		0.306597
5440		0.313708
5441		0.319784
5442		0.322894
5443		0.333819
5444		0.337461
5445		0.343318
5446		0.347901
5447		0.35787
5448		0.356636
5449		0.359398
5450		0.363164
5451		0.361659
5452		0.359715
5453		0.358002
5454		0.361373
5455		0.362724
5456		0.361157
5457		0.359082
5458		0.361146
5459		0.36439
5460		0.363102
5461		0.365432
5462		0.362245
5463		0.363133
5464		0.358318
5465		0.356883
5466		0.355949
5467		0.350733
5468		0.352801
5469		0.350995
5470		0.373912
5471		0.373175
5472		0.372253
5473		0.372056
5474		0.372485
5475		0.369938
5476		0.370864
5477		0.36963
5478		0.370448
5479		0.376096
5480		0.382701
5481		0.385247
5482		0.395116
5483		0.403441
5484		0.405795
5485		0.414186
5486		0.418056
5487		0.417245
5488		0.423997
5489		0.432276
5490		0.431914
5491		0.434869
5492		0.440795
5493		0.441836
5494		0.443241
5495		0.435941
5496		0.436057
5497		0.435548
5498		0.439417
5499		0.443148
5500		0.442901
5501		0.438449
5502		0.440648
5503		0.442276
5504		0.445108
5505		0.446258
5506		0.448966
5507		0.448951
5508		0.451397
5509		0.452677
5510		0.45642
5511		0.45794
5512		0.458306
5513		0.456327
5514		0.458557
5515		0.457978
5516		0.45794
5517		0.457681
5518		0.457519
5519		0.458654
5520		0.474556
5521		0.474225
5522		0.477269
5523		0.47772
5524		0.480463
5525		0.487022
5526		0.486447
5527		0.488904
5528		0.494807
5529		0.496528
5530		0.5011
5531		0.503191
5532		0.506304
5533		0.511813
5534		0.514259
5535		0.518688
5536		0.526177
5537		0.526343
5538		0.528148
5539		0.532184
5540		0.53625
5541		0.540498
5542		0.541489
5543		0.543904
5544		0.542184
5545		0.538673
5546		0.541752
5547		0.541389
5548		0.541721
5549		0.544039
5550		0.54358
5551		0.54304
5552		0.547238
5553		0.54689
5554		0.551065
5555		0.554267
5556		0.554645
5557		0.558619
5558		0.562099
5559		0.55961
5560		0.559626
5561		0.559695
5562		0.559699
5563		0.564807
5564		0.573017
5565		0.576516
5566		0.577199
5567		0.577369
5568		0.583106
5569		0.584016
5570		0.57907
5571		0.580579
5572		0.582346
5573		0.589927
5574		0.592627
5575		0.596713
5576		0.595409
5577		0.595231
5578		0.596998
5579		0.602006
5580		0.605725
5581		0.604715
5582		0.605702
5583		0.607569
5584		0.609761
5585		0.611474
5586		0.614259
5587		0.615702
5588		0.617299
5589		0.619221
5590		0.614545
5591		0.618789
5592		0.617662
5593		0.619892
5594		0.616759
5595		0.610316
5596		0.612353
5597		0.613681
5598		0.612188
5599		0.608461
5600		0.61091
5601		0.612596
5602		0.615818
5603		0.612126
5604		0.615579
5605		0.618569
5606		0.621532
5607		0.620451
5608		0.625266
5609		0.628206
5610		0.626836
5611		0.626551
5612		0.629205
5613		0.630235
5614		0.628171
5615		0.627824
5616		0.629055
5617		0.629838
5618		0.629329
5619		0.631015
5620		0.631157
5621		0.631933
5622		0.631921
5623		0.633198
5624		0.627998
5625		0.632843
5626		0.63436
5627		0.63348
5628		0.637558
5629		0.637882
5630		0.641439
5631		0.637681
5632		0.641377
5633		0.638958
5634		0.641011
5635		0.639213
5636		0.638843
5637		0.640556
5638		0.642608
5639		0.641574
5640		0.640818
5641		0.641061
5642		0.638989
5643		0.643731
5644		0.644811
5645		0.674383
5646		0.676929
5647		0.676454
5648		0.677411
5649		0.675525
5650		0.675077
5651		0.67412
5652		0.674394
5653		0.672866
5654		0.674016
5655		0.674568
5656		0.675096
5657		0.671902
5658		0.675922
5659		0.673669
5660		0.67255
5661		0.673241
5662		0.67561
5663		0.676208
5664		0.677438
5665		0.677052
5666		0.679016
5667		0.677195
5668		0.679163
5669		0.677515
5670		0.673773
5671		0.672188
5672		0.674707
5673		0.674815
5674		0.677126
5675		0.679433
5676		0.676532
5677		0.673731
5678		0.676678
5679		0.673877
5680		0.678437
5681		0.677724
5682		0.67848
5683		0.676292
5684		0.680274
5685		0.682681
5686		0.679626
5687		0.681046
5688		0.678032
5689		0.67919
5690		0.685463
5691		0.683075
5692		0.680988
5693		0.680833
5694		0.686682
5695		0.674024
5696		0.674792
5697		0.676308
5698		0.67282
5699		0.675899
5700		0.676563
5701		0.677346
5702		0.683939
5703		0.685015
5704		0.689772
5705		0.694857
5706		0.698249
5707		0.697133
5708		0.699128
5709		0.700891
5710		0.701462
5711		0.722026
5712		0.726424
5713		0.727693
5714		0.73314
5715		0.731339
5716		0.735505
5717		0.739757
5718		0.7437
5719		0.743272
5720		0.768615
5721		0.76914
5722		0.771474
5723		0.769448
5724		0.764074
5725		0.77042
5726		0.768179
5727		0.767735
5728		0.772076
5729		0.769198
5730		0.770787
5731		0.773735
5732		0.777697
5733		0.778912
5734		0.777693
5735		0.779795
5736		0.777357
5737		0.78196
