The video is over!
Frame Number 	Queue Density
1		0.0757253
2		0.0791319
3		0.0839275
4		0.0892978
5		0.0925694
6		0.0930363
7		0.0996605
8		0.102434
9		0.100332
10		0.101883
11		0.103256
12		0.104097
13		0.103758
14		0.106427
15		0.108935
16		0.107913
17		0.10811
18		0.109379
19		0.11027
20		0.113137
21		0.112496
22		0.114124
23		0.117072
24		0.12022
25		0.120664
26		0.123916
27		0.125355
28		0.126964
29		0.130382
30		0.132311
31		0.133445
32		0.133329
33		0.133623
34		0.135382
35		0.137006
36		0.13696
37		0.138927
38		0.138472
39		0.139217
40		0.139035
41		0.13897
42		0.13924
43		0.138677
44		0.139788
45		0.13738
46		0.138862
47		0.137411
48		0.136319
49		0.141435
50		0.142948
51		0.14262
52		0.147994
53		0.151331
54		0.151802
55		0.155517
56		0.158484
57		0.160089
58		0.162674
59		0.165428
60		0.166211
61		0.167461
62		0.166011
63		0.163349
64		0.163924
65		0.164379
66		0.163742
67		0.161979
68		0.161551
69		0.162191
70		0.163017
71		0.164232
72		0.166026
73		0.165856
74		0.168005
75		0.167913
76		0.168488
77		0.167357
78		0.170814
79		0.172427
80		0.174198
81		0.176397
82		0.176867
83		0.183372
84		0.185532
85		0.18914
86		0.194734
87		0.195937
88		0.201443
89		0.209564
90		0.210887
91		0.216655
92		0.217523
93		0.220675
94		0.219815
95		0.215131
96		0.215683
97		0.221165
98		0.220069
99		0.219421
100		0.218665
101		0.214568
102		0.21375
103		0.211292
104		0.210926
105		0.210004
106		0.208681
107		0.212724
108		0.213684
109		0.212674
110		0.219772
111		0.220467
112		0.224047
113		0.225698
114		0.229136
115		0.232442
116		0.236227
117		0.236663
118		0.237307
119		0.24066
120		0.24049
121		0.243735
122		0.239996
123		0.24005
124		0.244344
125		0.245563
126		0.247384
127		0.246003
128		0.249715
129		0.250868
130		0.252199
131		0.253696
132		0.253889
133		0.254387
134		0.25436
135		0.254846
136		0.25738
137		0.260459
138		0.25988
139		0.259267
140		0.260039
141		0.262211
142		0.258758
143		0.259722
144		0.260339
145		0.251208
146		0.253056
147		0.254549
148		0.254252
149		0.251964
150		0.2549
151		0.253391
152		0.253225
153		0.255737
154		0.25363
155		0.253765
156		0.253137
157		0.249471
158		0.248048
159		0.246624
160		0.24485
161		0.244448
162		0.242639
163		0.244761
164		0.24169
165		0.241416
166		0.241208
167		0.242188
168		0.240301
169		0.239005
170		0.24289
171		0.240802
172		0.237932
173		0.238283
174		0.23652
175		0.237184
176		0.237323
177		0.236173
178		0.234564
179		0.23468
180		0.234429
181		0.233503
182		0.231875
183		0.235351
184		0.233723
185		0.234147
186		0.232789
187		0.232697
188		0.232099
189		0.23294
190		0.232897
191		0.233048
192		0.232805
193		0.232828
194		0.234387
195		0.241586
196		0.242338
197		0.241678
198		0.243476
199		0.242187
200		0.241659
201		0.240911
202		0.240702
203		0.238534
204		0.239005
205		0.24032
206		0.23907
207		0.238904
208		0.238183
209		0.238044
210		0.240212
211		0.239352
212		0.238785
213		0.23789
214		0.238769
215		0.238395
216		0.239981
217		0.236644
218		0.237554
219		0.238318
220		0.23015
221		0.228804
222		0.230019
223		0.230718
224		0.23159
225		0.230675
226		0.232087
227		0.234483
228		0.232924
229		0.232238
230		0.234039
231		0.233657
232		0.234718
233		0.237049
234		0.234718
235		0.235123
236		0.234826
237		0.234329
238		0.232488
239		0.231339
240		0.230428
241		0.226902
242		0.229954
243		0.230212
244		0.230748
245		0.22956
246		0.229576
247		0.230698
248		0.230502
249		0.231574
250		0.230899
251		0.230945
252		0.232793
253		0.231431
254		0.230494
255		0.233121
256		0.232037
257		0.235062
258		0.231682
259		0.231343
260		0.230424
261		0.231879
262		0.231327
263		0.231042
264		0.230903
265		0.23059
266		0.231597
267		0.229911
268		0.231327
269		0.23059
270		0.226809
271		0.228152
272		0.228627
273		0.227751
274		0.229541
275		0.232184
276		0.232083
277		0.23642
278		0.237172
279		0.238056
280		0.241582
281		0.245054
282		0.244769
283		0.24728
284		0.249938
285		0.24983
286		0.251478
287		0.248947
288		0.25005
289		0.247901
290		0.246686
291		0.245532
292		0.246019
293		0.243098
294		0.244252
295		0.236829
296		0.238129
297		0.235694
298		0.238221
299		0.237994
300		0.23745
301		0.235957
302		0.236069
303		0.235255
304		0.233102
305		0.231667
306		0.232701
307		0.23169
308		0.233414
309		0.231296
310		0.23206
311		0.230694
312		0.231566
313		0.231447
314		0.230455
315		0.232323
316		0.231944
317		0.230421
318		0.229286
319		0.227897
320		0.234846
321		0.23461
322		0.232963
323		0.233785
324		0.234201
325		0.233704
326		0.232724
327		0.233372
328		0.23434
329		0.234769
330		0.234514
331		0.23213
332		0.232963
333		0.234036
334		0.234606
335		0.234043
336		0.233229
337		0.232978
338		0.234904
339		0.235031
340		0.236389
341		0.238102
342		0.239055
343		0.240062
344		0.241717
345		0.234317
346		0.236971
347		0.242785
348		0.24108
349		0.240502
350		0.239942
351		0.239626
352		0.238669
353		0.237975
354		0.238252
355		0.237404
356		0.241103
357		0.241998
358		0.241431
359		0.240258
360		0.241601
361		0.242361
362		0.243029
363		0.244051
364		0.243202
365		0.244028
366		0.242415
367		0.241601
368		0.241107
369		0.241373
370		0.239973
371		0.239776
372		0.240494
373		0.241786
374		0.242643
375		0.241127
376		0.241254
377		0.240401
378		0.240139
379		0.240521
380		0.242172
381		0.240887
382		0.244961
383		0.24716
384		0.2461
385		0.246165
386		0.24956
387		0.250999
388		0.253704
389		0.254703
390		0.255995
391		0.256184
392		0.254718
393		0.256736
394		0.258476
395		0.253754
396		0.253646
397		0.256563
398		0.256917
399		0.25517
400		0.254657
401		0.253333
402		0.257542
403		0.259595
404		0.262296
405		0.26505
406		0.272106
407		0.277523
408		0.280988
409		0.288148
410		0.296184
411		0.300451
412		0.306929
413		0.311586
414		0.31613
415		0.319039
416		0.324938
417		0.327527
418		0.333418
419		0.335459
420		0.337971
421		0.344444
422		0.349406
423		0.352191
424		0.360698
425		0.367122
426		0.368025
427		0.373225
428		0.378437
429		0.382303
430		0.386941
431		0.392168
432		0.394846
433		0.399977
434		0.406061
435		0.404552
436		0.407685
437		0.411188
438		0.412164
439		0.417238
440		0.417824
441		0.415953
442		0.419375
443		0.423534
444		0.42341
445		0.41664
446		0.417697
447		0.422623
448		0.421404
449		0.425309
450		0.425721
451		0.426142
452		0.430008
453		0.428422
454		0.433156
455		0.435471
456		0.435737
457		0.436941
458		0.441698
459		0.441281
460		0.442986
461		0.442693
462		0.444356
463		0.444981
464		0.446524
465		0.445579
466		0.44439
467		0.443407
468		0.441825
469		0.446852
470		0.452735
471		0.451153
472		0.454491
473		0.455093
474		0.455718
475		0.459333
476		0.458877
477		0.457319
478		0.458534
479		0.45804
480		0.458133
481		0.460424
482		0.462338
483		0.460301
484		0.463152
485		0.461782
486		0.461038
487		0.459772
488		0.460116
489		0.460505
490		0.460409
491		0.460251
492		0.459163
493		0.461154
494		0.463534
495		0.462064
496		0.462801
497		0.466358
498		0.465829
499		0.471073
500		0.473843
501		0.473422
502		0.478561
503		0.484267
504		0.48652
505		0.489842
506		0.494996
507		0.498572
508		0.50103
509		0.5074
510		0.508511
511		0.511589
512		0.515938
513		0.514715
514		0.516096
515		0.517936
516		0.519059
517		0.519097
518		0.523237
519		0.524406
520		0.530505
521		0.531069
522		0.536454
523		0.533719
524		0.53637
525		0.536829
526		0.537353
527		0.538762
528		0.53961
529		0.541555
530		0.541624
531		0.541478
532		0.544086
533		0.54228
534		0.540116
535		0.540023
536		0.539687
537		0.538468
538		0.540856
539		0.541327
540		0.543638
541		0.540544
542		0.54336
543		0.545424
544		0.546906
545		0.52093
546		0.523823
547		0.524244
548		0.52375
549		0.525143
550		0.52385
551		0.522056
552		0.524302
553		0.527114
554		0.524784
555		0.52517
556		0.523715
557		0.523654
558		0.523052
559		0.519471
560		0.520586
561		0.525332
562		0.524757
563		0.521671
564		0.521462
565		0.522566
566		0.520363
567		0.523356
568		0.518943
569		0.521809
570		0.524279
571		0.527222
572		0.530475
573		0.532377
574		0.532967
575		0.536505
576		0.537789
577		0.53821
578		0.539606
579		0.544159
580		0.54804
581		0.548654
582		0.549857
583		0.550494
584		0.553391
585		0.552747
586		0.555544
587		0.558275
588		0.557296
589		0.557029
590		0.559252
591		0.55988
592		0.556867
593		0.558985
594		0.560154
595		0.547242
596		0.549811
597		0.54887
598		0.552141
599		0.554078
600		0.55897
601		0.557955
602		0.558538
603		0.559695
604		0.561339
605		0.564556
606		0.564028
607		0.568002
608		0.569452
609		0.56831
610		0.569803
611		0.578221
612		0.579406
613		0.580698
614		0.586428
615		0.58929
616		0.590093
617		0.592307
618		0.593349
619		0.597485
620		0.595162
621		0.597172
622		0.600409
623		0.60495
624		0.60488
625		0.606593
626		0.60728
627		0.606971
628		0.606208
629		0.607458
630		0.60701
631		0.609128
632		0.612809
633		0.614197
634		0.613318
635		0.612917
636		0.615347
637		0.612886
638		0.611045
639		0.611933
640		0.611586
641		0.612589
642		0.610752
643		0.611493
644		0.613183
645		0.624749
646		0.62613
647		0.627473
648		0.628221
649		0.629036
650		0.628769
651		0.629556
652		0.628846
653		0.62897
654		0.631713
655		0.633862
656		0.634877
657		0.636381
658		0.63777
659		0.636779
660		0.636269
661		0.636829
662		0.637944
663		0.637951
664		0.63836
665		0.639977
666		0.638928
667		0.639954
668		0.641211
669		0.641721
670		0.622693
671		0.625004
672		0.622978
673		0.626979
674		0.62691
675		0.628989
676		0.628465
677		0.629826
678		0.632631
679		0.629915
680		0.630721
681		0.633773
682		0.634117
683		0.637265
684		0.63728
685		0.636435
686		0.638094
687		0.638422
688		0.63892
689		0.639529
690		0.639063
691		0.637685
692		0.639522
693		0.639819
694		0.642882
695		0.627388
696		0.625328
697		0.627654
698		0.629271
699		0.629637
700		0.628611
701		0.628708
702		0.628873
703		0.630359
704		0.633248
705		0.63294
706		0.634803
707		0.633565
708		0.633954
709		0.635575
710		0.634568
711		0.636188
712		0.63718
713		0.637589
714		0.63755
715		0.639197
716		0.640069
717		0.639857
718		0.641752
719		0.640968
720		0.633607
721		0.634572
722		0.636165
723		0.639232
724		0.638002
725		0.639371
726		0.640613
727		0.641215
728		0.64162
729		0.641481
730		0.642118
731		0.641026
732		0.642322
733		0.641512
734		0.643804
735		0.643314
736		0.643958
737		0.643414
738		0.643306
739		0.642461
740		0.641185
741		0.642951
742		0.647106
743		0.645818
744		0.646138
745		0.623974
746		0.627731
747		0.628102
748		0.631134
749		0.629591
750		0.632303
751		0.615135
752		0.617492
753		0.618877
754		0.620926
755		0.619479
756		0.619572
757		0.623943
758		0.623599
759		0.623017
760		0.623858
761		0.624741
762		0.625687
763		0.626038
764		0.625741
765		0.62534
766		0.625413
767		0.626038
768		0.623792
769		0.626003
770		0.639749
771		0.639062
772		0.639063
773		0.639383
774		0.635633
775		0.639676
776		0.639001
777		0.645212
778		0.645058
779		0.645532
780		0.644286
781		0.644198
782		0.64914
783		0.649853
784		0.652095
785		0.649873
786		0.649036
787		0.65108
788		0.651485
789		0.652122
790		0.654356
791		0.661246
792		0.663962
793		0.664861
794		0.668005
795		0.628492
796		0.626223
797		0.629282
798		0.635826
799		0.635312
800		0.641219
801		0.645189
802		0.646404
803		0.647303
804		0.643928
805		0.649834
806		0.648931
807		0.651289
808		0.655733
809		0.654822
810		0.654502
811		0.654985
812		0.654765
813		0.657141
814		0.658156
815		0.65958
816		0.656663
817		0.661022
818		0.660104
819		0.662843
820		0.654043
821		0.654032
822		0.653461
823		0.654823
824		0.659352
825		0.65718
826		0.657627
827		0.659884
828		0.66093
829		0.660556
830		0.660552
831		0.664275
832		0.664606
833		0.663823
834		0.666624
835		0.668438
836		0.667963
837		0.670197
838		0.669745
839		0.672404
840		0.671694
841		0.673661
842		0.673561
843		0.675166
844		0.675629
845		0.671844
846		0.670139
847		0.669738
848		0.675035
849		0.670656
850		0.676397
851		0.676069
852		0.677743
853		0.674221
854		0.676292
855		0.674024
856		0.677944
857		0.674329
858		0.67811
859		0.679109
860		0.678133
861		0.678974
862		0.679001
863		0.679965
864		0.680135
865		0.681724
866		0.680783
867		0.682658
868		0.682488
869		0.682241
870		0.663665
871		0.664248
872		0.66385
873		0.664498
874		0.667855
875		0.666867
876		0.665725
877		0.666373
878		0.667963
879		0.667716
880		0.653982
881		0.653684
882		0.652589
883		0.652288
884		0.652295
885		0.653765
886		0.654599
887		0.655528
888		0.658183
889		0.65782
890		0.659707
891		0.659437
892		0.66164
893		0.661393
894		0.661138
895		0.660386
896		0.662311
897		0.664336
898		0.663947
899		0.664221
900		0.664468
901		0.664722
902		0.668414
903		0.669529
904		0.669321
905		0.678268
906		0.678152
907		0.679464
908		0.68088
909		0.68103
910		0.68098
911		0.680475
912		0.681609
913		0.681605
914		0.679715
915		0.679996
916		0.679167
917		0.676454
918		0.676937
919		0.674475
920		0.67696
921		0.677963
922		0.680455
923		0.681825
924		0.679788
925		0.681192
926		0.681416
927		0.681975
928		0.68375
929		0.684915
930		0.659645
931		0.65944
932		0.659198
933		0.664113
934		0.661246
935		0.664653
936		0.665637
937		0.669518
938		0.672361
939		0.671481
940		0.675166
941		0.675266
942		0.675463
943		0.678708
944		0.679032
945		0.677963
946		0.676597
947		0.676126
948		0.675772
949		0.678885
950		0.677793
951		0.675393
952		0.677566
953		0.674248
954		0.674583
955		0.673013
956		0.671971
957		0.674279
958		0.67086
959		0.677465
960		0.673696
961		0.673615
962		0.67593
963		0.676215
964		0.675042
965		0.678183
966		0.678599
967		0.68027
968		0.679826
969		0.679387
970		0.679803
971		0.680127
972		0.680505
973		0.683275
974		0.682782
975		0.683391
976		0.686462
977		0.687157
978		0.684464
979		0.686304
980		0.677589
981		0.677438
982		0.67946
983		0.680779
984		0.680421
985		0.682114
986		0.683183
987		0.681709
988		0.679113
989		0.680841
990		0.685073
991		0.685093
992		0.684252
993		0.687415
994		0.689842
995		0.690251
996		0.690691
997		0.691701
998		0.690714
999		0.692257
1000		0.692735
1001		0.669367
1002		0.670467
1003		0.668858
1004		0.670417
1005		0.666779
1006		0.666713
1007		0.668912
1008		0.667596
1009		0.669911
1010		0.672315
1011		0.663542
1012		0.661512
1013		0.663283
1014		0.665069
1015		0.663407
1016		0.664934
1017		0.666142
1018		0.663692
1019		0.664792
1020		0.663877
1021		0.665984
1022		0.666381
1023		0.667184
1024		0.666582
1025		0.668654
1026		0.66897
1027		0.666045
1028		0.668067
1029		0.667188
1030		0.667674
1031		0.667689
1032		0.669873
1033		0.669387
1034		0.670471
1035		0.67039
1036		0.667427
1037		0.6651
1038		0.668368
1039		0.668939
1040		0.671817
1041		0.672616
1042		0.672303
1043		0.671532
1044		0.670436
1045		0.669576
1046		0.672126
1047		0.673372
1048		0.675035
1049		0.677033
1050		0.676466
1051		0.678916
1052		0.67897
1053		0.678665
1054		0.680123
1055		0.678391
1056		0.678769
1057		0.678592
1058		0.676316
1059		0.676335
1060		0.675398
1061		0.670467
1062		0.670586
1063		0.669414
1064		0.668275
1065		0.667045
1066		0.670174
1067		0.671381
1068		0.672732
1069		0.672789
1070		0.67113
1071		0.675278
1072		0.674753
1073		0.674996
1074		0.675698
1075		0.679757
1076		0.678943
1077		0.679502
1078		0.678492
1079		0.680405
1080		0.681778
1081		0.684309
1082		0.683256
1083		0.684244
1084		0.683839
1085		0.686358
1086		0.673364
1087		0.67206
1088		0.672975
1089		0.672674
1090		0.672508
1091		0.673611
1092		0.670737
1093		0.676146
1094		0.671138
1095		0.673499
1096		0.672554
1097		0.673769
1098		0.673191
1099		0.674009
1100		0.672261
1101		0.671219
1102		0.674479
1103		0.67387
1104		0.677458
1105		0.676103
1106		0.675123
1107		0.6749
1108		0.674433
1109		0.674911
1110		0.675332
1111		0.670123
1112		0.669375
1113		0.672438
1114		0.674209
1115		0.675123
1116		0.673947
1117		0.674456
1118		0.673812
1119		0.673781
1120		0.674144
1121		0.674992
1122		0.675984
1123		0.67549
1124		0.675648
1125		0.676119
1126		0.677292
1127		0.67738
1128		0.676354
1129		0.675336
1130		0.679973
1131		0.679383
1132		0.678021
1133		0.679178
1134		0.677851
1135		0.680297
1136		0.66179
1137		0.661744
1138		0.661269
1139		0.661782
1140		0.664147
1141		0.661971
1142		0.663927
1143		0.660664
1144		0.661678
1145		0.661728
1146		0.663229
1147		0.664772
1148		0.666088
1149		0.669117
1150		0.668391
1151		0.668846
1152		0.670532
1153		0.670926
1154		0.671682
1155		0.667029
1156		0.668372
1157		0.667766
1158		0.665366
1159		0.667994
1160		0.670069
1161		0.679116
1162		0.677477
1163		0.67865
1164		0.679934
1165		0.678345
1166		0.67696
1167		0.681481
1168		0.675826
1169		0.677107
1170		0.678152
1171		0.678002
1172		0.682211
1173		0.677812
1174		0.675586
1175		0.676339
1176		0.678013
1177		0.681096
1178		0.679367
1179		0.678318
1180		0.682674
1181		0.683391
1182		0.679472
1183		0.681242
1184		0.683646
1185		0.682253
1186		0.673704
1187		0.674996
1188		0.676802
1189		0.678383
1190		0.676281
1191		0.677079
1192		0.672963
1193		0.674807
1194		0.677762
1195		0.677427
1196		0.676254
1197		0.678773
1198		0.682631
1199		0.68174
1200		0.680197
1201		0.681231
1202		0.680104
1203		0.679255
1204		0.680802
1205		0.680509
1206		0.679637
1207		0.681489
1208		0.679178
1209		0.679753
1210		0.680093
1211		0.673164
1212		0.671539
1213		0.671381
1214		0.671431
1215		0.674182
1216		0.671501
1217		0.673144
1218		0.673623
1219		0.675679
1220		0.67664
1221		0.67853
1222		0.679306
1223		0.680818
1224		0.681165
1225		0.681659
1226		0.680571
1227		0.680791
1228		0.68088
1229		0.681717
1230		0.684429
1231		0.684695
1232		0.682442
1233		0.682608
1234		0.681346
1235		0.681157
1236		0.684417
1237		0.683445
1238		0.684228
1239		0.688966
1240		0.688954
1241		0.687882
1242		0.691535
1243		0.692542
1244		0.692874
1245		0.692859
1246		0.687168
1247		0.688503
1248		0.691771
1249		0.688839
1250		0.690814
1251		0.680174
1252		0.680239
1253		0.680883
1254		0.67885
1255		0.682593
1256		0.681914
1257		0.685417
1258		0.687218
1259		0.687388
1260		0.688931
1261		0.667971
1262		0.671219
1263		0.672735
1264		0.672485
1265		0.673854
1266		0.676667
1267		0.675965
1268		0.671123
1269		0.678329
1270		0.679479
1271		0.683179
1272		0.680166
1273		0.680424
1274		0.683437
1275		0.677076
1276		0.678202
1277		0.679622
1278		0.678812
1279		0.677488
1280		0.67581
1281		0.675081
1282		0.673657
1283		0.673669
1284		0.674965
1285		0.673858
1286		0.680023
1287		0.681701
1288		0.682816
1289		0.685154
1290		0.686663
1291		0.686979
1292		0.688152
1293		0.686659
1294		0.689992
1295		0.690108
1296		0.690945
1297		0.6886
1298		0.687423
1299		0.684128
1300		0.685316
1301		0.683885
1302		0.684718
1303		0.685984
1304		0.686647
1305		0.684252
1306		0.681258
1307		0.681894
1308		0.681902
1309		0.682218
1310		0.683071
1311		0.656817
1312		0.657079
1313		0.65652
1314		0.656671
1315		0.659078
1316		0.655224
1317		0.660305
1318		0.663152
1319		0.663383
1320		0.667207
1321		0.667184
1322		0.668943
1323		0.666717
1324		0.665312
1325		0.665779
1326		0.670675
1327		0.66591
1328		0.668345
1329		0.669143
1330		0.667195
1331		0.670077
1332		0.668403
1333		0.669661
1334		0.669008
1335		0.667766
1336		0.662103
1337		0.664495
1338		0.664321
1339		0.664279
1340		0.661682
1341		0.664309
1342		0.663708
1343		0.662103
1344		0.664078
1345		0.665208
1346		0.664572
1347		0.666532
1348		0.667218
1349		0.666755
1350		0.668133
1351		0.666173
1352		0.667323
1353		0.66674
1354		0.668426
1355		0.67027
1356		0.670166
1357		0.672103
1358		0.669321
1359		0.668364
1360		0.66912
1361		0.656782
1362		0.657662
1363		0.659545
1364		0.662627
1365		0.662049
1366		0.663129
1367		0.663144
1368		0.662693
1369		0.663735
1370		0.666439
1371		0.66458
1372		0.661416
1373		0.663268
1374		0.662214
1375		0.664718
1376		0.665166
1377		0.664784
1378		0.667002
1379		0.666169
1380		0.663005
1381		0.666512
1382		0.666354
1383		0.66463
1384		0.666123
1385		0.664703
1386		0.667766
1387		0.668241
1388		0.670316
1389		0.672562
1390		0.671343
1391		0.675305
1392		0.675305
1393		0.675062
1394		0.673835
1395		0.678927
1396		0.678638
1397		0.678792
1398		0.680077
1399		0.679792
1400		0.680015
1401		0.679039
1402		0.682419
1403		0.681701
1404		0.680802
1405		0.678549
1406		0.676832
1407		0.674958
1408		0.679738
1409		0.679606
1410		0.678279
1411		0.666944
1412		0.666562
1413		0.67022
1414		0.673495
1415		0.670448
1416		0.66978
1417		0.673862
1418		0.674271
1419		0.674595
1420		0.674703
1421		0.676316
1422		0.677087
1423		0.676887
1424		0.677492
1425		0.680359
1426		0.68064
1427		0.68338
1428		0.682481
1429		0.686366
1430		0.689097
1431		0.691478
1432		0.6925
1433		0.693893
1434		0.696956
1435		0.698974
1436		0.701354
1437		0.697766
1438		0.701674
1439		0.701979
1440		0.70294
1441		0.708642
1442		0.707882
1443		0.71125
1444		0.716289
1445		0.716512
1446		0.720613
1447		0.721964
1448		0.721323
1449		0.721856
1450		0.725177
1451		0.729333
1452		0.733133
1453		0.734537
1454		0.737677
1455		0.742357
1456		0.745745
1457		0.747072
1458		0.749938
1459		0.753395
1460		0.751948
1461		0.721717
1462		0.725629
1463		0.724059
1464		0.719834
1465		0.721053
1466		0.720772
1467		0.727658
1468		0.727388
1469		0.72804
1470		0.730505
1471		0.729371
1472		0.734888
1473		0.73765
1474		0.739279
1475		0.735791
1476		0.740023
1477		0.736424
1478		0.744101
1479		0.743519
1480		0.746543
1481		0.750702
1482		0.74826
1483		0.751848
1484		0.75441
1485		0.758133
1486		0.755409
1487		0.756343
1488		0.755841
1489		0.756682
1490		0.756489
1491		0.757882
1492		0.755563
1493		0.75662
1494		0.757245
1495		0.756184
1496		0.755228
1497		0.754522
1498		0.756551
1499		0.752276
1500		0.742423
1501		0.70762
1502		0.709734
1503		0.703333
1504		0.705922
1505		0.710571
1506		0.711914
1507		0.711956
1508		0.716809
1509		0.712824
1510		0.712743
1511		0.719942
1512		0.716269
1513		0.721659
1514		0.721408
1515		0.722496
1516		0.697002
1517		0.688341
1518		0.680691
1519		0.682064
1520		0.67625
1521		0.666142
1522		0.650941
1523		0.651408
1524		0.642442
1525		0.645127
1526		0.645941
1527		0.634676
1528		0.638357
1529		0.636215
1530		0.635625
1531		0.630544
1532		0.627434
1533		0.626454
1534		0.621165
1535		0.625891
1536		0.61841
1537		0.624414
1538		0.628557
1539		0.621084
1540		0.621462
1541		0.62657
1542		0.622647
1543		0.61461
1544		0.619711
1545		0.615841
1546		0.614332
1547		0.619969
1548		0.611211
1549		0.609221
1550		0.594163
1551		0.590536
1552		0.585386
1553		0.589676
1554		0.579302
1555		0.574988
1556		0.580266
1557		0.578507
1558		0.576844
1559		0.573719
1560		0.572191
1561		0.549271
1562		0.551096
1563		0.550721
1564		0.550698
1565		0.554985
1566		0.556586
1567		0.558661
1568		0.558113
1569		0.55728
1570		0.558634
1571		0.560143
1572		0.563897
1573		0.56716
1574		0.570721
1575		0.573306
1576		0.577874
1577		0.581497
1578		0.582612
1579		0.585143
1580		0.585123
1581		0.586269
1582		0.588985
1583		0.587712
1584		0.584097
1585		0.584336
1586		0.564969
1587		0.560926
1588		0.561242
1589		0.571192
1590		0.567041
1591		0.572716
1592		0.570339
1593		0.57461
1594		0.576555
1595		0.582446
1596		0.590984
1597		0.58625
1598		0.589684
1599		0.590949
1600		0.596883
1601		0.599934
1602		0.59358
1603		0.597855
1604		0.598978
1605		0.607284
1606		0.615702
1607		0.614603
1608		0.617361
1609		0.623696
1610		0.617886
1611		0.621408
1612		0.617539
1613		0.616084
1614		0.611879
1615		0.609194
1616		0.612627
1617		0.608441
1618		0.592786
1619		0.592176
1620		0.593356
1621		0.588503
1622		0.592689
1623		0.5964
1624		0.587982
1625		0.588106
1626		0.583206
1627		0.587272
1628		0.588144
1629		0.58603
1630		0.588646
1631		0.590417
1632		0.598569
1633		0.600633
1634		0.605837
1635		0.607045
1636		0.628862
1637		0.630594
1638		0.621034
1639		0.620089
1640		0.619691
1641		0.6214
1642		0.615961
1643		0.614803
1644		0.605258
1645		0.60032
1646		0.60363
1647		0.595741
1648		0.600857
1649		0.601285
1650		0.600062
1651		0.598144
1652		0.600366
1653		0.596281
1654		0.596412
1655		0.592014
1656		0.582338
1657		0.582866
1658		0.580768
1659		0.585085
1660		0.58125
1661		0.575235
1662		0.576049
1663		0.585644
1664		0.595683
1665		0.600027
1666		0.603391
1667		0.607481
1668		0.610135
1669		0.612824
1670		0.613542
1671		0.620602
1672		0.618438
1673		0.618893
1674		0.610066
1675		0.609321
1676		0.603588
1677		0.609051
1678		0.602894
1679		0.604116
1680		0.606389
1681		0.610131
1682		0.616196
1683		0.617573
1684		0.619051
1685		0.623584
1686		0.587369
1687		0.586154
1688		0.590687
1689		0.594387
1690		0.597759
1691		0.605606
1692		0.610937
1693		0.611863
1694		0.607886
1695		0.609819
1696		0.615123
1697		0.615907
1698		0.615201
1699		0.621373
1700		0.62787
1701		0.628083
1702		0.635201
1703		0.636725
1704		0.641995
1705		0.645683
1706		0.646524
1707		0.659653
1708		0.657249
1709		0.659155
1710		0.653326
1711		0.691323
1712		0.694116
1713		0.692377
1714		0.697218
1715		0.691501
1716		0.68635
1717		0.681374
1718		0.673202
1719		0.66463
1720		0.650444
1721		0.649456
1722		0.642778
1723		0.632789
1724		0.629761
1725		0.633484
1726		0.626844
1727		0.622905
1728		0.615671
1729		0.600243
1730		0.600436
1731		0.588762
1732		0.576181
1733		0.581605
1734		0.563117
1735		0.567458
1736		0.509228
1737		0.515012
1738		0.514915
1739		0.504637
1740		0.502523
1741		0.49245
1742		0.490185
1743		0.48777
1744		0.476736
1745		0.480154
1746		0.473966
1747		0.470235
1748		0.463584
1749		0.455278
1750		0.446937
1751		0.430783
1752		0.44071
1753		0.434155
1754		0.433345
1755		0.431616
1756		0.436227
1757		0.433318
1758		0.428742
1759		0.433291
1760		0.434151
1761		0.416925
1762		0.426921
1763		0.425664
1764		0.425027
1765		0.425756
1766		0.424842
1767		0.427867
1768		0.429244
1769		0.428198
1770		0.438997
1771		0.438071
1772		0.441258
1773		0.439734
1774		0.437789
1775		0.437153
1776		0.439576
1777		0.43532
1778		0.430934
1779		0.431636
1780		0.430035
1781		0.432404
1782		0.433013
1783		0.424344
1784		0.425004
1785		0.420853
1786		0.390621
1787		0.394965
1788		0.400521
1789		0.395432
1790		0.388333
1791		0.388175
1792		0.38689
1793		0.384429
1794		0.382377
1795		0.380652
1796		0.375428
1797		0.381478
1798		0.377076
1799		0.381925
1800		0.381184
1801		0.384877
1802		0.381485
1803		0.368063
1804		0.368094
1805		0.367512
1806		0.36461
1807		0.352014
1808		0.349892
1809		0.349255
1810		0.339475
1811		0.322809
1812		0.322762
1813		0.316512
1814		0.314352
1815		0.312847
1816		0.305112
1817		0.304977
1818		0.298121
1819		0.299911
1820		0.300698
1821		0.290953
1822		0.279495
1823		0.277319
1824		0.274005
1825		0.281586
1826		0.27711
1827		0.27657
1828		0.27544
1829		0.279016
1830		0.275745
1831		0.271659
1832		0.267488
1833		0.270814
1834		0.257072
1835		0.257052
1836		0.225112
1837		0.218387
1838		0.220679
1839		0.216524
1840		0.212238
1841		0.203823
1842		0.20196
1843		0.197211
1844		0.193819
1845		0.185316
1846		0.177029
1847		0.176663
1848		0.174383
1849		0.169209
1850		0.162515
1851		0.157303
1852		0.156458
1853		0.15294
1854		0.15593
1855		0.154742
1856		0.15049
1857		0.146084
1858		0.146825
1859		0.148063
1860		0.144892
1861		0.138229
1862		0.136713
1863		0.1337
1864		0.130135
1865		0.12689
1866		0.132419
1867		0.12745
1868		0.128237
1869		0.135706
1870		0.144796
1871		0.146505
1872		0.148619
1873		0.152485
1874		0.150895
1875		0.155069
1876		0.165494
1877		0.175652
1878		0.190941
1879		0.204981
1880		0.211377
1881		0.223434
1882		0.243183
1883		0.245671
1884		0.255397
1885		0.271042
1886		0.252261
1887		0.269371
1888		0.289035
1889		0.296354
1890		0.314348
1891		0.331316
1892		0.336215
1893		0.348264
1894		0.361424
1895		0.368357
1896		0.37282
1897		0.383094
1898		0.393245
1899		0.410123
1900		0.423025
1901		0.43262
1902		0.439132
1903		0.442195
1904		0.445945
1905		0.451906
1906		0.457712
1907		0.461343
1908		0.457631
1909		0.454753
1910		0.460853
1911		0.483546
1912		0.473985
1913		0.477758
1914		0.469653
1915		0.458908
1916		0.452867
1917		0.441455
1918		0.432909
1919		0.428441
1920		0.420127
1921		0.410918
1922		0.405505
1923		0.391833
1924		0.391597
1925		0.387488
1926		0.375123
1927		0.370995
1928		0.373858
1929		0.360286
1930		0.354171
1931		0.349433
1932		0.345872
1933		0.336092
1934		0.329545
1935		0.326381
1936		0.29561
1937		0.291323
1938		0.279807
1939		0.272928
1940		0.268395
1941		0.265529
1942		0.251362
1943		0.251281
1944		0.247955
1945		0.248364
1946		0.247477
1947		0.246667
1948		0.253422
1949		0.249275
1950		0.235799
1951		0.232207
1952		0.220694
1953		0.213144
1954		0.202562
1955		0.199394
1956		0.191319
1957		0.179792
1958		0.170756
1959		0.166304
1960		0.150328
1961		0.132978
1962		0.119414
1963		0.11191
1964		0.108048
1965		0.103681
1966		0.0978665
1967		0.0957137
1968		0.0889506
1969		0.0814236
1970		0.0805054
1971		0.0749576
1972		0.0676968
1973		0.0606906
1974		0.053561
1975		0.0475579
1976		0.046196
1977		0.0389236
1978		0.034402
1979		0.0312346
1980		0.0289545
1981		0.0219444
1982		0.0201852
1983		0.0194637
1984		0.0187654
1985		0.0205556
1986		0.0208179
1987		0.0217593
1988		0.02424
1989		0.0224537
1990		0.0212539
1991		0.0227045
1992		0.0230826
1993		0.0227662
1994		0.0222917
1995		0.0223495
1996		0.0219946
1997		0.0228511
1998		0.0213426
1999		0.0218866
2000		0.0261883
2001		0.0351968
2002		0.0509259
2003		0.0585224
2004		0.0723264
2005		0.0877585
2006		0.0976543
2007		0.114877
2008		0.127577
2009		0.135976
2010		0.155336
2011		0.169931
2012		0.181408
2013		0.202176
2014		0.218094
2015		0.226736
2016		0.248067
2017		0.270872
2018		0.281107
2019		0.303175
2020		0.310868
2021		0.322033
2022		0.333727
2023		0.346208
2024		0.353607
2025		0.358816
2026		0.370147
2027		0.379248
2028		0.381134
2029		0.393353
2030		0.389348
2031		0.39608
2032		0.398542
2033		0.396262
2034		0.401435
2035		0.400463
2036		0.389062
2037		0.379452
2038		0.380779
2039		0.373086
2040		0.360328
2041		0.351397
2042		0.348445
2043		0.334414
2044		0.324842
2045		0.31946
2046		0.310042
2047		0.303507
2048		0.302897
2049		0.302782
2050		0.290316
2051		0.291304
2052		0.281528
2053		0.27115
2054		0.264919
2055		0.252068
2056		0.236578
2057		0.229626
2058		0.223688
2059		0.212747
2060		0.210112
2061		0.206003
2062		0.193954
2063		0.190702
2064		0.183912
2065		0.169545
2066		0.165397
2067		0.155714
2068		0.146678
2069		0.141296
2070		0.131474
2071		0.119549
2072		0.109722
2073		0.0999884
2074		0.0891011
2075		0.0870872
2076		0.080108
2077		0.0708449
2078		0.0656983
2079		0.0631559
2080		0.0577353
2081		0.0557253
2082		0.0478395
2083		0.0438156
2084		0.0397955
2085		0.0346566
2086		0.0287731
2087		0.0287037
2088		0.0298572
2089		0.0279668
2090		0.0278897
2091		0.0292361
2092		0.0271258
2093		0.028642
2094		0.0263927
2095		0.0284645
2096		0.0294444
2097		0.0317207
2098		0.0345872
2099		0.0371721
2100		0.0444174
2101		0.0491744
2102		0.0524691
2103		0.0616898
2104		0.0705941
2105		0.0753318
2106		0.083588
2107		0.092963
2108		0.0978819
2109		0.103862
2110		0.114753
2111		0.114568
2112		0.123056
2113		0.130922
2114		0.137319
2115		0.150382
2116		0.156736
2117		0.164576
2118		0.170883
2119		0.18488
2120		0.189703
2121		0.201543
2122		0.210556
2123		0.211836
2124		0.220988
2125		0.223553
2126		0.230459
2127		0.233931
2128		0.245872
2129		0.242508
2130		0.251057
2131		0.25397
2132		0.251748
2133		0.247342
2134		0.245567
2135		0.241478
2136		0.255486
2137		0.248808
2138		0.253441
2139		0.251813
2140		0.265046
2141		0.258654
2142		0.261929
2143		0.260316
2144		0.264144
2145		0.261694
2146		0.258885
2147		0.257608
2148		0.25255
2149		0.249815
2150		0.25228
2151		0.248248
2152		0.236748
2153		0.235008
2154		0.235096
2155		0.240448
2156		0.240945
2157		0.246289
2158		0.236111
2159		0.233781
2160		0.229348
2161		0.216528
2162		0.21473
2163		0.22059
2164		0.227693
2165		0.227018
2166		0.223291
2167		0.214352
2168		0.214641
2169		0.212728
2170		0.208549
2171		0.205019
2172		0.211682
2173		0.20223
2174		0.199117
2175		0.203291
2176		0.197639
2177		0.191983
2178		0.186053
2179		0.181991
2180		0.180783
2181		0.172404
2182		0.166937
2183		0.15978
2184		0.151215
2185		0.14233
2186		0.13086
2187		0.12581
2188		0.118765
2189		0.117265
2190		0.111686
2191		0.103819
2192		0.101022
2193		0.0894753
2194		0.0873032
2195		0.0820023
2196		0.0776505
2197		0.0768248
2198		0.0728318
2199		0.0646952
2200		0.0602392
2201		0.0597106
2202		0.0555787
2203		0.0497454
2204		0.0482639
2205		0.0463812
2206		0.0386458
2207		0.039811
2208		0.0373418
2209		0.0335378
2210		0.0306211
2211		0.0326389
2212		0.0315278
2213		0.0296219
2214		0.0254514
2215		0.0216358
2216		0.0229707
2217		0.0165972
2218		0.0160069
2219		0.013858
2220		0.0133063
2221		0.0126466
2222		0.0154745
2223		0.0135725
2224		0.0142708
2225		0.0148418
2226		0.0169715
2227		0.0170563
2228		0.0173302
2229		0.0168171
2230		0.0167631
2231		0.0176157
2232		0.0176582
2233		0.0178279
2234		0.0187384
2235		0.0157485
2236		0.015652
2237		0.0155941
2238		0.0158565
2239		0.0178897
2240		0.0169252
2241		0.0181752
2242		0.0183411
2243		0.0185069
2244		0.020679
2245		0.0209954
2246		0.0213079
2247		0.0236111
2248		0.0209954
2249		0.0196026
2250		0.0207253
2251		0.021277
2252		0.0210648
2253		0.0178781
2254		0.0158835
2255		0.0196296
2256		0.0217747
2257		0.0186304
2258		0.0232099
2259		0.0238194
2260		0.0197145
2261		0.0259838
2262		0.0280247
2263		0.0275424
2264		0.0272492
2265		0.0293133
2266		0.0360918
2267		0.0402083
2268		0.0480633
2269		0.0632755
2270		0.0661574
2271		0.0699035
2272		0.0777238
2273		0.0807639
2274		0.0857137
2275		0.0837847
2276		0.0870062
2277		0.0865239
2278		0.0888927
2279		0.0893326
2280		0.0902662
2281		0.0903742
2282		0.0898264
2283		0.0913812
2284		0.0989853
2285		0.10162
2286		0.0996181
2287		0.102342
2288		0.102319
2289		0.105069
2290		0.105883
2291		0.107523
2292		0.104946
2293		0.106817
2294		0.107685
2295		0.105096
2296		0.10581
2297		0.108194
2298		0.10537
2299		0.110529
2300		0.116188
2301		0.120559
2302		0.121535
2303		0.120436
2304		0.117751
2305		0.116983
2306		0.12137
2307		0.119178
2308		0.119738
2309		0.118634
2310		0.127693
2311		0.114363
2312		0.12049
2313		0.125274
2314		0.124815
2315		0.120818
2316		0.115073
2317		0.11088
2318		0.105548
2319		0.102488
2320		0.103407
2321		0.102793
2322		0.0981327
2323		0.0975309
2324		0.0953974
2325		0.0932176
2326		0.0926428
2327		0.0877971
2328		0.0847107
2329		0.0847222
2330		0.0802508
2331		0.0771026
2332		0.0702045
2333		0.0702816
2334		0.0679552
2335		0.0633642
2336		0.0668171
2337		0.063017
2338		0.0572724
2339		0.0557909
2340		0.0502431
2341		0.0498573
2342		0.0506752
2343		0.0497145
2344		0.0465625
2345		0.0463387
2346		0.0477623
2347		0.0458681
2348		0.0457407
2349		0.0427392
2350		0.043588
2351		0.0449267
2352		0.0396258
2353		0.0377971
2354		0.037419
2355		0.0343943
2356		0.0348418
2357		0.0312191
2358		0.0298843
2359		0.0237731
2360		0.0227894
2361		0.0204205
2362		0.0212847
2363		0.0211998
2364		0.0181019
2365		0.0201813
2366		0.0230903
2367		0.0194367
2368		0.0182292
2369		0.0173611
2370		0.0175116
2371		0.0156944
2372		0.0180054
2373		0.0151968
2374		0.0156983
2375		0.0153858
2376		0.0130401
2377		0.0139622
2378		0.0167901
2379		0.0174614
2380		0.0194792
2381		0.018939
2382		0.0226813
2383		0.0301312
2384		0.0347531
2385		0.0415625
2386		0.0549614
2387		0.0545409
2388		0.0656289
2389		0.0626505
2390		0.0625193
2391		0.0575231
2392		0.0547685
2393		0.0508256
2394		0.0509491
2395		0.050463
2396		0.0483449
2397		0.0421065
2398		0.0371836
2399		0.0360995
2400		0.0334336
2401		0.0306327
2402		0.0341011
2403		0.0347377
2404		0.0416628
2405		0.0449576
2406		0.0409607
2407		0.0527701
2408		0.0560532
2409		0.0559066
2410		0.0522454
2411		0.0453202
2412		0.0468634
2413		0.0467515
2414		0.0458179
2415		0.0524961
2416		0.0478125
2417		0.0473573
2418		0.0441975
2419		0.0410532
2420		0.042635
2421		0.041385
2422		0.0383835
2423		0.0322377
2424		0.0245872
2425		0.0197724
2426		0.0205556
2427		0.0203318
2428		0.0204823
2429		0.0191667
2430		0.016848
2431		0.0177238
2432		0.0182562
2433		0.0266782
2434		0.0354205
2435		0.0375926
2436		0.0469985
2437		0.0508372
2438		0.051358
2439		0.0520139
2440		0.0543711
2441		0.0557716
2442		0.0566127
2443		0.0582677
2444		0.0582986
2445		0.0598071
2446		0.0604668
2447		0.0623611
2448		0.0628627
2449		0.0626968
2450		0.0629321
2451		0.0648611
2452		0.0649035
2453		0.066385
2454		0.0669367
2455		0.0692361
2456		0.0705093
2457		0.0728472
2458		0.075733
2459		0.0753858
2460		0.0763349
2461		0.0821103
2462		0.0825154
2463		0.0852546
2464		0.086088
2465		0.0851505
2466		0.0810108
2467		0.0751775
2468		0.0723804
2469		0.0675733
2470		0.0632099
2471		0.0608063
2472		0.0564429
2473		0.0519367
2474		0.0479437
2475		0.0439776
2476		0.0463889
2477		0.0460764
2478		0.0419097
2479		0.04125
2480		0.0391821
2481		0.0377623
2482		0.0340856
2483		0.0330748
2484		0.0296605
2485		0.0307523
2486		0.0316705
2487		0.0297608
2488		0.0291512
2489		0.0304321
2490		0.0335957
2491		0.0323727
2492		0.0341667
2493		0.0334761
2494		0.0350733
2495		0.0357755
2496		0.0383372
2497		0.0376466
2498		0.0370795
2499		0.0359838
2500		0.0391319
2501		0.0392207
2502		0.0394753
2503		0.0405363
2504		0.0429823
2505		0.0433565
2506		0.0430517
2507		0.0452122
2508		0.0494792
2509		0.0567245
2510		0.0589352
2511		0.0661535
2512		0.0754051
2513		0.0777353
2514		0.0804861
2515		0.0809144
2516		0.0830247
2517		0.0781019
2518		0.0756752
2519		0.0768943
2520		0.0765162
2521		0.0754282
2522		0.0759491
2523		0.0748341
2524		0.0758256
2525		0.0781597
2526		0.0766821
2527		0.0730401
2528		0.0742515
2529		0.0734452
2530		0.0707099
2531		0.0755285
2532		0.0784568
2533		0.074267
2534		0.0724383
2535		0.0783218
2536		0.0820988
2537		0.0792593
2538		0.0791512
2539		0.0834761
2540		0.0844869
2541		0.0887847
2542		0.0839583
2543		0.0829437
2544		0.0850154
2545		0.0903858
2546		0.0871065
2547		0.0829167
2548		0.0861767
2549		0.0817863
2550		0.0783102
2551		0.0796026
2552		0.080409
2553		0.083534
2554		0.0786767
2555		0.0753974
2556		0.0751466
2557		0.071686
2558		0.0708603
2559		0.0721875
2560		0.0710957
2561		0.0601389
2562		0.0513966
2563		0.0424306
2564		0.0421258
2565		0.0392631
2566		0.0355131
2567		0.0342245
2568		0.0341782
2569		0.0300039
2570		0.0298688
2571		0.025625
2572		0.0209992
2573		0.0185455
2574		0.0182948
2575		0.0176968
2576		0.0164159
2577		0.0172377
2578		0.0152546
2579		0.0155208
2580		0.0178434
2581		0.0169406
2582		0.0172415
2583		0.0164892
2584		0.0165008
2585		0.0171026
2586		0.0186651
2587		0.0168287
2588		0.0170563
2589		0.0190702
2590		0.0179745
2591		0.0179745
2592		0.0183989
2593		0.0171528
2594		0.018696
2595		0.0190355
2596		0.0193673
2597		0.018615
2598		0.017635
2599		0.0184105
2600		0.0165201
2601		0.0187191
2602		0.0176312
2603		0.0186188
2604		0.0176775
2605		0.018179
2606		0.0184761
2607		0.0188657
2608		0.018098
2609		0.0179514
2610		0.0180671
2611		0.0186613
2612		0.0185995
2613		0.0196605
2614		0.018696
2615		0.019375
2616		0.0183102
2617		0.0187577
2618		0.0188349
2619		0.0198727
2620		0.0186188
2621		0.0189815
2622		0.0175347
2623		0.0174769
2624		0.0209259
2625		0.0271875
2626		0.0332986
2627		0.0378742
2628		0.0452623
2629		0.0494869
2630		0.0524036
2631		0.0550231
2632		0.0578665
2633		0.0564275
2634		0.0593827
2635		0.0598804
2636		0.0600231
2637		0.0660108
2638		0.0735494
2639		0.0767245
2640		0.0820718
2641		0.087936
2642		0.092554
2643		0.100556
2644		0.101863
2645		0.103052
2646		0.110945
2647		0.116096
2648		0.124132
2649		0.127207
2650		0.130853
2651		0.134055
2652		0.139861
2653		0.140737
2654		0.141956
2655		0.145046
2656		0.147218
2657		0.150791
2658		0.152006
2659		0.154541
2660		0.15988
2661		0.147434
2662		0.155409
2663		0.15728
2664		0.157091
2665		0.165316
2666		0.159603
2667		0.15615
2668		0.160394
2669		0.163125
2670		0.164047
2671		0.164549
2672		0.161443
2673		0.165339
2674		0.160772
2675		0.168719
2676		0.167199
2677		0.169464
2678		0.16495
2679		0.162921
2680		0.167963
2681		0.16316
2682		0.149599
2683		0.146605
2684		0.148646
2685		0.142897
2686		0.108711
2687		0.105756
2688		0.107546
2689		0.112226
2690		0.111366
2691		0.115968
2692		0.109356
2693		0.108526
2694		0.106906
2695		0.098588
2696		0.0967747
2697		0.0845023
2698		0.0761381
2699		0.068966
2700		0.0639275
2701		0.0655285
2702		0.0669753
2703		0.063125
2704		0.0623302
2705		0.0651968
2706		0.0674421
2707		0.0702739
2708		0.0680015
2709		0.0649267
2710		0.0606983
2711		0.0603356
2712		0.0568634
2713		0.0537886
2714		0.0550849
2715		0.0551389
2716		0.055787
2717		0.0571412
2718		0.0572801
2719		0.0576968
2720		0.0584954
2721		0.0587037
2722		0.0565316
2723		0.0564776
2724		0.0566242
2725		0.0578279
2726		0.0589236
2727		0.0625039
2728		0.0683179
2729		0.070679
2730		0.0773573
2731		0.0833835
2732		0.0852083
2733		0.0888464
2734		0.0905015
2735		0.0947492
2736		0.0967747
2737		0.099811
2738		0.0994174
2739		0.0987654
2740		0.102596
2741		0.101806
2742		0.10233
2743		0.10336
2744		0.104132
2745		0.103426
2746		0.103603
2747		0.105266
2748		0.108067
2749		0.110841
2750		0.112195
2751		0.111427
2752		0.11412
2753		0.112809
2754		0.115042
2755		0.117643
2756		0.117581
2757		0.118754
2758		0.120081
2759		0.119892
2760		0.119742
2761		0.121454
2762		0.122658
2763		0.124857
2764		0.124062
2765		0.123094
2766		0.126154
2767		0.131088
2768		0.130691
2769		0.132388
2770		0.131883
2771		0.132855
2772		0.133086
2773		0.134171
2774		0.138156
2775		0.142133
2776		0.143515
2777		0.144684
2778		0.146535
2779		0.147407
2780		0.147187
2781		0.147704
2782		0.147604
2783		0.148391
2784		0.146562
2785		0.145478
2786		0.141111
2787		0.138839
2788		0.139483
2789		0.139992
2790		0.137859
2791		0.137056
2792		0.138781
2793		0.13831
2794		0.138889
2795		0.138414
2796		0.137473
2797		0.139444
2798		0.136246
2799		0.136767
2800		0.138565
2801		0.140336
2802		0.141493
2803		0.140413
2804		0.142666
2805		0.144255
2806		0.144383
2807		0.143295
2808		0.143862
2809		0.145355
2810		0.144541
2811		0.142708
2812		0.142234
2813		0.142894
2814		0.145239
2815		0.143708
2816		0.145718
2817		0.145394
2818		0.147052
2819		0.148819
2820		0.147797
2821		0.147215
2822		0.146235
2823		0.148287
2824		0.146651
2825		0.148194
2826		0.14887
2827		0.147558
2828		0.148329
2829		0.146169
2830		0.147369
2831		0.14652
2832		0.146015
2833		0.145895
2834		0.146964
2835		0.147994
2836		0.14929
2837		0.151887
2838		0.148804
2839		0.148519
2840		0.150297
2841		0.152377
2842		0.152284
2843		0.152234
2844		0.150991
2845		0.150471
2846		0.152859
2847		0.153152
2848		0.152542
2849		0.15439
2850		0.158233
2851		0.16125
2852		0.162539
2853		0.166107
2854		0.168519
2855		0.16897
2856		0.166242
2857		0.164657
2858		0.16304
2859		0.158873
2860		0.156539
2861		0.15147
2862		0.150911
2863		0.149105
2864		0.147334
2865		0.149738
2866		0.149761
2867		0.15125
2868		0.150274
2869		0.149583
2870		0.150941
2871		0.150752
2872		0.149506
2873		0.150509
2874		0.150004
2875		0.152253
2876		0.150478
2877		0.150509
2878		0.152697
2879		0.153646
2880		0.156204
2881		0.15939
2882		0.159738
2883		0.160073
2884		0.16309
2885		0.162975
2886		0.170752
2887		0.174209
2888		0.174336
2889		0.175421
2890		0.175671
2891		0.176979
2892		0.178758
2893		0.17826
2894		0.179394
2895		0.177913
2896		0.178399
2897		0.176752
2898		0.176933
2899		0.178036
2900		0.180081
2901		0.181265
2902		0.181539
2903		0.178503
2904		0.178414
2905		0.177056
2906		0.178978
2907		0.17848
2908		0.178889
2909		0.180243
2910		0.180938
2911		0.171991
2912		0.171906
2913		0.173121
2914		0.172581
2915		0.172901
2916		0.173862
2917		0.173148
2918		0.173526
2919		0.172326
2920		0.175197
2921		0.175984
2922		0.176497
2923		0.179109
2924		0.177701
2925		0.176308
2926		0.176034
2927		0.174502
2928		0.174363
2929		0.174684
2930		0.174846
2931		0.174441
2932		0.178738
2933		0.176497
2934		0.177766
2935		0.179279
2936		0.168654
2937		0.170988
2938		0.168449
2939		0.169194
2940		0.169877
2941		0.176076
2942		0.178407
2943		0.181393
2944		0.185907
2945		0.188133
2946		0.195509
2947		0.201339
2948		0.204549
2949		0.210332
2950		0.216806
2951		0.217608
2952		0.222284
2953		0.224788
2954		0.227438
2955		0.233619
2956		0.236871
2957		0.240733
2958		0.246084
2959		0.249865
2960		0.254695
2961		0.269051
2962		0.274136
2963		0.279977
2964		0.28387
2965		0.289306
2966		0.291628
2967		0.295181
2968		0.30034
2969		0.302149
2970		0.308364
2971		0.312986
2972		0.31468
2973		0.320579
2974		0.324715
2975		0.32897
2976		0.33164
2977		0.335066
2978		0.339325
2979		0.34012
2980		0.339089
2981		0.342593
2982		0.343781
2983		0.348982
2984		0.350081
2985		0.352828
2986		0.353287
2987		0.354356
2988		0.354985
2989		0.357203
2990		0.360085
2991		0.365806
2992		0.3713
2993		0.376049
2994		0.37787
2995		0.380702
2996		0.38424
2997		0.38936
2998		0.395104
2999		0.395575
3000		0.401057
3001		0.397704
3002		0.402446
3003		0.404236
3004		0.410378
3005		0.415567
3006		0.418711
3007		0.423148
3008		0.427126
3009		0.432878
3010		0.439923
3011		0.442133
3012		0.450135
3013		0.455525
3014		0.455266
3015		0.46309
3016		0.469587
3017		0.474823
3018		0.483746
3019		0.484356
3020		0.485089
3021		0.489645
3022		0.499722
3023		0.50907
3024		0.504344
3025		0.51098
3026		0.510459
3027		0.508858
3028		0.51218
3029		0.519718
3030		0.518939
3031		0.519167
3032		0.518943
3033		0.512681
3034		0.515683
3035		0.517658
3036		0.507326
3037		0.501389
3038		0.501752
3039		0.505621
3040		0.51341
3041		0.50961
3042		0.516177
3043		0.510748
3044		0.516852
3045		0.515189
3046		0.515166
3047		0.51461
3048		0.516127
3049		0.518167
3050		0.5176
3051		0.521393
3052		0.514637
3053		0.517735
3054		0.518171
3055		0.514769
3056		0.513522
3057		0.512805
3058		0.512465
3059		0.5136
3060		0.518708
3061		0.495768
3062		0.49262
3063		0.490228
3064		0.492662
3065		0.50235
3066		0.509394
3067		0.51635
3068		0.521609
3069		0.526019
3070		0.526049
3071		0.527469
3072		0.522998
3073		0.520926
3074		0.523001
3075		0.523993
3076		0.529788
3077		0.527319
3078		0.521277
3079		0.525899
3080		0.529306
3081		0.537519
3082		0.548738
3083		0.552149
3084		0.552234
3085		0.558538
3086		0.552647
3087		0.556763
3088		0.554591
3089		0.558796
3090		0.560316
3091		0.559807
3092		0.56015
3093		0.558283
3094		0.557859
3095		0.561586
3096		0.56613
3097		0.565104
3098		0.565856
3099		0.559927
3100		0.560509
3101		0.563411
3102		0.571613
3103		0.570764
3104		0.569653
3105		0.566312
3106		0.566474
3107		0.568588
3108		0.56794
3109		0.567515
3110		0.570706
3111		0.537407
3112		0.537712
3113		0.541289
3114		0.543283
3115		0.543133
3116		0.545062
3117		0.542126
3118		0.546987
3119		0.55044
3120		0.552064
3121		0.551026
3122		0.552809
3123		0.554178
3124		0.559356
3125		0.563368
3126		0.563283
3127		0.568002
3128		0.567037
3129		0.568445
3130		0.568399
3131		0.57071
3132		0.564684
3133		0.565795
3134		0.565972
3135		0.570193
3136		0.568144
3137		0.570509
3138		0.573137
3139		0.570775
3140		0.575988
3141		0.577431
3142		0.57956
3143		0.57858
3144		0.580471
3145		0.581103
3146		0.583808
3147		0.589668
3148		0.589028
3149		0.587018
3150		0.592222
3151		0.591481
3152		0.590725
3153		0.5887
3154		0.594032
3155		0.593503
3156		0.594086
3157		0.596979
3158		0.597369
3159		0.598916
3160		0.601084
3161		0.563302
3162		0.564803
3163		0.560197
3164		0.557662
3165		0.563515
3166		0.559171
3167		0.559738
3168		0.564248
3169		0.566161
3170		0.567847
3171		0.567488
3172		0.566616
3173		0.567944
3174		0.568318
3175		0.568754
3176		0.568908
3177		0.571921
3178		0.573908
3179		0.5801
3180		0.580806
3181		0.586435
3182		0.593472
3183		0.595328
3184		0.597141
3185		0.596285
3186		0.600934
3187		0.605316
3188		0.607052
3189		0.608025
3190		0.613302
3191		0.61186
3192		0.616852
3193		0.617195
3194		0.617492
3195		0.621682
3196		0.625482
3197		0.625613
3198		0.622654
3199		0.623565
3200		0.624325
3201		0.626103
3202		0.626833
3203		0.628808
3204		0.63174
3205		0.629664
3206		0.631088
3207		0.631084
3208		0.628812
3209		0.631478
3210		0.628588
3211		0.575637
3212		0.576049
3213		0.576616
3214		0.58414
3215		0.58387
3216		0.582878
3217		0.584799
3218		0.583526
3219		0.58679
3220		0.587222
3221		0.588507
3222		0.588669
3223		0.589726
3224		0.592975
3225		0.592492
3226		0.596883
3227		0.599695
3228		0.599144
3229		0.603434
3230		0.603565
3231		0.606732
3232		0.60777
3233		0.608561
3234		0.610806
3235		0.61235
3236		0.596157
3237		0.597886
3238		0.598518
3239		0.595895
3240		0.600359
3241		0.600139
3242		0.601713
3243		0.602145
3244		0.602758
3245		0.603318
3246		0.602758
3247		0.603719
3248		0.600355
3249		0.601883
3250		0.603465
3251		0.579078
3252		0.579637
3253		0.57875
3254		0.580764
3255		0.581462
3256		0.582203
3257		0.584699
3258		0.583777
3259		0.583538
3260		0.586443
3261		0.584934
3262		0.585324
3263		0.588098
3264		0.595421
3265		0.595012
3266		0.597079
3267		0.595791
3268		0.592855
3269		0.59662
3270		0.596833
3271		0.597056
3272		0.595837
3273		0.595189
3274		0.601092
3275		0.600945
3276		0.605563
3277		0.602488
3278		0.603962
3279		0.608789
3280		0.606809
3281		0.608194
3282		0.609174
3283		0.610471
3284		0.609101
3285		0.610914
3286		0.614799
3287		0.614232
3288		0.616609
3289		0.617913
3290		0.61647
3291		0.616431
3292		0.618229
3293		0.618596
3294		0.620922
3295		0.620586
3296		0.619221
3297		0.618935
3298		0.620764
3299		0.620683
3300		0.620868
3301		0.621466
3302		0.621377
3303		0.619815
3304		0.621582
3305		0.620208
3306		0.618711
3307		0.6188
3308		0.621871
3309		0.619823
3310		0.62157
3311		0.571443
3312		0.570023
3313		0.576289
3314		0.578426
3315		0.57853
3316		0.5814
3317		0.582608
3318		0.585015
3319		0.583318
3320		0.581721
3321		0.581138
3322		0.58424
3323		0.585405
3324		0.584888
3325		0.586489
3326		0.592813
3327		0.590818
3328		0.588522
3329		0.588083
3330		0.588661
3331		0.589525
3332		0.5913
3333		0.593661
3334		0.596215
3335		0.595147
3336		0.5986
3337		0.599911
3338		0.597095
3339		0.598484
3340		0.598515
3341		0.596343
3342		0.597716
3343		0.603584
3344		0.603912
3345		0.604028
3346		0.605185
3347		0.604769
3348		0.605629
3349		0.603183
3350		0.609618
3351		0.611659
3352		0.612616
3353		0.611192
3354		0.6126
3355		0.613268
3356		0.612677
3357		0.612558
3358		0.612523
3359		0.613164
3360		0.614695
3361		0.62159
3362		0.620066
3363		0.61841
3364		0.620826
3365		0.621948
3366		0.623318
3367		0.622689
3368		0.621755
3369		0.618954
3370		0.621547
3371		0.62407
3372		0.623646
3373		0.629074
3374		0.624495
3375		0.627241
3376		0.626887
3377		0.627631
3378		0.626775
3379		0.623214
3380		0.623603
3381		0.626343
3382		0.625837
3383		0.627508
3384		0.626493
3385		0.62539
3386		0.585556
3387		0.583465
3388		0.58593
3389		0.589217
3390		0.590552
3391		0.592678
3392		0.595
3393		0.595941
3394		0.59625
3395		0.593993
3396		0.595208
3397		0.598002
3398		0.599807
3399		0.601416
3400		0.601755
3401		0.602126
3402		0.601173
3403		0.602909
3404		0.60368
3405		0.606265
3406		0.607643
3407		0.608738
3408		0.608029
3409		0.606894
3410		0.607172
3411		0.594815
3412		0.594047
3413		0.595826
3414		0.600394
3415		0.596138
3416		0.597465
3417		0.597022
3418		0.598391
3419		0.596312
3420		0.595606
3421		0.59245
3422		0.598407
3423		0.594788
3424		0.596277
3425		0.599286
3426		0.601192
3427		0.597978
3428		0.602357
3429		0.601489
3430		0.601034
3431		0.603333
3432		0.602697
3433		0.605393
3434		0.605795
3435		0.605189
3436		0.603758
3437		0.606119
3438		0.60593
3439		0.606663
3440		0.606551
3441		0.607593
3442		0.6062
3443		0.609506
3444		0.608468
3445		0.60836
3446		0.609792
3447		0.60902
3448		0.610876
3449		0.610787
3450		0.611246
3451		0.61456
3452		0.612693
3453		0.614286
3454		0.617427
3455		0.615108
3456		0.617924
3457		0.618515
3458		0.618854
3459		0.620721
3460		0.617913
3461		0.589302
3462		0.591123
3463		0.593642
3464		0.596578
3465		0.596296
3466		0.595868
3467		0.59659
3468		0.600999
3469		0.598441
3470		0.601613
3471		0.601624
3472		0.600822
3473		0.603106
3474		0.601493
3475		0.604286
3476		0.599367
3477		0.602014
3478		0.603036
3479		0.604969
3480		0.607593
3481		0.614024
3482		0.612816
3483		0.612566
3484		0.613615
3485		0.61402
3486		0.607419
3487		0.606956
3488		0.60789
3489		0.611883
3490		0.611778
3491		0.618507
3492		0.618029
3493		0.622886
3494		0.624186
3495		0.626929
3496		0.626543
3497		0.629171
3498		0.628164
3499		0.630571
3500		0.630004
3501		0.613862
3502		0.614444
3503		0.616848
3504		0.616076
3505		0.617076
3506		0.617851
3507		0.619583
3508		0.6199
3509		0.618827
3510		0.619664
3511		0.560675
3512		0.561138
3513		0.563503
3514		0.559244
3515		0.563372
3516		0.565621
3517		0.567677
3518		0.570957
3519		0.572137
3520		0.573399
3521		0.574792
3522		0.575914
3523		0.577488
3524		0.583268
3525		0.58262
3526		0.584834
3527		0.588194
3528		0.593148
3529		0.594317
3530		0.596103
3531		0.595702
3532		0.598989
3533		0.597407
3534		0.600378
3535		0.599317
3536		0.609279
3537		0.608341
3538		0.607824
3539		0.605883
3540		0.608854
3541		0.607616
3542		0.608642
3543		0.615957
3544		0.615054
3545		0.61598
3546		0.617415
3547		0.619313
3548		0.617678
3549		0.62091
3550		0.622816
3551		0.621925
3552		0.623129
3553		0.623075
3554		0.624213
3555		0.621462
3556		0.62515
3557		0.622948
3558		0.623943
3559		0.624888
3560		0.625015
3561		0.614985
3562		0.61532
3563		0.619413
3564		0.616937
3565		0.621339
3566		0.621941
3567		0.623098
3568		0.619495
3569		0.622901
3570		0.631983
3571		0.632731
3572		0.636335
3573		0.6349
3574		0.637878
3575		0.641659
3576		0.641532
3577		0.644483
3578		0.64434
3579		0.648175
3580		0.645239
3581		0.645652
3582		0.649182
3583		0.650258
3584		0.647828
3585		0.649066
3586		0.648295
3587		0.646339
3588		0.645509
3589		0.645054
3590		0.648021
3591		0.648735
3592		0.647612
3593		0.649039
3594		0.648225
3595		0.618827
3596		0.616995
3597		0.621586
3598		0.624132
3599		0.625054
3600		0.625262
3601		0.624981
3602		0.628935
3603		0.625089
3604		0.625883
3605		0.628596
3606		0.627828
3607		0.630077
3608		0.630027
3609		0.630613
3610		0.630598
3611		0.631671
3612		0.632222
3613		0.632222
3614		0.632546
3615		0.631478
3616		0.629568
3617		0.631462
3618		0.632812
3619		0.634533
3620		0.587658
3621		0.590004
3622		0.59598
3623		0.593893
3624		0.598943
3625		0.603048
3626		0.6036
3627		0.603337
3628		0.60512
3629		0.605432
3630		0.607986
3631		0.610802
3632		0.611107
3633		0.615301
3634		0.615289
3635		0.618252
3636		0.619772
3637		0.624178
3638		0.629514
3639		0.629842
3640		0.632022
3641		0.628522
3642		0.62892
3643		0.632539
3644		0.63284
3645		0.639907
3646		0.638638
3647		0.63995
3648		0.639417
3649		0.637863
3650		0.639201
3651		0.640424
3652		0.647168
3653		0.641821
3654		0.642716
3655		0.642523
3656		0.642535
3657		0.644545
3658		0.644965
3659		0.642022
3660		0.640023
3661		0.642288
3662		0.642133
3663		0.6413
3664		0.642828
3665		0.640502
3666		0.6436
3667		0.642207
3668		0.640849
3669		0.643052
3670		0.611478
3671		0.612176
3672		0.618461
3673		0.61662
3674		0.620359
3675		0.616319
3676		0.617828
3677		0.619815
3678		0.615802
3679		0.620286
3680		0.615243
3681		0.617512
3682		0.624167
3683		0.626713
3684		0.624915
3685		0.627924
3686		0.628542
3687		0.630374
3688		0.627303
3689		0.630174
3690		0.629653
3691		0.63223
3692		0.626914
3693		0.632755
3694		0.632006
3695		0.625945
3696		0.627214
3697		0.628916
3698		0.62684
3699		0.624769
3700		0.619745
3701		0.621501
3702		0.621169
3703		0.623303
3704		0.622307
3705		0.624344
3706		0.625332
3707		0.624996
3708		0.629059
3709		0.629811
3710		0.635278
3711		0.634398
3712		0.634078
3713		0.636948
3714		0.638866
3715		0.639306
3716		0.638719
3717		0.638866
3718		0.640123
3719		0.639406
3720		0.609822
3721		0.611262
3722		0.61392
3723		0.61711
3724		0.618549
3725		0.616771
3726		0.617006
3727		0.615733
3728		0.616416
3729		0.615536
3730		0.616219
3731		0.615104
3732		0.617137
3733		0.617006
3734		0.615166
3735		0.616674
3736		0.617566
3737		0.61684
3738		0.619745
3739		0.621574
3740		0.621061
3741		0.62012
3742		0.618877
3743		0.618916
3744		0.618607
3745		0.610147
3746		0.607921
3747		0.610243
3748		0.612558
3749		0.609066
3750		0.611562
3751		0.596547
3752		0.600995
3753		0.598499
3754		0.598669
3755		0.600976
3756		0.601327
3757		0.603642
3758		0.608546
3759		0.607978
3760		0.611512
3761		0.611447
3762		0.612041
3763		0.608862
3764		0.614194
3765		0.61071
3766		0.615347
3767		0.6101
3768		0.611744
3769		0.610286
3770		0.560224
3771		0.563399
3772		0.567187
3773		0.567851
3774		0.570582
3775		0.571674
3776		0.571898
3777		0.572859
3778		0.572091
3779		0.572801
3780		0.57022
3781		0.572469
3782		0.573669
3783		0.574772
3784		0.575293
3785		0.577438
3786		0.578488
3787		0.580806
3788		0.582392
3789		0.584278
3790		0.585444
3791		0.584417
3792		0.58762
3793		0.58875
3794		0.591057
3795		0.58064
3796		0.581466
3797		0.586416
3798		0.587168
3799		0.586887
3800		0.587207
3801		0.588777
3802		0.590093
3803		0.595988
3804		0.596562
3805		0.595822
3806		0.594645
3807		0.595783
3808		0.59838
3809		0.600224
3810		0.598951
3811		0.602184
3812		0.598221
3813		0.601393
3814		0.602604
3815		0.604591
3816		0.606227
3817		0.609205
3818		0.609819
3819		0.612755
3820		0.620733
3821		0.6224
3822		0.622712
3823		0.623067
3824		0.626134
3825		0.622585
3826		0.629938
3827		0.623303
3828		0.627415
3829		0.63113
3830		0.629761
3831		0.633823
3832		0.638148
3833		0.637758
3834		0.638399
3835		0.640502
3836		0.641196
3837		0.647326
3838		0.645339
3839		0.645355
3840		0.646339
3841		0.648831
3842		0.649857
3843		0.652338
3844		0.652701
3845		0.649506
3846		0.647338
3847		0.64924
3848		0.653742
3849		0.652527
3850		0.654815
3851		0.655899
3852		0.658063
3853		0.658796
3854		0.663044
3855		0.664996
3856		0.669263
3857		0.672211
3858		0.674668
3859		0.673152
3860		0.675698
3861		0.682978
3862		0.68598
3863		0.681347
3864		0.686211
3865		0.685297
3866		0.680367
3867		0.68093
3868		0.677593
3869		0.677361
3870		0.623449
3871		0.622049
3872		0.623102
3873		0.622851
3874		0.624988
3875		0.627577
3876		0.628465
3877		0.626582
3878		0.629857
3879		0.63211
3880		0.632504
3881		0.638032
3882		0.641674
3883		0.638345
3884		0.635756
3885		0.638831
3886		0.638596
3887		0.640039
3888		0.63787
3889		0.640822
3890		0.640853
3891		0.641196
3892		0.642404
3893		0.64468
3894		0.646424
3895		0.652666
3896		0.648792
3897		0.653785
3898		0.653549
3899		0.658368
3900		0.656262
3901		0.657639
3902		0.656713
3903		0.664144
3904		0.662539
3905		0.665833
3906		0.671995
3907		0.670355
3908		0.668364
3909		0.667384
3910		0.668422
3911		0.671177
3912		0.674043
3913		0.673669
3914		0.675366
3915		0.676975
3916		0.676478
3917		0.675201
3918		0.672103
3919		0.674726
3920		0.6487
3921		0.648739
3922		0.646906
3923		0.652751
3924		0.65409
3925		0.652454
3926		0.652832
3927		0.653048
3928		0.654904
3929		0.649429
3930		0.65375
3931		0.65581
3932		0.656227
3933		0.657095
3934		0.657041
3935		0.656335
3936		0.657639
3937		0.654306
3938		0.657473
3939		0.658445
3940		0.660694
3941		0.656246
3942		0.661196
3943		0.660486
3944		0.663079
3945		0.637041
3946		0.639695
3947		0.642184
3948		0.643457
3949		0.645143
3950		0.641458
3951		0.642928
3952		0.640521
3953		0.645262
3954		0.642145
3955		0.646435
3956		0.649969
3957		0.655868
3958		0.652037
3959		0.649579
3960		0.649676
3961		0.650104
3962		0.646227
3963		0.650386
3964		0.654471
3965		0.652782
3966		0.652245
3967		0.656755
3968		0.660232
3969		0.657797
3970		0.662083
3971		0.665108
3972		0.664915
3973		0.665752
3974		0.667747
3975		0.669718
3976		0.670259
3977		0.671022
3978		0.669992
3979		0.669626
3980		0.6736
3981		0.678414
3982		0.680517
3983		0.679201
3984		0.67875
3985		0.678754
3986		0.67282
3987		0.67338
3988		0.66897
3989		0.673708
3990		0.675687
3991		0.682651
3992		0.683144
3993		0.680934
3994		0.680991
3995		0.660177
3996		0.658125
3997		0.658939
3998		0.65485
3999		0.654958
4000		0.654198
4001		0.632319
4002		0.634753
4003		0.636177
4004		0.6364
4005		0.638738
4006		0.651393
4007		0.652658
4008		0.652311
4009		0.654487
4010		0.657434
4011		0.657608
4012		0.656358
4013		0.656667
4014		0.657103
4015		0.65934
4016		0.66157
4017		0.662041
4018		0.660266
4019		0.660123
4020		0.62767
4021		0.627091
4022		0.626404
4023		0.625463
4024		0.631717
4025		0.630845
4026		0.628476
4027		0.633187
4028		0.636111
4029		0.642492
4030		0.641914
4031		0.645293
4032		0.641227
4033		0.641323
4034		0.64961
4035		0.646053
4036		0.6413
4037		0.645347
4038		0.650841
4039		0.662141
4040		0.663951
4041		0.664302
4042		0.658364
4043		0.655648
4044		0.653904
4045		0.605991
4046		0.603642
4047		0.602419
4048		0.608731
4049		0.614132
4050		0.608831
4051		0.612396
4052		0.619059
4053		0.615448
4054		0.613206
4055		0.62081
4056		0.630405
4057		0.630988
4058		0.620417
4059		0.616397
4060		0.624468
4061		0.621435
4062		0.627971
4063		0.629441
4064		0.635193
4065		0.633291
4066		0.637816
4067		0.62897
4068		0.630779
4069		0.628576
4070		0.650096
4071		0.650332
4072		0.652191
4073		0.660721
4074		0.657469
4075		0.655536
4076		0.66267
4077		0.661809
4078		0.658403
4079		0.650613
4080		0.657731
4081		0.656103
4082		0.658499
4083		0.662265
4084		0.664255
4085		0.66363
4086		0.664286
4087		0.665463
4088		0.669641
4089		0.669147
4090		0.66841
4091		0.667647
4092		0.671015
4093		0.668025
4094		0.668985
4095		0.648187
4096		0.649954
4097		0.64686
4098		0.649279
4099		0.653306
4100		0.655305
4101		0.660355
4102		0.653322
4103		0.656667
4104		0.659738
4105		0.655529
4106		0.663194
4107		0.660286
4108		0.661505
4109		0.652465
4110		0.65228
4111		0.656597
4112		0.659645
4113		0.660783
4114		0.664618
4115		0.659194
4116		0.662504
4117		0.663735
4118		0.662982
4119		0.665679
4120		0.674105
4121		0.675502
4122		0.677473
4123		0.675042
4124		0.679603
4125		0.678094
4126		0.677859
4127		0.676748
4128		0.677523
4129		0.676806
4130		0.673789
4131		0.673059
4132		0.676146
4133		0.677299
4134		0.68309
4135		0.682284
4136		0.683102
4137		0.682384
4138		0.675509
4139		0.677782
4140		0.674032
4141		0.676987
4142		0.675394
4143		0.678657
4144		0.676416
4145		0.612631
4146		0.615594
4147		0.613827
4148		0.614703
4149		0.618935
4150		0.619784
4151		0.619691
4152		0.620027
4153		0.629267
4154		0.625131
4155		0.624861
4156		0.630355
4157		0.632728
4158		0.636451
4159		0.645806
4160		0.649491
4161		0.646454
4162		0.654495
4163		0.657049
4164		0.658059
4165		0.656065
4166		0.661165
4167		0.660478
4168		0.662334
4169		0.663218
4170		0.651613
4171		0.654306
4172		0.658457
4173		0.650467
4174		0.654167
4175		0.667639
4176		0.667292
4177		0.662739
4178		0.670305
4179		0.670806
4180		0.674394
4181		0.685478
4182		0.683295
4183		0.689529
4184		0.690667
4185		0.686424
4186		0.683441
4187		0.686717
4188		0.685691
4189		0.688302
4190		0.692242
4191		0.695783
4192		0.701393
4193		0.695073
4194		0.700478
4195		0.690992
4196		0.688931
4197		0.69336
4198		0.693526
4199		0.696038
4200		0.694005
4201		0.704236
4202		0.700694
4203		0.700911
4204		0.699838
4205		0.698403
4206		0.703484
4207		0.703904
4208		0.711196
4209		0.709722
4210		0.713708
4211		0.715995
4212		0.709765
4213		0.711782
4214		0.714221
4215		0.714784
4216		0.715282
4217		0.717975
4218		0.714803
4219		0.71581
4220		0.679846
4221		0.682191
4222		0.676258
4223		0.68287
4224		0.683565
4225		0.673229
4226		0.674271
4227		0.669502
4228		0.673272
4229		0.677037
4230		0.673819
4231		0.677029
4232		0.670432
4233		0.672296
4234		0.6812
4235		0.687446
4236		0.688789
4237		0.69005
4238		0.68461
4239		0.68412
4240		0.646258
4241		0.636744
4242		0.647839
4243		0.633557
4244		0.614155
4245		0.611208
4246		0.615066
4247		0.611991
4248		0.60593
4249		0.59826
4250		0.601582
4251		0.563831
4252		0.568418
4253		0.567921
4254		0.569996
4255		0.546586
4256		0.545621
4257		0.546038
4258		0.545417
4259		0.542955
4260		0.544309
4261		0.542612
4262		0.540509
4263		0.531744
4264		0.536983
4265		0.540139
4266		0.53941
4267		0.548507
4268		0.551485
4269		0.554707
4270		0.548418
4271		0.564846
4272		0.568943
4273		0.575644
4274		0.584672
4275		0.585089
4276		0.589988
4277		0.588769
4278		0.590945
4279		0.586481
4280		0.58924
4281		0.595297
4282		0.599001
4283		0.602172
4284		0.599406
4285		0.604294
4286		0.61081
4287		0.616563
4288		0.622978
4289		0.631508
4290		0.629579
4291		0.634248
4292		0.649985
4293		0.639942
4294		0.637766
4295		0.643357
4296		0.644981
4297		0.64669
4298		0.658835
4299		0.661289
4300		0.67147
4301		0.661115
4302		0.657022
4303		0.64733
4304		0.650231
4305		0.647423
4306		0.650085
4307		0.6476
4308		0.651022
4309		0.652762
4310		0.658148
4311		0.653943
4312		0.65966
4313		0.662122
4314		0.6651
4315		0.66169
4316		0.667315
4317		0.670401
4318		0.655285
4319		0.657515
4320		0.635938
4321		0.638654
4322		0.643052
4323		0.638187
4324		0.635081
4325		0.628434
4326		0.624695
4327		0.631015
4328		0.621667
4329		0.619757
4330		0.611686
4331		0.608125
4332		0.611971
4333		0.612597
4334		0.609742
4335		0.60936
4336		0.601883
4337		0.594433
4338		0.59385
4339		0.594005
4340		0.592859
4341		0.601933
4342		0.605239
4343		0.608573
4344		0.613357
4345		0.595652
4346		0.603245
4347		0.606501
4348		0.622597
4349		0.623904
4350		0.624996
4351		0.627728
4352		0.629255
4353		0.625205
4354		0.630417
4355		0.630471
4356		0.625984
4357		0.626196
4358		0.621466
4359		0.618291
4360		0.621659
4361		0.62103
4362		0.624934
4363		0.620486
4364		0.620922
4365		0.619753
4366		0.620887
4367		0.61735
4368		0.613218
4369		0.620124
4370		0.62363
4371		0.622662
4372		0.629892
4373		0.635008
4374		0.632168
4375		0.635502
4376		0.633503
4377		0.628337
4378		0.63044
4379		0.624479
4380		0.626732
4381		0.627855
4382		0.624873
4383		0.622801
4384		0.629676
4385		0.625563
4386		0.629657
4387		0.632365
4388		0.623858
4389		0.620073
4390		0.618866
4391		0.620486
4392		0.61794
4393		0.613245
4394		0.599977
4395		0.600394
4396		0.595421
4397		0.58037
4398		0.573264
4399		0.565459
4400		0.549591
4401		0.549915
4402		0.54674
4403		0.537859
4404		0.535
4405		0.53637
4406		0.531312
4407		0.527396
4408		0.529475
4409		0.53184
4410		0.53027
4411		0.527257
4412		0.521586
4413		0.516821
4414		0.524163
4415		0.527438
4416		0.523897
4417		0.521046
4418		0.513789
4419		0.512917
4420		0.499248
4421		0.504167
4422		0.498897
4423		0.50902
4424		0.508854
4425		0.504765
4426		0.513117
4427		0.512168
4428		0.517106
4429		0.528021
4430		0.530328
4431		0.535286
4432		0.542006
4433		0.545154
4434		0.547809
4435		0.547292
4436		0.545548
4437		0.54713
4438		0.540617
4439		0.539583
4440		0.541462
4441		0.544155
4442		0.549981
4443		0.545428
4444		0.547855
4445		0.562133
4446		0.566454
4447		0.569606
4448		0.57022
4449		0.567477
4450		0.574456
4451		0.578218
4452		0.585849
4453		0.582901
4454		0.591609
4455		0.593858
4456		0.599313
4457		0.605934
4458		0.613904
4459		0.617635
4460		0.623731
4461		0.622874
4462		0.626427
4463		0.628279
4464		0.629244
4465		0.628314
4466		0.624911
4467		0.620556
4468		0.618588
4469		0.620722
4470		0.590849
4471		0.587947
4472		0.591829
4473		0.593603
4474		0.593889
4475		0.597218
4476		0.58309
4477		0.584097
4478		0.58213
4479		0.581574
4480		0.57669
4481		0.576759
4482		0.572099
4483		0.566593
4484		0.561262
4485		0.559552
4486		0.54738
4487		0.537512
4488		0.527473
4489		0.522894
4490		0.5138
4491		0.514417
4492		0.505455
4493		0.496404
4494		0.489838
4495		0.482238
4496		0.475891
4497		0.478179
4498		0.478843
4499		0.476952
4500		0.474475
4501		0.466192
4502		0.465729
4503		0.469873
4504		0.480752
4505		0.485617
4506		0.485513
4507		0.492002
4508		0.489171
4509		0.490501
4510		0.489772
4511		0.488615
4512		0.484456
4513		0.488376
4514		0.48588
4515		0.485154
4516		0.486447
4517		0.486601
4518		0.481119
4519		0.473245
4520		0.442037
4521		0.45314
4522		0.45338
4523		0.451964
4524		0.453823
4525		0.465397
4526		0.456366
4527		0.465995
4528		0.466705
4529		0.47934
4530		0.493916
4531		0.492743
4532		0.496092
4533		0.488337
4534		0.482893
4535		0.480386
4536		0.476346
4537		0.466177
4538		0.464637
4539		0.470995
4540		0.465008
4541		0.466898
4542		0.470779
4543		0.476875
4544		0.466609
4545		0.457203
4546		0.457971
4547		0.4651
4548		0.467161
4549		0.465077
4550		0.465289
4551		0.458565
4552		0.460089
4553		0.461516
4554		0.469402
4555		0.479259
4556		0.47784
4557		0.479545
4558		0.451651
4559		0.451057
4560		0.446547
4561		0.447481
4562		0.445914
4563		0.440201
4564		0.454745
4565		0.448962
4566		0.448102
4567		0.446933
4568		0.448005
4569		0.448974
4570		0.438129
4571		0.419741
4572		0.428993
4573		0.440567
4574		0.444433
4575		0.452677
4576		0.457704
4577		0.448542
4578		0.452519
4579		0.450772
4580		0.453846
4581		0.447303
4582		0.45157
4583		0.452643
4584		0.455941
4585		0.447782
4586		0.445799
4587		0.445938
4588		0.438129
4589		0.445567
4590		0.449151
4591		0.453434
4592		0.462643
4593		0.472751
4594		0.471285
4595		0.441242
4596		0.443403
4597		0.450671
4598		0.457836
4599		0.446833
4600		0.452049
4601		0.448302
4602		0.448449
4603		0.440367
4604		0.440351
4605		0.443846
4606		0.434483
4607		0.428449
4608		0.430328
4609		0.433275
4610		0.434888
4611		0.430548
4612		0.425447
4613		0.412839
4614		0.411412
4615		0.407731
4616		0.405907
4617		0.406273
4618		0.408542
4619		0.39865
4620		0.386424
4621		0.383777
4622		0.386566
4623		0.386316
4624		0.373561
4625		0.362342
4626		0.357793
4627		0.357145
4628		0.351281
4629		0.346848
4630		0.344475
4631		0.344657
4632		0.344603
4633		0.349117
4634		0.342658
4635		0.336914
4636		0.338218
4637		0.333912
4638		0.335914
4639		0.339853
4640		0.351991
4641		0.35157
4642		0.342195
4643		0.351273
4644		0.349579
4645		0.351362
4646		0.356863
4647		0.361435
4648		0.365536
4649		0.373248
4650		0.373079
4651		0.385521
4652		0.396015
4653		0.395185
4654		0.397917
4655		0.410617
4656		0.410548
4657		0.417604
4658		0.419375
4659		0.417103
4660		0.400312
4661		0.398356
4662		0.398835
4663		0.407523
4664		0.398781
4665		0.398634
4666		0.393441
4667		0.394522
4668		0.396362
4669		0.393218
4670		0.391636
4671		0.389776
4672		0.374213
4673		0.367959
4674		0.367218
4675		0.361998
4676		0.354194
4677		0.351073
4678		0.347658
4679		0.340228
4680		0.333576
4681		0.320586
4682		0.318823
4683		0.319715
4684		0.314672
4685		0.310845
4686		0.303075
4687		0.313086
4688		0.318264
4689		0.318017
4690		0.317685
4691		0.314768
4692		0.31603
4693		0.306343
4694		0.306543
4695		0.291752
4696		0.293827
4697		0.285891
4698		0.290567
4699		0.294178
4700		0.303167
4701		0.297569
4702		0.304159
4703		0.304016
4704		0.300027
4705		0.313472
4706		0.315702
4707		0.31958
4708		0.320957
4709		0.328499
4710		0.33537
4711		0.342353
4712		0.340035
4713		0.345336
4714		0.351829
4715		0.359016
4716		0.358711
4717		0.361775
4718		0.369437
4719		0.369522
4720		0.378573
4721		0.373434
4722		0.360833
4723		0.36576
4724		0.367569
4725		0.368333
4726		0.355849
4727		0.364869
4728		0.36338
4729		0.366566
4730		0.356755
4731		0.351208
4732		0.348935
4733		0.349198
4734		0.347207
4735		0.347303
4736		0.348561
4737		0.35142
4738		0.348326
4739		0.339772
4740		0.344915
4741		0.338164
4742		0.336971
4743		0.338546
4744		0.334738
4745		0.315687
4746		0.316115
4747		0.308611
4748		0.306921
4749		0.306362
4750		0.29858
4751		0.269649
4752		0.27517
4753		0.280316
4754		0.270471
4755		0.267006
4756		0.254792
4757		0.240004
4758		0.231215
4759		0.2186
4760		0.211339
4761		0.208117
4762		0.19887
4763		0.189853
4764		0.183596
4765		0.178356
4766		0.168553
4767		0.165004
4768		0.162512
4769		0.163272
4770		0.15924
4771		0.150216
4772		0.153742
4773		0.157226
4774		0.149321
4775		0.135768
4776		0.133619
4777		0.122704
4778		0.113245
4779		0.114159
4780		0.110544
4781		0.101944
4782		0.101821
4783		0.0920062
4784		0.0840779
4785		0.0811227
4786		0.0721759
4787		0.0688889
4788		0.0657253
4789		0.0566397
4790		0.0528009
4791		0.0475694
4792		0.0421875
4793		0.0365818
4794		0.0346721
4795		0.0303627
4796		0.0259954
4797		0.0244946
4798		0.0226196
4799		0.0201852
4800		0.0188696
4801		0.015216
4802		0.0115856
4803		0.0103935
4804		0.0076929
4805		0.00701775
4806		0.00771219
4807		0.00747685
4808		0.00770062
4809		0.00785494
4810		0.00716435
4811		0.00743056
4812		0.00778935
4813		0.00731096
4814		0.00785494
4815		0.00672068
4816		0.00701003
4817		0.00768133
4818		0.00748843
4819		0.00652778
4820		0.00640432
4821		0.00748457
4822		0.00792438
4823		0.00793596
4824		0.00829861
4825		0.00858025
4826		0.009375
4827		0.00844907
4828		0.0100231
4829		0.00962191
4830		0.00994213
4831		0.00998071
4832		0.00970679
4833		0.00998843
4834		0.0148148
4835		0.0145255
4836		0.0165162
4837		0.015216
4838		0.0150463
4839		0.0153434
4840		0.0165702
4841		0.0167785
4842		0.0172029
4843		0.0159954
4844		0.0160918
4845		0.0162616
4846		0.0177971
4847		0.0183372
4848		0.0174884
4849		0.0171296
4850		0.0169715
4851		0.0162114
4852		0.0177508
4853		0.0184066
4854		0.0175733
4855		0.0179205
4856		0.0178241
4857		0.0180941
4858		0.0165046
4859		0.0140008
4860		0.0145409
4861		0.0149267
4862		0.0141397
4863		0.0135224
4864		0.0136188
4865		0.0135957
4866		0.0129591
4867		0.0117052
4868		0.0116937
4869		0.012662
4870		0.0131713
4871		0.0136651
4872		0.0117207
4873		0.0130015
4874		0.0116705
4875		0.0133603
4876		0.0150116
4877		0.0133719
4878		0.0145177
4879		0.0143171
4880		0.0133873
4881		0.0140355
4882		0.0141011
4883		0.0144059
4884		0.0164815
4885		0.0157137
4886		0.0161343
4887		0.016223
4888		0.0165008
4889		0.0158642
4890		0.0171605
4891		0.0176505
4892		0.0177894
4893		0.0173302
4894		0.0171181
4895		0.0166551
4896		0.0161613
4897		0.0180903
4898		0.0177585
4899		0.0188696
4900		0.0192747
4901		0.0208025
4902		0.0212809
4903		0.0230247
4904		0.0214931
4905		0.0224228
4906		0.0201736
4907		0.0193789
4908		0.0184028
4909		0.0163194
4910		0.0165239
4911		0.0123804
4912		0.0104823
4913		0.0102662
4914		0.00978781
4915		0.0100039
4916		0.0113349
4917		0.0176312
4918		0.0241435
4919		0.0282986
4920		0.0346142
4921		0.0372145
4922		0.0394946
4923		0.0401119
4924		0.0420872
4925		0.0444136
4926		0.0536806
4927		0.0646682
4928		0.0696952
4929		0.0779823
4930		0.0877006
4931		0.0925039
4932		0.0971258
4933		0.0959645
4934		0.0907716
4935		0.0945988
4936		0.0955286
4937		0.0953858
4938		0.0961073
4939		0.0978858
4940		0.0983102
4941		0.101543
4942		0.104194
4943		0.103191
4944		0.103484
4945		0.102215
4946		0.104016
4947		0.10735
4948		0.109491
4949		0.107025
4950		0.110853
4951		0.110826
4952		0.108812
4953		0.105266
4954		0.103893
4955		0.101744
4956		0.1012
4957		0.0941628
4958		0.0949383
4959		0.081821
4960		0.0854861
4961		0.0865856
4962		0.0793441
4963		0.0737191
4964		0.0751235
4965		0.0698071
4966		0.0670062
4967		0.0703704
4968		0.0660185
4969		0.0690856
4970		0.0641975
4971		0.0636921
4972		0.0557639
4973		0.0608295
4974		0.062037
4975		0.0657523
4976		0.0655864
4977		0.0668943
4978		0.0634684
4979		0.0655556
4980		0.058233
4981		0.0566088
4982		0.0589506
4983		0.059483
4984		0.0535147
4985		0.050787
4986		0.0528395
4987		0.0545332
4988		0.0528897
4989		0.0527315
4990		0.0577546
4991		0.0550849
4992		0.0545023
4993		0.0581829
4994		0.0582407
4995		0.0566667
4996		0.0626968
4997		0.0667284
4998		0.0676891
4999		0.071277
5000		0.0727045
5001		0.0717438
5002		0.0679167
5003		0.0686073
5004		0.0684645
5005		0.0719136
5006		0.0746682
5007		0.0772569
5008		0.0830016
5009		0.0679591
5010		0.062284
5011		0.0616165
5012		0.0613426
5013		0.0561265
5014		0.0537809
5015		0.0473727
5016		0.0389931
5017		0.0374846
5018		0.0399653
5019		0.0428048
5020		0.0435532
5021		0.0454938
5022		0.0414236
5023		0.0396721
5024		0.0399344
5025		0.0359452
5026		0.0371026
5027		0.0348765
5028		0.0325154
5029		0.0282253
5030		0.0260301
5031		0.0214853
5032		0.0192554
5033		0.0182523
5034		0.0165664
5035		0.0157562
5036		0.0151312
5037		0.0178781
5038		0.0169329
5039		0.0166937
5040		0.0175733
5041		0.0168596
5042		0.0174807
5043		0.018642
5044		0.022037
5045		0.0244869
5046		0.0294406
5047		0.0351119
5048		0.038233
5049		0.0458218
5050		0.0594637
5051		0.067527
5052		0.0838117
5053		0.0937539
5054		0.101331
5055		0.110648
5056		0.121771
5057		0.126929
5058		0.141053
5059		0.148438
5060		0.153287
5061		0.168877
5062		0.174279
5063		0.180042
5064		0.193858
5065		0.2013
5066		0.206292
5067		0.220683
5068		0.227558
5069		0.233997
5070		0.245687
5071		0.2574
5072		0.25811
5073		0.26429
5074		0.268063
5075		0.271779
5076		0.284136
5077		0.285224
5078		0.285428
5079		0.296385
5080		0.288928
5081		0.288978
5082		0.27951
5083		0.28206
5084		0.29615
5085		0.29189
5086		0.285301
5087		0.284853
5088		0.280278
5089		0.268642
5090		0.265822
5091		0.261705
5092		0.255733
5093		0.256825
5094		0.254672
5095		0.252106
5096		0.250185
5097		0.246073
5098		0.243137
5099		0.238854
5100		0.233079
5101		0.228445
5102		0.223711
5103		0.217226
5104		0.20765
5105		0.205255
5106		0.198511
5107		0.186856
5108		0.180208
5109		0.179028
5110		0.166617
5111		0.162106
5112		0.149468
5113		0.138052
5114		0.133133
5115		0.1225
5116		0.109024
5117		0.10539
5118		0.0945756
5119		0.0836844
5120		0.0808565
5121		0.070054
5122		0.0557215
5123		0.0495023
5124		0.0452353
5125		0.0388542
5126		0.0336806
5127		0.0264198
5128		0.0220062
5129		0.0192477
5130		0.0154167
5131		0.00958719
5132		0.00729167
5133		0.0061767
5134		0.00365355
5135		0.00320602
5136		0.0014429
5137		0.00126543
5138		0.00116512
5139		0.00256944
5140		0.0020409
5141		0.00275463
5142		0.00271219
5143		0.00273534
5144		0.00345679
5145		0.00263117
5146		0.0026929
5147		0.0022608
5148		0.0013966
5149		0.00313272
5150		0.00231096
5151		0.00293981
5152		0.00243827
5153		0.00306327
5154		0.00317515
5155		0.00281636
5156		0.00264275
5157		0.0031713
5158		0.00426312
5159		0.00525849
5160		0.00482639
5161		0.00446759
5162		0.0043017
5163		0.00439043
5164		0.00546296
5165		0.00400077
5166		0.00339892
5167		0.00271991
5168		0.0026659
5169		0.00301698
5170		0.00272377
5171		0.0029784
5172		0.0023071
5173		0.00318673
5174		0.00292824
5175		0.00316358
5176		0.00324074
5177		0.00368441
5178		0.00317515
5179		0.0036304
5180		0.00319059
5181		0.00409336
5182		0.00373457
5183		0.00320988
5184		0.0032446
5185		0.00462191
5186		0.0035108
5187		0.00305941
5188		0.00364969
5189		0.00407022
5190		0.00304784
5191		0.00390432
5192		0.00411265
5193		0.00353781
5194		0.00279707
5195		0.00344522
5196		0.00246528
5197		0.00354553
5198		0.00314043
5199		0.00141975
5200		0.0017284
5201		0.00321759
5202		0.00204475
5203		0.00270062
5204		0.00408951
5205		0.0025
5206		0.00218364
5207		0.00302469
5208		0.00235725
5209		0.00341435
5210		0.00337191
5211		0.00242284
5212		0.00283565
5213		0.00282407
5214		0.00331019
5215		0.00352623
5216		0.00229938
5217		0.00373457
5218		0.00267747
5219		0.00325231
5220		0.00375386
5221		0.00444059
5222		0.0032446
5223		0.00292824
5224		0.00296682
5225		0.00332562
5226		0.00321759
5227		0.00340278
5228		0.00322145
5229		0.0030517
5230		0.00283565
5231		0.00189043
5232		0.00251543
5233		0.00348765
5234		0.00289352
5235		0.00199074
5236		0.00325617
5237		0.00334105
5238		0.0021412
5239		0.00109568
5240		0.000300926
5241		0.000532407
5242		0.000910494
5243		0.00253086
5244		0.00213349
5245		0.00262731
5246		0.00344136
5247		0.00268904
5248		0.00406636
5249		0.00174769
5250		0.00308256
5251		0.00197531
5252		0.00229938
5253		0.0026659
5254		0.0021875
5255		0.000925926
5256		0.00194444
5257		0.006875
5258		0.0141319
5259		0.0173958
5260		0.0271566
5261		0.0349113
5262		0.038723
5263		0.0437924
5264		0.0495062
5265		0.048233
5266		0.0509259
5267		0.0543171
5268		0.0557986
5269		0.0551312
5270		0.0578974
5271		0.0579553
5272		0.0569599
5273		0.0577662
5274		0.0607446
5275		0.0605748
5276		0.0615394
5277		0.0596721
5278		0.0599807
5279		0.0588079
5280		0.0595177
5281		0.0592361
5282		0.0596836
5283		0.0593596
5284		0.0582253
5285		0.0624884
5286		0.0648033
5287		0.0645679
5288		0.0708218
5289		0.073017
5290		0.079537
5291		0.0829514
5292		0.0903588
5293		0.0976929
5294		0.103133
5295		0.106292
5296		0.111844
5297		0.117068
5298		0.119541
5299		0.120567
5300		0.123187
5301		0.122226
5302		0.129672
5303		0.131613
5304		0.132222
5305		0.132353
5306		0.131489
5307		0.131296
5308		0.131192
5309		0.136763
5310		0.133819
5311		0.132384
5312		0.135849
5313		0.137488
5314		0.135567
5315		0.136632
5316		0.137411
5317		0.132091
5318		0.135216
5319		0.135656
5320		0.13657
5321		0.128719
5322		0.128071
5323		0.129564
5324		0.130139
5325		0.128646
5326		0.128233
5327		0.128688
5328		0.130567
5329		0.132963
5330		0.131667
5331		0.13054
5332		0.130918
5333		0.134977
5334		0.132998
5335		0.136543
5336		0.136485
5337		0.13689
5338		0.141381
5339		0.143437
5340		0.145243
5341		0.146539
5342		0.146165
5343		0.143704
5344		0.145961
5345		0.137697
5346		0.141092
5347		0.147921
5348		0.148241
5349		0.14414
5350		0.146289
5351		0.151354
5352		0.154742
5353		0.160756
5354		0.164414
5355		0.16564
5356		0.171381
5357		0.175251
5358		0.176833
5359		0.183306
5360		0.192002
5361		0.193434
5362		0.197199
5363		0.199336
5364		0.200772
5365		0.200694
5366		0.202504
5367		0.201786
5368		0.204826
5369		0.200382
5370		0.190911
5371		0.193044
5372		0.190324
5373		0.193646
5374		0.19765
5375		0.198978
5376		0.203279
5377		0.201937
5378		0.203823
5379		0.201462
5380		0.199931
5381		0.202473
5382		0.204421
5383		0.202886
5384		0.207434
5385		0.210536
5386		0.217056
5387		0.226065
5388		0.225139
5389		0.230872
5390		0.2349
5391		0.234321
5392		0.242704
5393		0.242423
5394		0.240289
5395		0.248102
5396		0.246069
5397		0.238511
5398		0.243511
5399		0.239772
5400		0.237481
5401		0.230961
5402		0.223137
5403		0.22358
5404		0.225297
5405		0.222747
5406		0.228333
5407		0.225428
5408		0.22576
5409		0.225482
5410		0.223137
5411		0.223218
5412		0.227091
5413		0.227913
5414		0.22387
5415		0.225953
5416		0.230239
5417		0.23088
5418		0.231562
5419		0.238495
5420		0.212812
5421		0.214907
5422		0.216088
5423		0.223727
5424		0.22483
5425		0.229124
5426		0.228349
5427		0.228762
5428		0.236821
5429		0.241076
5430		0.243557
5431		0.2501
5432		0.262523
5433		0.269734
5434		0.274769
5435		0.281482
5436		0.285783
5437		0.290089
5438		0.297218
5439		0.301146
5440		0.309873
5441		0.315502
5442		0.317739
5443		0.329877
5444		0.333596
5445		0.340405
5446		0.343418
5447		0.354437
5448		0.352739
5449		0.354711
5450		0.357755
5451		0.353789
5452		0.353445
5453		0.352388
5454		0.35493
5455		0.35689
5456		0.356188
5457		0.354649
5458		0.355586
5459		0.359205
5460		0.35762
5461		0.358152
5462		0.355895
5463		0.356123
5464		0.35157
5465		0.350841
5466		0.350775
5467		0.345448
5468		0.347342
5469		0.34539
5470		0.368785
5471		0.367554
5472		0.365899
5473		0.366412
5474		0.368908
5475		0.365355
5476		0.366466
5477		0.365567
5478		0.367921
5479		0.372454
5480		0.378121
5481		0.380158
5482		0.389302
5483		0.400166
5484		0.401636
5485		0.409398
5486		0.413974
5487		0.411848
5488		0.420718
5489		0.428816
5490		0.429186
5491		0.430633
5492		0.437786
5493		0.439946
5494		0.44218
5495		0.433345
5496		0.431941
5497		0.431867
5498		0.435999
5499		0.439406
5500		0.438202
5501		0.43542
5502		0.43814
5503		0.440606
5504		0.444456
5505		0.444576
5506		0.446319
5507		0.446535
5508		0.447388
5509		0.448418
5510		0.45238
5511		0.45375
5512		0.454807
5513		0.452319
5514		0.454884
5515		0.453781
5516		0.454379
5517		0.453742
5518		0.452747
5519		0.455197
5520		0.467751
5521		0.466412
5522		0.470868
5523		0.470498
5524		0.473376
5525		0.478665
5526		0.478623
5527		0.480856
5528		0.486389
5529		0.489228
5530		0.494171
5531		0.497809
5532		0.501613
5533		0.505748
5534		0.507608
5535		0.511582
5536		0.518295
5537		0.52034
5538		0.520972
5539		0.526493
5540		0.528561
5541		0.534622
5542		0.535212
5543		0.538499
5544		0.536678
5545		0.533032
5546		0.537261
5547		0.535232
5548		0.537728
5549		0.53985
5550		0.538503
5551		0.536991
5552		0.541632
5553		0.540054
5554		0.544537
5555		0.547566
5556		0.548329
5557		0.552577
5558		0.555582
5559		0.554321
5560		0.554599
5561		0.554479
5562		0.554028
5563		0.558384
5564		0.566292
5565		0.568989
5566		0.56941
5567		0.571941
5568		0.577843
5569		0.579495
5570		0.572457
5571		0.573646
5572		0.576192
5573		0.584001
5574		0.58593
5575		0.590552
5576		0.588461
5577		0.587812
5578		0.589768
5579		0.594414
5580		0.597751
5581		0.598094
5582		0.599352
5583		0.599498
5584		0.600004
5585		0.601809
5586		0.607068
5587		0.608708
5588		0.610552
5589		0.612388
5590		0.609695
5591		0.613507
5592		0.612137
5593		0.614317
5594		0.610918
5595		0.604834
5596		0.606948
5597		0.608931
5598		0.606748
5599		0.604248
5600		0.606366
5601		0.607222
5602		0.60912
5603		0.605698
5604		0.610405
5605		0.612596
5606		0.615787
5607		0.614167
5608		0.61841
5609		0.620891
5610		0.62113
5611		0.621397
5612		0.623785
5613		0.623337
5614		0.622106
5615		0.623229
5616		0.625521
5617		0.62603
5618		0.626952
5619		0.628684
5620		0.625961
5621		0.626107
5622		0.626721
5623		0.627959
5624		0.623561
5625		0.626852
5626		0.628943
5627		0.629201
5628		0.633534
5629		0.634475
5630		0.637018
5631		0.633364
5632		0.637106
5633		0.634861
5634		0.635671
5635		0.634657
5636		0.63434
5637		0.636736
5638		0.638098
5639		0.636717
5640		0.636389
5641		0.637076
5642		0.634452
5643		0.638384
5644		0.638368
5645		0.671188
5646		0.671887
5647		0.671389
5648		0.672288
5649		0.67206
5650		0.671362
5651		0.671497
5652		0.670729
5653		0.669263
5654		0.669483
5655		0.669556
5656		0.669915
5657		0.66544
5658		0.671485
5659		0.668569
5660		0.665891
5661		0.666478
5662		0.669136
5663		0.669938
5664		0.6714
5665		0.671705
5666		0.673931
5667		0.671616
5668		0.673546
5669		0.671771
5670		0.665872
5671		0.662785
5672		0.666161
5673		0.66642
5674		0.669093
5675		0.672554
5676		0.669526
5677		0.667083
5678		0.669684
5679		0.667315
5680		0.671906
5681		0.67061
5682		0.671852
5683		0.670239
5684		0.67206
5685		0.675988
5686		0.674657
5687		0.673993
5688		0.67162
5689		0.673156
5690		0.679213
5691		0.675799
5692		0.674333
5693		0.673518
5694		0.679552
5695		0.670517
5696		0.671265
5697		0.671427
5698		0.667828
5699		0.67147
5700		0.671925
5701		0.672758
5702		0.679468
5703		0.680532
5704		0.685401
5705		0.690494
5706		0.694653
5707		0.693302
5708		0.694799
5709		0.696944
5710		0.697674
5711		0.717948
5712		0.720517
5713		0.721354
5714		0.726154
5715		0.725289
5716		0.72919
5717		0.73341
5718		0.736481
5719		0.736285
5720		0.76147
5721		0.762191
5722		0.762982
5723		0.763345
5724		0.756177
5725		0.763812
5726		0.76137
5727		0.760872
5728		0.765112
5729		0.762728
5730		0.764167
5731		0.766802
5732		0.771536
5733		0.772859
5734		0.771844
5735		0.774313
5736		0.771223
5737		0.775725
