The video is over!
Frame Number 	Queue Density
1		0.0778086
2		0.0826775
3		0.0873611
4		0.0921914
5		0.0966242
6		0.0979282
7		0.102265
8		0.109715
9		0.107145
10		0.105154
11		0.106138
12		0.110386
13		0.111011
14		0.107897
15		0.109927
16		0.111937
17		0.112658
18		0.113079
19		0.113233
20		0.115274
21		0.113546
22		0.116952
23		0.120258
24		0.121624
25		0.124209
26		0.128835
27		0.129032
28		0.12897
29		0.131875
30		0.134132
31		0.13564
32		0.135428
33		0.137272
34		0.138125
35		0.137542
36		0.137967
37		0.136717
38		0.136381
39		0.138657
40		0.14157
41		0.14034
42		0.143472
43		0.142654
44		0.144279
45		0.140305
46		0.142361
47		0.139406
48		0.136381
49		0.144039
50		0.145108
51		0.143391
52		0.150309
53		0.151273
54		0.153345
55		0.156088
56		0.158511
57		0.161111
58		0.166748
59		0.166404
60		0.165147
61		0.167099
62		0.166975
63		0.165382
64		0.165448
65		0.166493
66		0.165529
67		0.165262
68		0.164973
69		0.16466
70		0.166709
71		0.167828
72		0.168985
73		0.166647
74		0.170228
75		0.170833
76		0.17147
77		0.171736
78		0.173245
79		0.173584
80		0.172434
81		0.174163
82		0.179695
83		0.185394
84		0.190802
85		0.193762
86		0.198762
87		0.199116
88		0.20353
89		0.213565
90		0.215089
91		0.22
92		0.221447
93		0.221319
94		0.218816
95		0.21466
96		0.215613
97		0.222546
98		0.22304
99		0.220035
100		0.22113
101		0.217843
102		0.215872
103		0.214707
104		0.214375
105		0.216763
106		0.211416
107		0.21314
108		0.218858
109		0.217909
110		0.226821
111		0.2276
112		0.228576
113		0.231547
114		0.233488
115		0.237832
116		0.241836
117		0.241142
118		0.243607
119		0.243657
120		0.245123
121		0.24907
122		0.242488
123		0.246501
124		0.246863
125		0.248121
126		0.249197
127		0.243835
128		0.249344
129		0.250826
130		0.249537
131		0.250775
132		0.25137
133		0.251844
134		0.253144
135		0.254923
136		0.253966
137		0.255093
138		0.259302
139		0.257539
140		0.259622
141		0.25887
142		0.257288
143		0.257986
144		0.25843
145		0.247924
146		0.255864
147		0.254799
148		0.252882
149		0.249074
150		0.251458
151		0.251736
152		0.248819
153		0.25191
154		0.251146
155		0.251964
156		0.250984
157		0.252099
158		0.249483
159		0.249579
160		0.247404
161		0.24495
162		0.246273
163		0.24853
164		0.246427
165		0.245772
166		0.245617
167		0.241524
168		0.242751
169		0.241115
170		0.244549
171		0.242577
172		0.240089
173		0.237978
174		0.238769
175		0.237546
176		0.23586
177		0.236883
178		0.236813
179		0.234506
180		0.233823
181		0.23402
182		0.234078
183		0.234487
184		0.233584
185		0.23534
186		0.233935
187		0.235409
188		0.235332
189		0.237542
190		0.238175
191		0.23581
192		0.236154
193		0.234205
194		0.234946
195		0.240814
196		0.240451
197		0.240976
198		0.240691
199		0.24147
200		0.24108
201		0.241111
202		0.237724
203		0.241053
204		0.241836
205		0.240945
206		0.238796
207		0.240066
208		0.237153
209		0.237292
210		0.238013
211		0.239776
212		0.241574
213		0.240228
214		0.239637
215		0.238291
216		0.24103
217		0.239888
218		0.24032
219		0.238044
220		0.231605
221		0.23483
222		0.233588
223		0.233009
224		0.235833
225		0.236466
226		0.235147
227		0.236732
228		0.234051
229		0.23309
230		0.232623
231		0.233059
232		0.236848
233		0.237886
234		0.237265
235		0.238156
236		0.238137
237		0.237573
238		0.235737
239		0.23137
240		0.234672
241		0.231902
242		0.233306
243		0.232388
244		0.233885
245		0.231354
246		0.233206
247		0.233218
248		0.232373
249		0.232677
250		0.234244
251		0.232384
252		0.234005
253		0.230826
254		0.230023
255		0.228364
256		0.227677
257		0.23262
258		0.232488
259		0.229738
260		0.230378
261		0.230675
262		0.231952
263		0.22968
264		0.229853
265		0.231848
266		0.231686
267		0.230745
268		0.230204
269		0.230262
270		0.226979
271		0.227878
272		0.228302
273		0.231073
274		0.232608
275		0.234425
276		0.233866
277		0.23468
278		0.240235
279		0.239996
280		0.245571
281		0.248218
282		0.248777
283		0.252276
284		0.253715
285		0.252122
286		0.25289
287		0.249379
288		0.249182
289		0.251482
290		0.248048
291		0.24821
292		0.247419
293		0.246343
294		0.245366
295		0.239298
296		0.236987
297		0.236346
298		0.237539
299		0.236038
300		0.237832
301		0.235964
302		0.235934
303		0.235976
304		0.233592
305		0.232326
306		0.232836
307		0.235058
308		0.232265
309		0.233052
310		0.234911
311		0.233434
312		0.23554
313		0.23235
314		0.233167
315		0.234255
316		0.233708
317		0.233731
318		0.229765
319		0.227782
320		0.233237
321		0.234001
322		0.233268
323		0.235046
324		0.233522
325		0.234012
326		0.232986
327		0.235401
328		0.234336
329		0.234498
330		0.2351
331		0.234803
332		0.232785
333		0.235224
334		0.236192
335		0.231987
336		0.233526
337		0.235066
338		0.232751
339		0.233322
340		0.23559
341		0.237855
342		0.238935
343		0.240162
344		0.242786
345		0.234784
346		0.235532
347		0.241991
348		0.241042
349		0.240374
350		0.23907
351		0.239059
352		0.237585
353		0.238283
354		0.237164
355		0.238654
356		0.23853
357		0.241084
358		0.242022
359		0.241088
360		0.240633
361		0.24235
362		0.241508
363		0.243353
364		0.24267
365		0.242774
366		0.242847
367		0.242002
368		0.242504
369		0.243962
370		0.242164
371		0.241007
372		0.242932
373		0.243985
374		0.244819
375		0.245467
376		0.245841
377		0.246616
378		0.244907
379		0.24245
380		0.243924
381		0.242299
382		0.245992
383		0.247762
384		0.250008
385		0.250702
386		0.253553
387		0.254996
388		0.25527
389		0.257986
390		0.259182
391		0.257612
392		0.259406
393		0.260918
394		0.262666
395		0.255455
396		0.255505
397		0.257496
398		0.256813
399		0.257118
400		0.256165
401		0.255309
402		0.259776
403		0.262789
404		0.266231
405		0.268603
406		0.275505
407		0.280409
408		0.282396
409		0.28912
410		0.297789
411		0.3026
412		0.308839
413		0.314379
414		0.320158
415		0.32235
416		0.328414
417		0.328627
418		0.334525
419		0.339537
420		0.340525
421		0.34924
422		0.352014
423		0.35473
424		0.362689
425		0.368711
426		0.371694
427		0.376092
428		0.379734
429		0.384471
430		0.389931
431		0.394317
432		0.397319
433		0.399695
434		0.405691
435		0.405772
436		0.409325
437		0.413295
438		0.414309
439		0.418341
440		0.41985
441		0.418353
442		0.422596
443		0.424819
444		0.425189
445		0.418927
446		0.418518
447		0.423692
448		0.423603
449		0.426987
450		0.428796
451		0.428746
452		0.433769
453		0.433839
454		0.433746
455		0.43865
456		0.437114
457		0.43799
458		0.442199
459		0.445579
460		0.445394
461		0.444051
462		0.445255
463		0.447697
464		0.448507
465		0.445069
466		0.44625
467		0.447103
468		0.442874
469		0.445556
470		0.452253
471		0.455355
472		0.456806
473		0.457222
474		0.459279
475		0.461682
476		0.461582
477		0.459344
478		0.460324
479		0.460355
480		0.460667
481		0.463808
482		0.464533
483		0.461794
484		0.463472
485		0.464985
486		0.464228
487		0.464325
488		0.463931
489		0.464205
490		0.462496
491		0.462681
492		0.46032
493		0.461181
494		0.462257
495		0.464232
496		0.464333
497		0.468279
498		0.468314
499		0.472755
500		0.476524
501		0.475637
502		0.479275
503		0.484807
504		0.485536
505		0.492149
506		0.497492
507		0.499703
508		0.505451
509		0.511069
510		0.511779
511		0.514811
512		0.517758
513		0.518754
514		0.51782
515		0.519244
516		0.521057
517		0.521543
518		0.525748
519		0.525934
520		0.531813
521		0.531451
522		0.534761
523		0.53635
524		0.538137
525		0.538465
526		0.538086
527		0.540289
528		0.543279
529		0.543816
530		0.541867
531		0.54304
532		0.54473
533		0.542913
534		0.542732
535		0.54162
536		0.542238
537		0.540243
538		0.541354
539		0.542064
540		0.54277
541		0.539113
542		0.544931
543		0.547562
544		0.54745
545		0.520193
546		0.524981
547		0.524977
548		0.525999
549		0.52777
550		0.526289
551		0.524645
552		0.523835
553		0.524564
554		0.526304
555		0.526786
556		0.526393
557		0.526628
558		0.526705
559		0.522307
560		0.52184
561		0.526713
562		0.525069
563		0.523819
564		0.524132
565		0.522554
566		0.523356
567		0.523661
568		0.520135
569		0.522986
570		0.526474
571		0.528931
572		0.531061
573		0.532049
574		0.53446
575		0.534838
576		0.537045
577		0.537037
578		0.539599
579		0.544641
580		0.545258
581		0.548063
582		0.548816
583		0.550602
584		0.551948
585		0.551451
586		0.556624
587		0.560108
588		0.560691
589		0.559923
590		0.55929
591		0.561671
592		0.558931
593		0.559572
594		0.560579
595		0.543322
596		0.549784
597		0.545748
598		0.550675
599		0.550849
600		0.557346
601		0.558056
602		0.559197
603		0.562157
604		0.56407
605		0.566049
606		0.562257
607		0.567496
608		0.569649
609		0.568418
610		0.567442
611		0.575903
612		0.579865
613		0.582157
614		0.587461
615		0.59066
616		0.589471
617		0.591196
618		0.591312
619		0.595139
620		0.592419
621		0.595073
622		0.598993
623		0.601636
624		0.601053
625		0.60419
626		0.605239
627		0.604352
628		0.605031
629		0.605397
630		0.605135
631		0.607423
632		0.611998
633		0.614429
634		0.613519
635		0.611898
636		0.612203
637		0.612928
638		0.610833
639		0.612157
640		0.610204
641		0.608349
642		0.609915
643		0.611713
644		0.611219
645		0.621061
646		0.626269
647		0.625837
648		0.626408
649		0.626636
650		0.626258
651		0.628646
652		0.626138
653		0.628468
654		0.629487
655		0.63039
656		0.63385
657		0.635583
658		0.637631
659		0.636377
660		0.634695
661		0.634201
662		0.636524
663		0.637944
664		0.637886
665		0.642076
666		0.64039
667		0.640961
668		0.642288
669		0.642276
670		0.622975
671		0.625725
672		0.622751
673		0.627434
674		0.626543
675		0.627207
676		0.626751
677		0.628029
678		0.630328
679		0.62804
680		0.626586
681		0.629537
682		0.631879
683		0.638812
684		0.635166
685		0.636061
686		0.637373
687		0.638376
688		0.637118
689		0.637998
690		0.639174
691		0.639371
692		0.64071
693		0.640868
694		0.641667
695		0.626285
696		0.62659
697		0.629024
698		0.631042
699		0.631887
700		0.63022
701		0.628854
702		0.630721
703		0.632477
704		0.632917
705		0.634333
706		0.633962
707		0.636663
708		0.636871
709		0.635725
710		0.636725
711		0.637488
712		0.637469
713		0.639576
714		0.638414
715		0.640899
716		0.641331
717		0.641613
718		0.643387
719		0.642261
720		0.632971
721		0.635143
722		0.635741
723		0.638958
724		0.637913
725		0.639236
726		0.639549
727		0.642168
728		0.640293
729		0.640718
730		0.641566
731		0.640625
732		0.642249
733		0.64211
734		0.643569
735		0.643827
736		0.644857
737		0.642836
738		0.643993
739		0.643044
740		0.641968
741		0.641698
742		0.645305
743		0.644055
744		0.646092
745		0.62015
746		0.626779
747		0.624826
748		0.631038
749		0.627218
750		0.632546
751		0.615826
752		0.617693
753		0.618387
754		0.618029
755		0.618233
756		0.617319
757		0.621393
758		0.623924
759		0.623194
760		0.624549
761		0.623109
762		0.623974
763		0.625147
764		0.62456
765		0.626238
766		0.623577
767		0.624618
768		0.623962
769		0.625691
770		0.639109
771		0.638387
772		0.637627
773		0.637569
774		0.6338
775		0.639186
776		0.638148
777		0.644475
778		0.645536
779		0.642299
780		0.644066
781		0.643403
782		0.650305
783		0.649101
784		0.651335
785		0.650066
786		0.649001
787		0.651632
788		0.652083
789		0.651285
790		0.653295
791		0.66164
792		0.663592
793		0.66571
794		0.667893
795		0.628198
796		0.624541
797		0.627882
798		0.635297
799		0.634282
800		0.640019
801		0.645598
802		0.647157
803		0.647346
804		0.643221
805		0.649603
806		0.646917
807		0.651065
808		0.653607
809		0.655127
810		0.654522
811		0.655355
812		0.655127
813		0.656285
814		0.658488
815		0.660378
816		0.654796
817		0.661489
818		0.65789
819		0.663395
820		0.653441
821		0.65375
822		0.652569
823		0.654063
824		0.658329
825		0.656377
826		0.65684
827		0.660937
828		0.660718
829		0.661308
830		0.659155
831		0.664379
832		0.664348
833		0.665845
834		0.667562
835		0.668877
836		0.667639
837		0.670606
838		0.66946
839		0.673484
840		0.671902
841		0.674846
842		0.674749
843		0.67669
844		0.676435
845		0.67103
846		0.669626
847		0.670841
848		0.675251
849		0.671428
850		0.67652
851		0.676439
852		0.677867
853		0.674923
854		0.672758
855		0.671312
856		0.677851
857		0.674186
858		0.679406
859		0.679352
860		0.678376
861		0.679267
862		0.677172
863		0.679028
864		0.67929
865		0.681184
866		0.680764
867		0.683542
868		0.683137
869		0.683839
870		0.663553
871		0.663276
872		0.664583
873		0.664772
874		0.66762
875		0.664915
876		0.664661
877		0.66527
878		0.665768
879		0.668302
880		0.65414
881		0.652492
882		0.651755
883		0.652392
884		0.651096
885		0.653129
886		0.654742
887		0.655864
888		0.658669
889		0.658418
890		0.660428
891		0.660648
892		0.661343
893		0.661215
894		0.660394
895		0.66157
896		0.663565
897		0.664861
898		0.663692
899		0.661624
900		0.6613
901		0.663063
902		0.667126
903		0.670104
904		0.669055
905		0.678225
906		0.678615
907		0.679433
908		0.679672
909		0.682241
910		0.680799
911		0.681304
912		0.68245
913		0.682489
914		0.680868
915		0.680174
916		0.679907
917		0.679607
918		0.679525
919		0.677789
920		0.676543
921		0.677789
922		0.679583
923		0.681458
924		0.680903
925		0.680363
926		0.680849
927		0.68282
928		0.68544
929		0.687033
930		0.660548
931		0.661123
932		0.66135
933		0.662959
934		0.661084
935		0.665058
936		0.666786
937		0.670166
938		0.673252
939		0.672357
940		0.676559
941		0.676231
942		0.675976
943		0.679614
944		0.680208
945		0.678036
946		0.678067
947		0.678407
948		0.677095
949		0.679892
950		0.679159
951		0.675864
952		0.678704
953		0.675374
954		0.675914
955		0.673241
956		0.66988
957		0.67223
958		0.669063
959		0.678179
960		0.674826
961		0.675313
962		0.678912
963		0.679545
964		0.675594
965		0.679661
966		0.678164
967		0.67995
968		0.679383
969		0.680394
970		0.680405
971		0.683094
972		0.682681
973		0.684464
974		0.682924
975		0.684938
976		0.686265
977		0.688488
978		0.68576
979		0.687072
980		0.6788
981		0.678221
982		0.680297
983		0.681126
984		0.68137
985		0.682323
986		0.683862
987		0.680853
988		0.679329
989		0.678383
990		0.684741
991		0.685478
992		0.684961
993		0.686065
994		0.6889
995		0.691289
996		0.691894
997		0.691817
998		0.691424
999		0.69162
1000		0.692415
1001		0.670501
1002		0.669649
1003		0.668001
1004		0.66787
1005		0.667315
1006		0.668164
1007		0.669205
1008		0.66907
1009		0.670347
1010		0.67267
1011		0.66414
1012		0.662789
1013		0.664279
1014		0.665328
1015		0.664842
1016		0.666061
1017		0.666597
1018		0.663947
1019		0.664915
1020		0.663708
1021		0.667184
1022		0.668383
1023		0.666084
1024		0.667774
1025		0.669198
1026		0.668507
1027		0.666339
1028		0.667643
1029		0.667793
1030		0.664742
1031		0.666694
1032		0.670864
1033		0.669668
1034		0.670532
1035		0.671096
1036		0.667531
1037		0.664001
1038		0.668565
1039		0.669178
1040		0.671867
1041		0.6726
1042		0.671952
1043		0.669742
1044		0.67174
1045		0.671462
1046		0.673198
1047		0.673353
1048		0.674961
1049		0.67711
1050		0.679047
1051		0.679761
1052		0.680058
1053		0.677573
1054		0.680066
1055		0.678291
1056		0.677724
1057		0.676848
1058		0.676323
1059		0.677828
1060		0.678769
1061		0.672581
1062		0.671223
1063		0.668935
1064		0.669059
1065		0.670289
1066		0.671902
1067		0.670444
1068		0.673931
1069		0.673005
1070		0.671848
1071		0.67566
1072		0.675316
1073		0.675922
1074		0.674911
1075		0.679518
1076		0.67843
1077		0.680644
1078		0.679294
1079		0.680733
1080		0.681856
1081		0.685575
1082		0.685062
1083		0.685718
1084		0.685829
1085		0.687207
1086		0.67515
1087		0.674209
1088		0.673742
1089		0.673958
1090		0.673634
1091		0.674904
1092		0.671914
1093		0.676462
1094		0.673021
1095		0.672693
1096		0.674035
1097		0.675586
1098		0.675413
1099		0.675382
1100		0.674522
1101		0.672963
1102		0.674255
1103		0.67387
1104		0.677978
1105		0.676651
1106		0.674992
1107		0.675093
1108		0.674938
1109		0.675332
1110		0.675926
1111		0.672619
1112		0.671582
1113		0.672786
1114		0.674726
1115		0.675224
1116		0.675594
1117		0.676296
1118		0.67571
1119		0.675725
1120		0.676458
1121		0.676798
1122		0.677986
1123		0.677469
1124		0.676647
1125		0.674873
1126		0.676941
1127		0.677149
1128		0.677292
1129		0.676917
1130		0.680212
1131		0.681323
1132		0.680938
1133		0.678974
1134		0.6762
1135		0.679178
1136		0.663013
1137		0.662504
1138		0.661952
1139		0.662392
1140		0.664514
1141		0.662531
1142		0.665224
1143		0.662785
1144		0.662002
1145		0.662905
1146		0.664464
1147		0.667064
1148		0.667014
1149		0.669757
1150		0.668904
1151		0.669618
1152		0.671906
1153		0.67245
1154		0.672319
1155		0.664799
1156		0.669691
1157		0.669599
1158		0.66718
1159		0.669248
1160		0.671971
1161		0.680367
1162		0.676547
1163		0.678144
1164		0.680502
1165		0.678345
1166		0.678098
1167		0.678241
1168		0.676242
1169		0.677489
1170		0.678627
1171		0.679302
1172		0.684105
1173		0.679197
1174		0.677203
1175		0.676748
1176		0.680617
1177		0.680791
1178		0.681508
1179		0.681092
1180		0.684761
1181		0.684414
1182		0.680579
1183		0.682789
1184		0.685598
1185		0.683866
1186		0.675791
1187		0.674799
1188		0.675305
1189		0.677975
1190		0.677295
1191		0.677249
1192		0.674853
1193		0.67642
1194		0.678804
1195		0.678241
1196		0.676323
1197		0.680235
1198		0.680193
1199		0.682589
1200		0.681744
1201		0.681906
1202		0.681042
1203		0.68135
1204		0.681952
1205		0.680941
1206		0.679576
1207		0.681447
1208		0.679093
1209		0.680193
1210		0.681327
1211		0.675058
1212		0.673484
1213		0.670876
1214		0.671022
1215		0.675332
1216		0.672126
1217		0.674711
1218		0.673684
1219		0.6761
1220		0.677461
1221		0.678422
1222		0.678592
1223		0.680675
1224		0.682045
1225		0.683588
1226		0.681937
1227		0.681559
1228		0.68061
1229		0.681335
1230		0.683642
1231		0.685355
1232		0.681574
1233		0.681566
1234		0.68196
1235		0.681705
1236		0.68473
1237		0.684799
1238		0.68375
1239		0.687774
1240		0.688279
1241		0.687797
1242		0.692145
1243		0.693229
1244		0.692971
1245		0.692863
1246		0.686404
1247		0.687843
1248		0.692415
1249		0.689742
1250		0.691659
1251		0.680953
1252		0.678731
1253		0.680351
1254		0.679244
1255		0.683711
1256		0.682496
1257		0.686246
1258		0.687203
1259		0.687164
1260		0.689572
1261		0.668673
1262		0.67272
1263		0.674572
1264		0.673646
1265		0.675548
1266		0.674853
1267		0.675644
1268		0.672064
1269		0.680293
1270		0.678927
1271		0.683465
1272		0.680833
1273		0.679379
1274		0.683939
1275		0.677677
1276		0.679379
1277		0.682373
1278		0.681914
1279		0.680652
1280		0.677708
1281		0.676937
1282		0.676231
1283		0.676046
1284		0.676709
1285		0.675108
1286		0.680837
1287		0.683549
1288		0.682921
1289		0.685772
1290		0.688144
1291		0.688615
1292		0.68919
1293		0.688576
1294		0.691015
1295		0.69027
1296		0.692172
1297		0.689876
1298		0.689356
1299		0.684306
1300		0.685031
1301		0.684086
1302		0.685409
1303		0.687342
1304		0.688654
1305		0.684911
1306		0.68387
1307		0.684055
1308		0.683665
1309		0.682705
1310		0.68353
1311		0.657975
1312		0.659132
1313		0.65912
1314		0.6599
1315		0.6611
1316		0.656246
1317		0.661026
1318		0.664471
1319		0.665501
1320		0.668819
1321		0.667982
1322		0.670914
1323		0.668194
1324		0.665625
1325		0.66711
1326		0.67037
1327		0.668507
1328		0.671697
1329		0.670883
1330		0.668171
1331		0.669734
1332		0.66939
1333		0.670633
1334		0.669803
1335		0.669259
1336		0.661146
1337		0.663252
1338		0.663488
1339		0.665536
1340		0.663013
1341		0.665953
1342		0.664927
1343		0.66505
1344		0.66532
1345		0.665795
1346		0.663349
1347		0.666736
1348		0.66784
1349		0.667805
1350		0.669155
1351		0.666941
1352		0.666073
1353		0.665961
1354		0.667218
1355		0.669703
1356		0.670741
1357		0.670752
1358		0.669078
1359		0.669826
1360		0.669734
1361		0.656026
1362		0.656636
1363		0.660232
1364		0.66294
1365		0.663083
1366		0.664244
1367		0.662851
1368		0.663603
1369		0.66456
1370		0.666331
1371		0.665571
1372		0.66265
1373		0.66363
1374		0.661883
1375		0.663816
1376		0.665282
1377		0.664626
1378		0.664468
1379		0.66358
1380		0.664363
1381		0.667581
1382		0.667157
1383		0.665015
1384		0.667334
1385		0.666771
1386		0.667434
1387		0.670474
1388		0.671501
1389		0.673457
1390		0.672697
1391		0.676813
1392		0.674186
1393		0.676694
1394		0.675471
1395		0.679375
1396		0.678515
1397		0.678133
1398		0.678337
1399		0.678661
1400		0.678252
1401		0.680216
1402		0.683654
1403		0.681782
1404		0.679383
1405		0.679853
1406		0.678333
1407		0.677461
1408		0.680922
1409		0.680837
1410		0.680247
1411		0.668646
1412		0.66865
1413		0.670679
1414		0.672708
1415		0.672025
1416		0.670749
1417		0.674661
1418		0.675517
1419		0.675548
1420		0.676046
1421		0.677106
1422		0.676358
1423		0.675428
1424		0.676655
1425		0.679144
1426		0.680093
1427		0.683553
1428		0.682839
1429		0.685856
1430		0.688638
1431		0.691601
1432		0.692604
1433		0.692577
1434		0.696227
1435		0.697519
1436		0.701844
1437		0.698221
1438		0.70294
1439		0.701987
1440		0.702901
1441		0.708758
1442		0.709093
1443		0.712226
1444		0.716343
1445		0.71718
1446		0.721115
1447		0.723615
1448		0.719545
1449		0.723295
1450		0.725494
1451		0.73005
1452		0.733318
1453		0.734012
1454		0.738021
1455		0.7414
1456		0.746003
1457		0.746941
1458		0.749691
1459		0.752307
1460		0.751528
1461		0.720166
1462		0.72429
1463		0.724938
1464		0.719741
1465		0.721474
1466		0.721397
1467		0.727658
1468		0.727357
1469		0.728403
1470		0.731701
1471		0.730208
1472		0.736439
1473		0.738194
1474		0.740548
1475		0.738021
1476		0.741123
1477		0.737353
1478		0.745123
1479		0.743781
1480		0.746945
1481		0.750606
1482		0.748746
1483		0.751547
1484		0.754803
1485		0.759059
1486		0.756416
1487		0.755992
1488		0.756686
1489		0.759012
1490		0.758279
1491		0.757828
1492		0.75738
1493		0.757751
1494		0.758696
1495		0.75772
1496		0.755864
1497		0.754745
1498		0.757373
1499		0.753241
1500		0.744637
1501		0.709838
1502		0.71255
1503		0.704317
1504		0.70713
1505		0.712662
1506		0.713681
1507		0.713071
1508		0.717975
1509		0.713931
1510		0.712978
1511		0.722894
1512		0.72071
1513		0.724051
1514		0.72235
1515		0.721995
1516		0.69794
1517		0.690529
1518		0.683742
1519		0.68304
1520		0.678067
1521		0.666852
1522		0.650849
1523		0.651956
1524		0.643885
1525		0.646354
1526		0.6476
1527		0.636566
1528		0.639406
1529		0.637866
1530		0.637346
1531		0.630853
1532		0.627608
1533		0.626181
1534		0.622704
1535		0.627751
1536		0.621015
1537		0.62684
1538		0.628383
1539		0.6237
1540		0.625077
1541		0.629352
1542		0.622369
1543		0.615467
1544		0.622118
1545		0.618233
1546		0.617515
1547		0.622215
1548		0.612083
1549		0.608916
1550		0.597473
1551		0.595397
1552		0.591011
1553		0.593623
1554		0.584877
1555		0.577716
1556		0.582276
1557		0.581181
1558		0.580073
1559		0.575378
1560		0.572932
1561		0.549892
1562		0.55081
1563		0.553329
1564		0.555062
1565		0.55814
1566		0.559016
1567		0.560448
1568		0.558368
1569		0.55723
1570		0.559892
1571		0.560413
1572		0.564313
1573		0.56657
1574		0.571381
1575		0.573742
1576		0.580216
1577		0.584317
1578		0.585741
1579		0.587531
1580		0.586925
1581		0.587654
1582		0.590953
1583		0.590505
1584		0.58534
1585		0.586879
1586		0.566362
1587		0.563283
1588		0.563684
1589		0.572809
1590		0.569302
1591		0.574452
1592		0.571759
1593		0.575887
1594		0.577249
1595		0.582998
1596		0.592253
1597		0.586952
1598		0.589907
1599		0.591289
1600		0.597257
1601		0.599803
1602		0.594765
1603		0.599672
1604		0.601956
1605		0.611601
1606		0.619267
1607		0.617091
1608		0.62103
1609		0.627504
1610		0.620613
1611		0.626752
1612		0.619711
1613		0.619815
1614		0.61321
1615		0.610204
1616		0.612454
1617		0.607122
1618		0.593283
1619		0.591724
1620		0.593283
1621		0.589059
1622		0.593461
1623		0.59887
1624		0.5912
1625		0.589506
1626		0.586115
1627		0.589884
1628		0.589197
1629		0.587257
1630		0.590316
1631		0.591366
1632		0.599147
1633		0.601721
1634		0.606362
1635		0.606728
1636		0.627909
1637		0.632793
1638		0.622361
1639		0.61941
1640		0.618993
1641		0.622326
1642		0.620046
1643		0.614969
1644		0.606551
1645		0.602473
1646		0.605035
1647		0.598113
1648		0.602053
1649		0.60299
1650		0.602913
1651		0.599788
1652		0.600204
1653		0.597407
1654		0.597257
1655		0.594306
1656		0.584267
1657		0.584657
1658		0.583322
1659		0.586073
1660		0.583472
1661		0.577392
1662		0.577963
1663		0.587774
1664		0.597072
1665		0.601536
1666		0.604506
1667		0.610602
1668		0.613179
1669		0.614884
1670		0.616107
1671		0.622928
1672		0.620309
1673		0.62267
1674		0.611613
1675		0.606759
1676		0.604333
1677		0.608789
1678		0.60537
1679		0.6062
1680		0.606177
1681		0.612955
1682		0.618561
1683		0.618422
1684		0.621798
1685		0.626188
1686		0.590089
1687		0.58892
1688		0.593653
1689		0.597164
1690		0.602133
1691		0.609942
1692		0.614062
1693		0.614375
1694		0.610474
1695		0.612558
1696		0.617882
1697		0.618411
1698		0.615212
1699		0.6225
1700		0.624468
1701		0.629498
1702		0.635081
1703		0.636447
1704		0.641786
1705		0.647103
1706		0.648573
1707		0.659063
1708		0.657234
1709		0.66064
1710		0.654163
1711		0.692623
1712		0.695004
1713		0.692917
1714		0.693634
1715		0.692874
1716		0.686597
1717		0.681624
1718		0.67395
1719		0.667681
1720		0.652133
1721		0.651863
1722		0.64679
1723		0.636574
1724		0.632307
1725		0.636038
1726		0.630004
1727		0.624857
1728		0.617253
1729		0.601574
1730		0.601941
1731		0.587701
1732		0.574977
1733		0.583144
1734		0.563407
1735		0.568353
1736		0.510502
1737		0.515702
1738		0.518129
1739		0.508573
1740		0.505556
1741		0.494086
1742		0.49049
1743		0.490864
1744		0.478491
1745		0.483746
1746		0.477851
1747		0.47255
1748		0.466053
1749		0.458831
1750		0.450795
1751		0.433449
1752		0.443873
1753		0.437369
1754		0.437369
1755		0.435008
1756		0.439452
1757		0.436099
1758		0.430907
1759		0.436235
1760		0.438542
1761		0.419942
1762		0.431304
1763		0.429811
1764		0.427361
1765		0.428812
1766		0.427396
1767		0.429603
1768		0.431431
1769		0.429518
1770		0.440482
1771		0.441381
1772		0.445066
1773		0.442662
1774		0.440336
1775		0.439028
1776		0.441755
1777		0.439043
1778		0.432454
1779		0.433831
1780		0.430637
1781		0.432411
1782		0.434595
1783		0.425918
1784		0.427816
1785		0.423769
1786		0.391782
1787		0.398322
1788		0.40137
1789		0.401281
1790		0.390428
1791		0.391798
1792		0.388218
1793		0.387816
1794		0.386485
1795		0.38407
1796		0.379016
1797		0.386262
1798		0.38115
1799		0.385891
1800		0.384306
1801		0.387365
1802		0.385093
1803		0.371532
1804		0.370505
1805		0.368765
1806		0.364579
1807		0.351173
1808		0.349078
1809		0.35049
1810		0.341466
1811		0.325814
1812		0.325394
1813		0.321956
1814		0.318858
1815		0.318237
1816		0.310401
1817		0.309286
1818		0.300984
1819		0.304456
1820		0.300297
1821		0.292296
1822		0.280664
1823		0.27728
1824		0.276327
1825		0.283438
1826		0.27608
1827		0.280652
1828		0.277859
1829		0.282585
1830		0.279877
1831		0.277257
1832		0.273468
1833		0.274568
1834		0.260293
1835		0.261389
1836		0.226817
1837		0.220884
1838		0.224715
1839		0.220791
1840		0.214961
1841		0.206713
1842		0.207758
1843		0.200629
1844		0.196312
1845		0.187674
1846		0.177041
1847		0.173958
1848		0.175035
1849		0.172157
1850		0.162859
1851		0.158241
1852		0.157145
1853		0.157079
1854		0.15439
1855		0.15691
1856		0.152681
1857		0.149923
1858		0.153052
1859		0.154807
1860		0.149371
1861		0.142778
1862		0.143083
1863		0.135413
1864		0.133356
1865		0.128908
1866		0.13576
1867		0.13032
1868		0.129996
1869		0.139255
1870		0.146871
1871		0.146713
1872		0.151971
1873		0.159263
1874		0.154645
1875		0.158299
1876		0.171528
1877		0.180428
1878		0.194117
1879		0.204398
1880		0.215019
1881		0.225776
1882		0.248395
1883		0.248499
1884		0.258256
1885		0.274171
1886		0.255401
1887		0.273237
1888		0.293603
1889		0.299117
1890		0.317708
1891		0.335405
1892		0.340868
1893		0.351562
1894		0.364039
1895		0.370772
1896		0.37086
1897		0.383426
1898		0.397408
1899		0.41162
1900		0.424348
1901		0.435205
1902		0.443885
1903		0.445984
1904		0.449799
1905		0.455139
1906		0.46201
1907		0.463677
1908		0.462137
1909		0.456296
1910		0.462543
1911		0.485471
1912		0.477002
1913		0.47929
1914		0.471088
1915		0.462157
1916		0.454267
1917		0.443727
1918		0.437539
1919		0.43277
1920		0.42522
1921		0.415363
1922		0.409896
1923		0.39637
1924		0.3962
1925		0.389151
1926		0.37946
1927		0.370104
1928		0.37336
1929		0.360154
1930		0.356265
1931		0.352924
1932		0.34973
1933		0.339711
1934		0.329745
1935		0.325436
1936		0.294082
1937		0.291833
1938		0.286204
1939		0.277411
1940		0.271416
1941		0.271809
1942		0.255741
1943		0.253677
1944		0.253515
1945		0.254001
1946		0.250691
1947		0.250741
1948		0.255883
1949		0.252137
1950		0.242199
1951		0.234201
1952		0.226667
1953		0.218738
1954		0.20603
1955		0.203086
1956		0.194144
1957		0.18463
1958		0.174653
1959		0.168542
1960		0.151231
1961		0.137245
1962		0.124213
1963		0.117145
1964		0.112053
1965		0.109722
1966		0.101944
1967		0.0994174
1968		0.0945988
1969		0.0874691
1970		0.0882176
1971		0.0807832
1972		0.0740085
1973		0.0675694
1974		0.0580671
1975		0.0544251
1976		0.0505826
1977		0.0417824
1978		0.0385957
1979		0.0372145
1980		0.0325849
1981		0.0268287
1982		0.0271451
1983		0.0252083
1984		0.0221142
1985		0.0217014
1986		0.0237654
1987		0.0254861
1988		0.0261343
1989		0.0230401
1990		0.0253241
1991		0.0260108
1992		0.0241474
1993		0.0243441
1994		0.0277546
1995		0.0276852
1996		0.0273727
1997		0.0285725
1998		0.0286458
1999		0.0286806
2000		0.0324306
2001		0.0413619
2002		0.0555247
2003		0.0644136
2004		0.0764506
2005		0.0922685
2006		0.100887
2007		0.116258
2008		0.130309
2009		0.140822
2010		0.158522
2011		0.173661
2012		0.186184
2013		0.20667
2014		0.221879
2015		0.231289
2016		0.253036
2017		0.275282
2018		0.285019
2019		0.302647
2020		0.311501
2021		0.324097
2022		0.335131
2023		0.347519
2024		0.356165
2025		0.360926
2026		0.37164
2027		0.381952
2028		0.384163
2029		0.397072
2030		0.392651
2031		0.400988
2032		0.402577
2033		0.401015
2034		0.40532
2035		0.403187
2036		0.392971
2037		0.38284
2038		0.383036
2039		0.377743
2040		0.362735
2041		0.352824
2042		0.351925
2043		0.339904
2044		0.329553
2045		0.32321
2046		0.31326
2047		0.307187
2048		0.30701
2049		0.307396
2050		0.294325
2051		0.293981
2052		0.285721
2053		0.275644
2054		0.27
2055		0.255745
2056		0.238665
2057		0.232743
2058		0.226154
2059		0.214811
2060		0.213731
2061		0.209032
2062		0.197928
2063		0.196979
2064		0.19064
2065		0.173615
2066		0.169059
2067		0.159522
2068		0.150405
2069		0.145814
2070		0.135725
2071		0.124931
2072		0.115174
2073		0.105911
2074		0.0943557
2075		0.0915471
2076		0.08424
2077		0.0767824
2078		0.0714892
2079		0.0678935
2080		0.0621991
2081		0.0580015
2082		0.053696
2083		0.0484066
2084		0.0446142
2085		0.0398843
2086		0.0359491
2087		0.0359877
2088		0.0345486
2089		0.0336266
2090		0.0323303
2091		0.0341667
2092		0.0320216
2093		0.0351698
2094		0.0319522
2095		0.0355633
2096		0.0321682
2097		0.0394522
2098		0.0427238
2099		0.0414313
2100		0.0473573
2101		0.0535031
2102		0.0596759
2103		0.0642284
2104		0.0764737
2105		0.0812423
2106		0.088993
2107		0.0976081
2108		0.101559
2109		0.107577
2110		0.117149
2111		0.117184
2112		0.129699
2113		0.136269
2114		0.141952
2115		0.154695
2116		0.16152
2117		0.168862
2118		0.176385
2119		0.189197
2120		0.193422
2121		0.204579
2122		0.214741
2123		0.218588
2124		0.22772
2125		0.228927
2126		0.234371
2127		0.238499
2128		0.250054
2129		0.246713
2130		0.255077
2131		0.25841
2132		0.254441
2133		0.254745
2134		0.249317
2135		0.246759
2136		0.260116
2137		0.252662
2138		0.257191
2139		0.255548
2140		0.269707
2141		0.261505
2142		0.265131
2143		0.262295
2144		0.268194
2145		0.267793
2146		0.264089
2147		0.262801
2148		0.258661
2149		0.256948
2150		0.25738
2151		0.253102
2152		0.241053
2153		0.238268
2154		0.237284
2155		0.243584
2156		0.244336
2157		0.248214
2158		0.239726
2159		0.238885
2160		0.231643
2161		0.218893
2162		0.219005
2163		0.224525
2164		0.234147
2165		0.230714
2166		0.228735
2167		0.218985
2168		0.218962
2169		0.217226
2170		0.214556
2171		0.210907
2172		0.215131
2173		0.208275
2174		0.20434
2175		0.206763
2176		0.201053
2177		0.198488
2178		0.191825
2179		0.18897
2180		0.185451
2181		0.177427
2182		0.168854
2183		0.164444
2184		0.154657
2185		0.146323
2186		0.138318
2187		0.131848
2188		0.126412
2189		0.124043
2190		0.116042
2191		0.108935
2192		0.106474
2193		0.0937963
2194		0.0920911
2195		0.0877662
2196		0.0827778
2197		0.0804012
2198		0.0740664
2199		0.0681752
2200		0.0652276
2201		0.062037
2202		0.0545062
2203		0.0493827
2204		0.0504784
2205		0.0475579
2206		0.0387886
2207		0.0433488
2208		0.0384799
2209		0.0371721
2210		0.0355324
2211		0.0358256
2212		0.0351389
2213		0.0310185
2214		0.027716
2215		0.0230478
2216		0.0255478
2217		0.0222531
2218		0.0204938
2219		0.0166358
2220		0.0148225
2221		0.0160802
2222		0.0195988
2223		0.016412
2224		0.017909
2225		0.0220833
2226		0.0220833
2227		0.0209568
2228		0.0225926
2229		0.0199344
2230		0.0201775
2231		0.0215123
2232		0.0194676
2233		0.02174
2234		0.0222299
2235		0.019375
2236		0.0202469
2237		0.0208333
2238		0.0201543
2239		0.0237577
2240		0.0251389
2241		0.0250772
2242		0.020841
2243		0.0207176
2244		0.0246258
2245		0.0257485
2246		0.0256636
2247		0.0267901
2248		0.0245062
2249		0.0199228
2250		0.0246219
2251		0.0271103
2252		0.0248418
2253		0.0219136
2254		0.0216975
2255		0.0264429
2256		0.0287423
2257		0.0246643
2258		0.0269213
2259		0.0258102
2260		0.0226003
2261		0.0272531
2262		0.0301852
2263		0.0289892
2264		0.0306597
2265		0.0335918
2266		0.0398766
2267		0.0447878
2268		0.0470293
2269		0.066794
2270		0.0700926
2271		0.0762886
2272		0.0816705
2273		0.0850424
2274		0.087365
2275		0.0848765
2276		0.0929784
2277		0.0896373
2278		0.0917554
2279		0.09326
2280		0.0911188
2281		0.0936034
2282		0.0952469
2283		0.0982948
2284		0.101748
2285		0.101941
2286		0.102423
2287		0.103727
2288		0.106362
2289		0.107184
2290		0.1075
2291		0.11233
2292		0.111906
2293		0.110467
2294		0.110251
2295		0.107755
2296		0.106107
2297		0.107894
2298		0.109672
2299		0.113183
2300		0.11934
2301		0.124402
2302		0.122323
2303		0.123148
2304		0.119637
2305		0.117377
2306		0.124101
2307		0.12147
2308		0.123017
2309		0.121269
2310		0.130193
2311		0.118407
2312		0.122886
2313		0.127427
2314		0.126763
2315		0.126725
2316		0.11787
2317		0.111103
2318		0.110286
2319		0.106258
2320		0.105872
2321		0.107855
2322		0.101617
2323		0.105278
2324		0.103399
2325		0.0976466
2326		0.095571
2327		0.0937269
2328		0.0898071
2329		0.0905941
2330		0.086196
2331		0.0852585
2332		0.0783179
2333		0.0784722
2334		0.0753974
2335		0.0707947
2336		0.0736535
2337		0.0703125
2338		0.0641049
2339		0.0625617
2340		0.056061
2341		0.0581597
2342		0.0592593
2343		0.0557292
2344		0.0522955
2345		0.0517091
2346		0.0529861
2347		0.0503009
2348		0.0517284
2349		0.0490432
2350		0.0458873
2351		0.0489352
2352		0.0450964
2353		0.0424151
2354		0.0398573
2355		0.0373765
2356		0.0407832
2357		0.0370949
2358		0.0326157
2359		0.0267631
2360		0.0280864
2361		0.025162
2362		0.0264969
2363		0.0255093
2364		0.0240818
2365		0.0246914
2366		0.0258719
2367		0.0215972
2368		0.0200849
2369		0.0215278
2370		0.0209645
2371		0.0171914
2372		0.0230401
2373		0.0204012
2374		0.0179321
2375		0.0181636
2376		0.0199151
2377		0.0184722
2378		0.0212037
2379		0.021466
2380		0.0247454
2381		0.023831
2382		0.0252315
2383		0.0339738
2384		0.0366435
2385		0.0405093
2386		0.0521489
2387		0.0564506
2388		0.065108
2389		0.0651389
2390		0.0632176
2391		0.0612076
2392		0.0582099
2393		0.0536227
2394		0.0546566
2395		0.0559992
2396		0.0532215
2397		0.0496142
2398		0.0443673
2399		0.0431944
2400		0.0370602
2401		0.0326042
2402		0.0379552
2403		0.0366821
2404		0.0453858
2405		0.0477006
2406		0.0439776
2407		0.0561806
2408		0.0586497
2409		0.056902
2410		0.0555208
2411		0.0479167
2412		0.050625
2413		0.0514583
2414		0.0477315
2415		0.0524691
2416		0.0487268
2417		0.0486535
2418		0.0461883
2419		0.0422145
2420		0.043206
2421		0.040108
2422		0.0386188
2423		0.0371065
2424		0.027662
2425		0.0236034
2426		0.0233102
2427		0.0190664
2428		0.0203935
2429		0.0214815
2430		0.0187191
2431		0.0201543
2432		0.0202623
2433		0.0272647
2434		0.0395602
2435		0.0397492
2436		0.0496836
2437		0.0515394
2438		0.0530864
2439		0.0533835
2440		0.0566705
2441		0.0577546
2442		0.0598457
2443		0.0613117
2444		0.062743
2445		0.065162
2446		0.0635648
2447		0.0645756
2448		0.0633719
2449		0.0660725
2450		0.0637693
2451		0.0678588
2452		0.0692052
2453		0.0706096
2454		0.0677932
2455		0.0723032
2456		0.0728395
2457		0.0777392
2458		0.0785995
2459		0.0742708
2460		0.0770525
2461		0.0840586
2462		0.0845023
2463		0.0857292
2464		0.0869213
2465		0.0877353
2466		0.0821952
2467		0.0808295
2468		0.0733758
2469		0.0717361
2470		0.0683063
2471		0.0652701
2472		0.0608758
2473		0.0591551
2474		0.052392
2475		0.0457677
2476		0.0488773
2477		0.051794
2478		0.0484221
2479		0.0450154
2480		0.0455015
2481		0.0411265
2482		0.0375154
2483		0.0374151
2484		0.0315664
2485		0.0340201
2486		0.0340316
2487		0.0340818
2488		0.0350077
2489		0.0343403
2490		0.0359298
2491		0.035706
2492		0.0366088
2493		0.0368248
2494		0.0325617
2495		0.0372454
2496		0.0400656
2497		0.0410339
2498		0.0426235
2499		0.0435648
2500		0.0442747
2501		0.0423225
2502		0.0428511
2503		0.0438503
2504		0.0454475
2505		0.0483256
2506		0.0446528
2507		0.0469251
2508		0.052473
2509		0.05875
2510		0.0621759
2511		0.0698997
2512		0.0796026
2513		0.0813426
2514		0.087527
2515		0.0861767
2516		0.0854321
2517		0.0789197
2518		0.0803279
2519		0.0813619
2520		0.0788194
2521		0.0750579
2522		0.0801196
2523		0.0780633
2524		0.0824267
2525		0.0821566
2526		0.0814815
2527		0.0745795
2528		0.0794136
2529		0.0790895
2530		0.0786342
2531		0.080571
2532		0.0852778
2533		0.0791551
2534		0.0781366
2535		0.0838426
2536		0.0880247
2537		0.0850849
2538		0.0837462
2539		0.0860031
2540		0.086875
2541		0.0926119
2542		0.0888928
2543		0.0888928
2544		0.0922801
2545		0.0969059
2546		0.0918364
2547		0.0872184
2548		0.0874614
2549		0.0867361
2550		0.082091
2551		0.0824267
2552		0.0797261
2553		0.085216
2554		0.0821528
2555		0.0802006
2556		0.0806597
2557		0.0765085
2558		0.074784
2559		0.0766358
2560		0.0765818
2561		0.0650038
2562		0.0555324
2563		0.0470062
2564		0.0483951
2565		0.0450463
2566		0.0409452
2567		0.0396605
2568		0.0375154
2569		0.0365046
2570		0.0329938
2571		0.0304977
2572		0.028642
2573		0.0235764
2574		0.0232485
2575		0.0234799
2576		0.0211883
2577		0.0212693
2578		0.0185494
2579		0.0186111
2580		0.0183642
2581		0.0185031
2582		0.0208449
2583		0.017284
2584		0.0195679
2585		0.0208025
2586		0.0221759
2587		0.020679
2588		0.0231327
2589		0.0232716
2590		0.0201698
2591		0.0192593
2592		0.0227006
2593		0.0207099
2594		0.0175617
2595		0.0193827
2596		0.0213773
2597		0.0201427
2598		0.0191512
2599		0.0162963
2600		0.0186921
2601		0.02
2602		0.0192438
2603		0.0225772
2604		0.0202006
2605		0.0238889
2606		0.0230556
2607		0.0203935
2608		0.0207022
2609		0.0222068
2610		0.0210494
2611		0.0238966
2612		0.0227045
2613		0.0248804
2614		0.0219483
2615		0.0205864
2616		0.0220216
2617		0.0212037
2618		0.0202546
2619		0.0221644
2620		0.0225
2621		0.0210957
2622		0.019348
2623		0.0209877
2624		0.0235802
2625		0.0290895
2626		0.038642
2627		0.0426775
2628		0.0508025
2629		0.0546142
2630		0.0566242
2631		0.0570062
2632		0.0582639
2633		0.0559992
2634		0.0588349
2635		0.062091
2636		0.061767
2637		0.0666281
2638		0.0727006
2639		0.0785879
2640		0.0846991
2641		0.0924113
2642		0.0928356
2643		0.100926
2644		0.102758
2645		0.105432
2646		0.1114
2647		0.118017
2648		0.126983
2649		0.130934
2650		0.136948
2651		0.136069
2652		0.140397
2653		0.137002
2654		0.140633
2655		0.143129
2656		0.147909
2657		0.149807
2658		0.150868
2659		0.156262
2660		0.163183
2661		0.150895
2662		0.158063
2663		0.161427
2664		0.160073
2665		0.166844
2666		0.158376
2667		0.159645
2668		0.16162
2669		0.161991
2670		0.166493
2671		0.168291
2672		0.163403
2673		0.169001
2674		0.165795
2675		0.17216
2676		0.169823
2677		0.172955
2678		0.168576
2679		0.165509
2680		0.16951
2681		0.166728
2682		0.151759
2683		0.14853
2684		0.146836
2685		0.146335
2686		0.111748
2687		0.107778
2688		0.109225
2689		0.115448
2690		0.114969
2691		0.117909
2692		0.112975
2693		0.11316
2694		0.112612
2695		0.101655
2696		0.0993441
2697		0.0879437
2698		0.0828742
2699		0.0760725
2700		0.0720139
2701		0.0709877
2702		0.0708642
2703		0.0688542
2704		0.0670602
2705		0.069564
2706		0.0721721
2707		0.0731867
2708		0.0723071
2709		0.0679668
2710		0.0626813
2711		0.0630247
2712		0.0582793
2713		0.0558333
2714		0.0599267
2715		0.0583256
2716		0.0581366
2717		0.0600926
2718		0.0584259
2719		0.0609414
2720		0.0612809
2721		0.060027
2722		0.0590046
2723		0.0590972
2724		0.0621489
2725		0.0645833
2726		0.0637423
2727		0.0673804
2728		0.0744907
2729		0.0759144
2730		0.0839661
2731		0.0901582
2732		0.0907523
2733		0.0931366
2734		0.0938696
2735		0.0996181
2736		0.0984452
2737		0.101389
2738		0.103329
2739		0.104537
2740		0.106991
2741		0.108156
2742		0.107434
2743		0.108947
2744		0.108106
2745		0.109059
2746		0.108356
2747		0.110093
2748		0.112805
2749		0.114144
2750		0.116921
2751		0.113603
2752		0.114938
2753		0.114475
2754		0.11679
2755		0.115498
2756		0.120305
2757		0.124201
2758		0.125756
2759		0.122431
2760		0.126466
2761		0.129406
2762		0.126644
2763		0.130143
2764		0.125444
2765		0.126667
2766		0.131543
2767		0.133696
2768		0.133495
2769		0.135787
2770		0.138877
2771		0.136547
2772		0.137218
2773		0.13674
2774		0.137917
2775		0.145675
2776		0.147141
2777		0.146875
2778		0.14755
2779		0.145475
2780		0.148356
2781		0.147747
2782		0.149151
2783		0.149853
2784		0.147137
2785		0.146917
2786		0.143692
2787		0.142809
2788		0.144931
2789		0.145903
2790		0.143704
2791		0.142515
2792		0.143546
2793		0.142562
2794		0.140224
2795		0.137427
2796		0.140162
2797		0.144853
2798		0.140212
2799		0.14353
2800		0.144788
2801		0.144414
2802		0.145046
2803		0.146211
2804		0.145471
2805		0.147685
2806		0.14897
2807		0.147095
2808		0.146875
2809		0.149838
2810		0.149595
2811		0.146948
2812		0.146366
2813		0.147245
2814		0.150177
2815		0.1475
2816		0.150556
2817		0.149113
2818		0.151535
2819		0.152608
2820		0.153789
2821		0.152581
2822		0.151015
2823		0.154456
2824		0.149842
2825		0.150208
2826		0.151208
2827		0.152936
2828		0.152392
2829		0.151404
2830		0.151026
2831		0.150355
2832		0.151844
2833		0.153183
2834		0.153642
2835		0.153059
2836		0.152299
2837		0.1537
2838		0.150536
2839		0.148835
2840		0.151308
2841		0.152747
2842		0.152724
2843		0.154541
2844		0.154498
2845		0.155961
2846		0.157994
2847		0.157137
2848		0.156127
2849		0.160671
2850		0.165297
2851		0.166744
2852		0.165961
2853		0.168812
2854		0.168951
2855		0.169487
2856		0.170667
2857		0.167033
2858		0.168175
2859		0.164877
2860		0.164078
2861		0.157998
2862		0.153407
2863		0.154178
2864		0.154711
2865		0.157647
2866		0.156103
2867		0.157434
2868		0.156813
2869		0.156651
2870		0.155887
2871		0.156821
2872		0.157388
2873		0.156331
2874		0.155606
2875		0.156817
2876		0.154159
2877		0.154772
2878		0.154992
2879		0.155957
2880		0.15662
2881		0.159394
2882		0.161462
2883		0.162288
2884		0.165887
2885		0.167276
2886		0.175135
2887		0.180494
2888		0.180062
2889		0.179194
2890		0.182122
2891		0.180833
2892		0.18218
2893		0.182184
2894		0.184954
2895		0.182353
2896		0.180355
2897		0.179896
2898		0.180004
2899		0.182955
2900		0.186208
2901		0.181296
2902		0.184433
2903		0.18218
2904		0.182616
2905		0.181196
2906		0.181296
2907		0.182492
2908		0.183769
2909		0.183758
2910		0.185
2911		0.175008
2912		0.175328
2913		0.175201
2914		0.174452
2915		0.174421
2916		0.17762
2917		0.179803
2918		0.179336
2919		0.179819
2920		0.180042
2921		0.181319
2922		0.179622
2923		0.184965
2924		0.182542
2925		0.180093
2926		0.180035
2927		0.179684
2928		0.181111
2929		0.178538
2930		0.179884
2931		0.18115
2932		0.183461
2933		0.182087
2934		0.183086
2935		0.180957
2936		0.170448
2937		0.170637
2938		0.172079
2939		0.174823
2940		0.173229
2941		0.17588
2942		0.183025
2943		0.185455
2944		0.189136
2945		0.192863
2946		0.19809
2947		0.202878
2948		0.207944
2949		0.212427
2950		0.219579
2951		0.223646
2952		0.224394
2953		0.2249
2954		0.231748
2955		0.236177
2956		0.240455
2957		0.244934
2958		0.247982
2959		0.250262
2960		0.258711
2961		0.271968
2962		0.2749
2963		0.281516
2964		0.284591
2965		0.290818
2966		0.293013
2967		0.297087
2968		0.302037
2969		0.305876
2970		0.310714
2971		0.313437
2972		0.317523
2973		0.321867
2974		0.326586
2975		0.329197
2976		0.333086
2977		0.338897
2978		0.340293
2979		0.342095
2980		0.345417
2981		0.346424
2982		0.348252
2983		0.35081
2984		0.350637
2985		0.355567
2986		0.351312
2987		0.351875
2988		0.357323
2989		0.362222
2990		0.362276
2991		0.366833
2992		0.372647
2993		0.377187
2994		0.377805
2995		0.381948
2996		0.387801
2997		0.392616
2998		0.396038
2999		0.397215
3000		0.403858
3001		0.403059
3002		0.40586
3003		0.405216
3004		0.412774
3005		0.416335
3006		0.419668
3007		0.425347
3008		0.427828
3009		0.435289
3010		0.438839
3011		0.444892
3012		0.449734
3013		0.45706
3014		0.455965
3015		0.464741
3016		0.471451
3017		0.477072
3018		0.485887
3019		0.48309
3020		0.485293
3021		0.489097
3022		0.498438
3023		0.509132
3024		0.505895
3025		0.510687
3026		0.513468
3027		0.512905
3028		0.514911
3029		0.520633
3030		0.519367
3031		0.518121
3032		0.519572
3033		0.51468
3034		0.518735
3035		0.521177
3036		0.511802
3037		0.503819
3038		0.503098
3039		0.508098
3040		0.517295
3041		0.513742
3042		0.519089
3043		0.512346
3044		0.517782
3045		0.516597
3046		0.518966
3047		0.516192
3048		0.517056
3049		0.518538
3050		0.515745
3051		0.521987
3052		0.517805
3053		0.519711
3054		0.51863
3055		0.516354
3056		0.516493
3057		0.511929
3058		0.513978
3059		0.514429
3060		0.521119
3061		0.497955
3062		0.494687
3063		0.493129
3064		0.493947
3065		0.506011
3066		0.512411
3067		0.519051
3068		0.524201
3069		0.526123
3070		0.526458
3071		0.528449
3072		0.525428
3073		0.521377
3074		0.523565
3075		0.527265
3076		0.531894
3077		0.529217
3078		0.523731
3079		0.528156
3080		0.532654
3081		0.540613
3082		0.552573
3083		0.554657
3084		0.553816
3085		0.561181
3086		0.556045
3087		0.559113
3088		0.556856
3089		0.561169
3090		0.562508
3091		0.559286
3092		0.561397
3093		0.56162
3094		0.559734
3095		0.561134
3096		0.567535
3097		0.566632
3098		0.568553
3099		0.563866
3100		0.563881
3101		0.565139
3102		0.575023
3103		0.571478
3104		0.572708
3105		0.570872
3106		0.570494
3107		0.57206
3108		0.572423
3109		0.57218
3110		0.57385
3111		0.541003
3112		0.539429
3113		0.542809
3114		0.544425
3115		0.545486
3116		0.545787
3117		0.542388
3118		0.548843
3119		0.551721
3120		0.554514
3121		0.552014
3122		0.554082
3123		0.555741
3124		0.560297
3125		0.563183
3126		0.561447
3127		0.569036
3128		0.569255
3129		0.569097
3130		0.569448
3131		0.573526
3132		0.567488
3133		0.568846
3134		0.568422
3135		0.572539
3136		0.571015
3137		0.573924
3138		0.57365
3139		0.573507
3140		0.576524
3141		0.577438
3142		0.581034
3143		0.580378
3144		0.582033
3145		0.583233
3146		0.585405
3147		0.590992
3148		0.590012
3149		0.589576
3150		0.593634
3151		0.592037
3152		0.592037
3153		0.590613
3154		0.595694
3155		0.594526
3156		0.595594
3157		0.598029
3158		0.596015
3159		0.600154
3160		0.601798
3161		0.564201
3162		0.566744
3163		0.562539
3164		0.558981
3165		0.564761
3166		0.560154
3167		0.560231
3168		0.564201
3169		0.567149
3170		0.56934
3171		0.567604
3172		0.567365
3173		0.567322
3174		0.56909
3175		0.570197
3176		0.569471
3177		0.573688
3178		0.576022
3179		0.582477
3180		0.582176
3181		0.588449
3182		0.594267
3183		0.595289
3184		0.59816
3185		0.598873
3186		0.60017
3187		0.604934
3188		0.608295
3189		0.609124
3190		0.617037
3191		0.612257
3192		0.617168
3193		0.619178
3194		0.620243
3195		0.624626
3196		0.628013
3197		0.627982
3198		0.625239
3199		0.625112
3200		0.623904
3201		0.627427
3202		0.628889
3203		0.629873
3204		0.632311
3205		0.629275
3206		0.630872
3207		0.632523
3208		0.629688
3209		0.629587
3210		0.627766
3211		0.573418
3212		0.576609
3213		0.576875
3214		0.585143
3215		0.583144
3216		0.584379
3217		0.586713
3218		0.582523
3219		0.587998
3220		0.587531
3221		0.590235
3222		0.587994
3223		0.590436
3224		0.59554
3225		0.593384
3226		0.598191
3227		0.596462
3228		0.598191
3229		0.603171
3230		0.604255
3231		0.605922
3232		0.607261
3233		0.608777
3234		0.611559
3235		0.613441
3236		0.597681
3237		0.599128
3238		0.598765
3239		0.596783
3240		0.600494
3241		0.600702
3242		0.60299
3243		0.603761
3244		0.6037
3245		0.604367
3246		0.601254
3247		0.604325
3248		0.600066
3249		0.600293
3250		0.604568
3251		0.579429
3252		0.57941
3253		0.580216
3254		0.582627
3255		0.581663
3256		0.583291
3257		0.58652
3258		0.58544
3259		0.585204
3260		0.588071
3261		0.586894
3262		0.585486
3263		0.587855
3264		0.594136
3265		0.593904
3266		0.598603
3267		0.597674
3268		0.594622
3269		0.597454
3270		0.598673
3271		0.599236
3272		0.597438
3273		0.596709
3274		0.602315
3275		0.603268
3276		0.606022
3277		0.60201
3278		0.604209
3279		0.610513
3280		0.607797
3281		0.608954
3282		0.60963
3283		0.610089
3284		0.609954
3285		0.610841
3286		0.615301
3287		0.614236
3288		0.618295
3289		0.619012
3290		0.618318
3291		0.617801
3292		0.619819
3293		0.618904
3294		0.620463
3295		0.619738
3296		0.619506
3297		0.618549
3298		0.618661
3299		0.618561
3300		0.621863
3301		0.620154
3302		0.62152
3303		0.620733
3304		0.620922
3305		0.62093
3306		0.619086
3307		0.61777
3308		0.62137
3309		0.620486
3310		0.621725
3311		0.571262
3312		0.568711
3313		0.577458
3314		0.577554
3315		0.579105
3316		0.579047
3317		0.580772
3318		0.584005
3319		0.582735
3320		0.583133
3321		0.58152
3322		0.585992
3323		0.58635
3324		0.58539
3325		0.587677
3326		0.593476
3327		0.590428
3328		0.587681
3329		0.588067
3330		0.588329
3331		0.588997
3332		0.591921
3333		0.593754
3334		0.595872
3335		0.597261
3336		0.597593
3337		0.600293
3338		0.598106
3339		0.598974
3340		0.599047
3341		0.59728
3342		0.597701
3343		0.603947
3344		0.601462
3345		0.603831
3346		0.607033
3347		0.605922
3348		0.606902
3349		0.606196
3350		0.611921
3351		0.613121
3352		0.613804
3353		0.611262
3354		0.614136
3355		0.613897
3356		0.613322
3357		0.612492
3358		0.61336
3359		0.614198
3360		0.614688
3361		0.622272
3362		0.62071
3363		0.618492
3364		0.621694
3365		0.620768
3366		0.622519
3367		0.623194
3368		0.619587
3369		0.618495
3370		0.621701
3371		0.625644
3372		0.625729
3373		0.62973
3374		0.627577
3375		0.628326
3376		0.628569
3377		0.627839
3378		0.62615
3379		0.623472
3380		0.625382
3381		0.626721
3382		0.625698
3383		0.628623
3384		0.628002
3385		0.625656
3386		0.583063
3387		0.582828
3388		0.585841
3389		0.588376
3390		0.590035
3391		0.590937
3392		0.593835
3393		0.595598
3394		0.595251
3395		0.592824
3396		0.59517
3397		0.596852
3398		0.597851
3399		0.601393
3400		0.598955
3401		0.602083
3402		0.600579
3403		0.602469
3404		0.604267
3405		0.607461
3406		0.608059
3407		0.609545
3408		0.608677
3409		0.606269
3410		0.606809
3411		0.596782
3412		0.594691
3413		0.594464
3414		0.60113
3415		0.596987
3416		0.597654
3417		0.597975
3418		0.600799
3419		0.597882
3420		0.598241
3421		0.593603
3422		0.600617
3423		0.596968
3424		0.599182
3425		0.601065
3426		0.601404
3427		0.600255
3428		0.604769
3429		0.604201
3430		0.603816
3431		0.605212
3432		0.605737
3433		0.607095
3434		0.607581
3435		0.607994
3436		0.605251
3437		0.607897
3438		0.607986
3439		0.608241
3440		0.607188
3441		0.608326
3442		0.608029
3443		0.610799
3444		0.609317
3445		0.60887
3446		0.611181
3447		0.610309
3448		0.612697
3449		0.611833
3450		0.610679
3451		0.615413
3452		0.614097
3453		0.615953
3454		0.618522
3455		0.615127
3456		0.618846
3457		0.619444
3458		0.620459
3459		0.623079
3460		0.618557
3461		0.589456
3462		0.590448
3463		0.593985
3464		0.597732
3465		0.597951
3466		0.597149
3467		0.598978
3468		0.599471
3469		0.596192
3470		0.602056
3471		0.600667
3472		0.601439
3473		0.60478
3474		0.603453
3475		0.605914
3476		0.602191
3477		0.603499
3478		0.604645
3479		0.607307
3480		0.608989
3481		0.614788
3482		0.613792
3483		0.612689
3484		0.612022
3485		0.614228
3486		0.609217
3487		0.608503
3488		0.608627
3489		0.611238
3490		0.61157
3491		0.619892
3492		0.619927
3493		0.624313
3494		0.625235
3495		0.626775
3496		0.626674
3497		0.629985
3498		0.630216
3499		0.632894
3500		0.630162
3501		0.614938
3502		0.615204
3503		0.618171
3504		0.617847
3505		0.617774
3506		0.619946
3507		0.620305
3508		0.620069
3509		0.6201
3510		0.620868
3511		0.562882
3512		0.563792
3513		0.565586
3514		0.562824
3515		0.566238
3516		0.5686
3517		0.570008
3518		0.572423
3519		0.573642
3520		0.57485
3521		0.576601
3522		0.577392
3523		0.580154
3524		0.584039
3525		0.585193
3526		0.584255
3527		0.588287
3528		0.594641
3529		0.595382
3530		0.597539
3531		0.597894
3532		0.600822
3533		0.600629
3534		0.602731
3535		0.602087
3536		0.611377
3537		0.611192
3538		0.610286
3539		0.608032
3540		0.611412
3541		0.610814
3542		0.611042
3543		0.618654
3544		0.617847
3545		0.617562
3546		0.617697
3547		0.619568
3548		0.619171
3549		0.621929
3550		0.623546
3551		0.624232
3552		0.62532
3553		0.62434
3554		0.626644
3555		0.624672
3556		0.625988
3557		0.6251
3558		0.625814
3559		0.626312
3560		0.627488
3561		0.615938
3562		0.617172
3563		0.622342
3564		0.618935
3565		0.622647
3566		0.623075
3567		0.622292
3568		0.621119
3569		0.624711
3570		0.634005
3571		0.633719
3572		0.638032
3573		0.635494
3574		0.640193
3575		0.643507
3576		0.642323
3577		0.646848
3578		0.645791
3579		0.650108
3580		0.647365
3581		0.648202
3582		0.651061
3583		0.652944
3584		0.650529
3585		0.650502
3586		0.649487
3587		0.647608
3588		0.644996
3589		0.646343
3590		0.650124
3591		0.649379
3592		0.648951
3593		0.651034
3594		0.649448
3595		0.620039
3596		0.617743
3597		0.62257
3598		0.625583
3599		0.626698
3600		0.626887
3601		0.626941
3602		0.628565
3603		0.625162
3604		0.627392
3605		0.62909
3606		0.629803
3607		0.6311
3608		0.632519
3609		0.632573
3610		0.632118
3611		0.633557
3612		0.633218
3613		0.632928
3614		0.635135
3615		0.633194
3616		0.629923
3617		0.632072
3618		0.63289
3619		0.635513
3620		0.588542
3621		0.591593
3622		0.597238
3623		0.593036
3624		0.596975
3625		0.600598
3626		0.603403
3627		0.603866
3628		0.60311
3629		0.60532
3630		0.608032
3631		0.611007
3632		0.612573
3633		0.61642
3634		0.616659
3635		0.619757
3636		0.621111
3637		0.625652
3638		0.63015
3639		0.630795
3640		0.631103
3641		0.630683
3642		0.630803
3643		0.634425
3644		0.633966
3645		0.64015
3646		0.638137
3647		0.639425
3648		0.63941
3649		0.6375
3650		0.639352
3651		0.63858
3652		0.645301
3653		0.642099
3654		0.641636
3655		0.644171
3656		0.643503
3657		0.643229
3658		0.644201
3659		0.641555
3660		0.640201
3661		0.641836
3662		0.641061
3663		0.642677
3664		0.643777
3665		0.639514
3666		0.642477
3667		0.641416
3668		0.641493
3669		0.643542
3670		0.612689
3671		0.611555
3672		0.618866
3673		0.617724
3674		0.620124
3675		0.617554
3676		0.618742
3677		0.618376
3678		0.616107
3679		0.62037
3680		0.617045
3681		0.618935
3682		0.625131
3683		0.628218
3684		0.626022
3685		0.629904
3686		0.630594
3687		0.629984
3688		0.627747
3689		0.632122
3690		0.631258
3691		0.633928
3692		0.626998
3693		0.632917
3694		0.632261
3695		0.625108
3696		0.627137
3697		0.628646
3698		0.627531
3699		0.624225
3700		0.620205
3701		0.621701
3702		0.62311
3703		0.624626
3704		0.624309
3705		0.626038
3706		0.626401
3707		0.626061
3708		0.630536
3709		0.631262
3710		0.636154
3711		0.633619
3712		0.635289
3713		0.63907
3714		0.640467
3715		0.639981
3716		0.639171
3717		0.639873
3718		0.641532
3719		0.640698
3720		0.611474
3721		0.613661
3722		0.61436
3723		0.617018
3724		0.619379
3725		0.618615
3726		0.618314
3727		0.615914
3728		0.617492
3729		0.615803
3730		0.616111
3731		0.614823
3732		0.617288
3733		0.618634
3734		0.616011
3735		0.616543
3736		0.616315
3737		0.615197
3738		0.619583
3739		0.621879
3740		0.617164
3741		0.621682
3742		0.618904
3743		0.620475
3744		0.619201
3745		0.609387
3746		0.607488
3747		0.609796
3748		0.612187
3749		0.610058
3750		0.611211
3751		0.597851
3752		0.602172
3753		0.598897
3754		0.599977
3755		0.602222
3756		0.602867
3757		0.606404
3758		0.609661
3759		0.609039
3760		0.61213
3761		0.610795
3762		0.61265
3763		0.609796
3764		0.615077
3765		0.61037
3766		0.615124
3767		0.608708
3768		0.611605
3769		0.609479
3770		0.559865
3771		0.562195
3772		0.566427
3773		0.567346
3774		0.569877
3775		0.570613
3776		0.57135
3777		0.572724
3778		0.570965
3779		0.573426
3780		0.570617
3781		0.573488
3782		0.574371
3783		0.575401
3784		0.576894
3785		0.578306
3786		0.580131
3787		0.581744
3788		0.583731
3789		0.584464
3790		0.585305
3791		0.583464
3792		0.586887
3793		0.587797
3794		0.591335
3795		0.57973
3796		0.58113
3797		0.586829
3798		0.587971
3799		0.585255
3800		0.58772
3801		0.58995
3802		0.590494
3803		0.596729
3804		0.598276
3805		0.596809
3806		0.595891
3807		0.594919
3808		0.598187
3809		0.600193
3810		0.601046
3811		0.602338
3812		0.598727
3813		0.601802
3814		0.60392
3815		0.604977
3816		0.607724
3817		0.610069
3818		0.61157
3819		0.614657
3820		0.622126
3821		0.622905
3822		0.623511
3823		0.622967
3824		0.627423
3825		0.624109
3826		0.629649
3827		0.62549
3828		0.629576
3829		0.63289
3830		0.631686
3831		0.634765
3832		0.639595
3833		0.639205
3834		0.637577
3835		0.641705
3836		0.644124
3837		0.649309
3838		0.647928
3839		0.648611
3840		0.650012
3841		0.650868
3842		0.650509
3843		0.653437
3844		0.654144
3845		0.651335
3846		0.64887
3847		0.651053
3848		0.65392
3849		0.653789
3850		0.655675
3851		0.657423
3852		0.658657
3853		0.659244
3854		0.664796
3855		0.664958
3856		0.668592
3857		0.672415
3858		0.674981
3859		0.673048
3860		0.675274
3861		0.682793
3862		0.686358
3863		0.680367
3864		0.686119
3865		0.685799
3866		0.681397
3867		0.681381
3868		0.678634
3869		0.678897
3870		0.625232
3871		0.623519
3872		0.625579
3873		0.623298
3874		0.623785
3875		0.628302
3876		0.628854
3877		0.626439
3878		0.630104
3879		0.632373
3880		0.632951
3881		0.63929
3882		0.641983
3883		0.637288
3884		0.63564
3885		0.638561
3886		0.638329
3887		0.639252
3888		0.636906
3889		0.639325
3890		0.641431
3891		0.640791
3892		0.643819
3893		0.646042
3894		0.646173
3895		0.654163
3896		0.648669
3897		0.655552
3898		0.656277
3899		0.660494
3900		0.657052
3901		0.659896
3902		0.657944
3903		0.66456
3904		0.664367
3905		0.666721
3906		0.674101
3907		0.67162
3908		0.669306
3909		0.668534
3910		0.667133
3911		0.673661
3912		0.674896
3913		0.674502
3914		0.676512
3915		0.67713
3916		0.676562
3917		0.676859
3918		0.674456
3919		0.675444
3920		0.647257
3921		0.648029
3922		0.647087
3923		0.652504
3924		0.654279
3925		0.652245
3926		0.653086
3927		0.655421
3928		0.656227
3929		0.650652
3930		0.654302
3931		0.655421
3932		0.655934
3933		0.657785
3934		0.658156
3935		0.657913
3936		0.657249
3937		0.656346
3938		0.658819
3939		0.65973
3940		0.662249
3941		0.657253
3942		0.662847
3943		0.662265
3944		0.665397
3945		0.638735
3946		0.639518
3947		0.642577
3948		0.644282
3949		0.645991
3950		0.643144
3951		0.64478
3952		0.641134
3953		0.646933
3954		0.644363
3955		0.648426
3956		0.65054
3957		0.656505
3958		0.653943
3959		0.650112
3960		0.651103
3961		0.649734
3962		0.648129
3963		0.653314
3964		0.655309
3965		0.652651
3966		0.652411
3967		0.658495
3968		0.661813
3969		0.65968
3970		0.665135
3971		0.667855
3972		0.666613
3973		0.666817
3974		0.669174
3975		0.669826
3976		0.669923
3977		0.672114
3978		0.670829
3979		0.670089
3980		0.676512
3981		0.678873
3982		0.680054
3983		0.679699
3984		0.679039
3985		0.680359
3986		0.673738
3987		0.674826
3988		0.67098
3989		0.675752
3990		0.677296
3991		0.684811
3992		0.684745
3993		0.683588
3994		0.683434
3995		0.661856
3996		0.661242
3997		0.660494
3998		0.656937
3999		0.656289
4000		0.655235
4001		0.632589
4002		0.636373
4003		0.637164
4004		0.63789
4005		0.639799
4006		0.65235
4007		0.651597
4008		0.652739
4009		0.655729
4010		0.659429
4011		0.660382
4012		0.658792
4013		0.657241
4014		0.657812
4015		0.658943
4016		0.660525
4017		0.662608
4018		0.65934
4019		0.660305
4020		0.628206
4021		0.626941
4022		0.626103
4023		0.625687
4024		0.632037
4025		0.632782
4026		0.627639
4027		0.632928
4028		0.635339
4029		0.643665
4030		0.641647
4031		0.646312
4032		0.643221
4033		0.642446
4034		0.652164
4035		0.647654
4036		0.644657
4037		0.646192
4038		0.652546
4039		0.661863
4040		0.664321
4041		0.664433
4042		0.660475
4043		0.656196
4044		0.652955
4045		0.606327
4046		0.604807
4047		0.604005
4048		0.608121
4049		0.614001
4050		0.609657
4051		0.612172
4052		0.619105
4053		0.615309
4054		0.614672
4055		0.621512
4056		0.630467
4057		0.631428
4058		0.622481
4059		0.61544
4060		0.624576
4061		0.621559
4062		0.628056
4063		0.62978
4064		0.636362
4065		0.634109
4066		0.639001
4067		0.630286
4068		0.632909
4069		0.628345
4070		0.65059
4071		0.651335
4072		0.653719
4073		0.662361
4074		0.660093
4075		0.656358
4076		0.663148
4077		0.660625
4078		0.659356
4079		0.651794
4080		0.65826
4081		0.656667
4082		0.658248
4083		0.661331
4084		0.663029
4085		0.663322
4086		0.663966
4087		0.665968
4088		0.670135
4089		0.670332
4090		0.66836
4091		0.667427
4092		0.670467
4093		0.668785
4094		0.668719
4095		0.647319
4096		0.648634
4097		0.646304
4098		0.647971
4099		0.651003
4100		0.655444
4101		0.660934
4102		0.655046
4103		0.65794
4104		0.660517
4105		0.655876
4106		0.664414
4107		0.662056
4108		0.661435
4109		0.653337
4110		0.653252
4111		0.657434
4112		0.658017
4113		0.661235
4114		0.665116
4115		0.660216
4116		0.662685
4117		0.664718
4118		0.66358
4119		0.66755
4120		0.674996
4121		0.67642
4122		0.676632
4123		0.675891
4124		0.680907
4125		0.678704
4126		0.678762
4127		0.6776
4128		0.678445
4129		0.677045
4130		0.674869
4131		0.673827
4132		0.677469
4133		0.676698
4134		0.682569
4135		0.682573
4136		0.683391
4137		0.68213
4138		0.675351
4139		0.676859
4140		0.673981
4141		0.675818
4142		0.675498
4143		0.678071
4144		0.675374
4145		0.611497
4146		0.615324
4147		0.613411
4148		0.613187
4149		0.617211
4150		0.620255
4151		0.62022
4152		0.621227
4153		0.630108
4154		0.627496
4155		0.625536
4156		0.631566
4157		0.633345
4158		0.637438
4159		0.645162
4160		0.649911
4161		0.648939
4162		0.655328
4163		0.657357
4164		0.659136
4165		0.656987
4166		0.661636
4167		0.658545
4168		0.662211
4169		0.664448
4170		0.652951
4171		0.65485
4172		0.658364
4173		0.651227
4174		0.654483
4175		0.668812
4176		0.669182
4177		0.664518
4178		0.670378
4179		0.670556
4180		0.673808
4181		0.685351
4182		0.683985
4183		0.689981
4184		0.690602
4185		0.686759
4186		0.684541
4187		0.687253
4188		0.686462
4189		0.689761
4190		0.693329
4191		0.696921
4192		0.701898
4193		0.695552
4194		0.699965
4195		0.691651
4196		0.689317
4197		0.692894
4198		0.692905
4199		0.695648
4200		0.693441
4201		0.704221
4202		0.701161
4203		0.700725
4204		0.698723
4205		0.696748
4206		0.702697
4207		0.705583
4208		0.712716
4209		0.711705
4210		0.714942
4211		0.718102
4212		0.710008
4213		0.711806
4214		0.714622
4215		0.715984
4216		0.715305
4217		0.719684
4218		0.71625
4219		0.716902
4220		0.678599
4221		0.680181
4222		0.675965
4223		0.682535
4224		0.683167
4225		0.672928
4226		0.674174
4227		0.669587
4228		0.674414
4229		0.677052
4230		0.674171
4231		0.677581
4232		0.670444
4233		0.672338
4234		0.681138
4235		0.688596
4236		0.689788
4237		0.692245
4238		0.686103
4239		0.685957
4240		0.648472
4241		0.640806
4242		0.650077
4243		0.635648
4244		0.617377
4245		0.613287
4246		0.61706
4247		0.613943
4248		0.605899
4249		0.599749
4250		0.604008
4251		0.566107
4252		0.570791
4253		0.569726
4254		0.571011
4255		0.547839
4256		0.547357
4257		0.547627
4258		0.545733
4259		0.542793
4260		0.548179
4261		0.545401
4262		0.542959
4263		0.53598
4264		0.541084
4265		0.542778
4266		0.543908
4267		0.552384
4268		0.553654
4269		0.556512
4270		0.549132
4271		0.564981
4272		0.570251
4273		0.575583
4274		0.58483
4275		0.585401
4276		0.590529
4277		0.586555
4278		0.59135
4279		0.589676
4280		0.592137
4281		0.597427
4282		0.600436
4283		0.605702
4284		0.603349
4285		0.605872
4286		0.613314
4287		0.619448
4288		0.62637
4289		0.633912
4290		0.631065
4291		0.637137
4292		0.650494
4293		0.640139
4294		0.639317
4295		0.644267
4296		0.645166
4297		0.648642
4298		0.660359
4299		0.662863
4300		0.6724
4301		0.661381
4302		0.657515
4303		0.649911
4304		0.652824
4305		0.649286
4306		0.653696
4307		0.648353
4308		0.651069
4309		0.655316
4310		0.659873
4311		0.656983
4312		0.662434
4313		0.664579
4314		0.666597
4315		0.663333
4316		0.669803
4317		0.672006
4318		0.658113
4319		0.660386
4320		0.639001
4321		0.641574
4322		0.643989
4323		0.639344
4324		0.636458
4325		0.630444
4326		0.62424
4327		0.630231
4328		0.623179
4329		0.622758
4330		0.613943
4331		0.61091
4332		0.613627
4333		0.614008
4334		0.611443
4335		0.611265
4336		0.604333
4337		0.597091
4338		0.594433
4339		0.594209
4340		0.596613
4341		0.602581
4342		0.6039
4343		0.609811
4344		0.613329
4345		0.595509
4346		0.605833
4347		0.606408
4348		0.624398
4349		0.625401
4350		0.628098
4351		0.629765
4352		0.632928
4353		0.62963
4354		0.632623
4355		0.633468
4356		0.629313
4357		0.62784
4358		0.623021
4359		0.619155
4360		0.622948
4361		0.622118
4362		0.625509
4363		0.621605
4364		0.622982
4365		0.618893
4366		0.622319
4367		0.617994
4368		0.613376
4369		0.622535
4370		0.623395
4371		0.62157
4372		0.628962
4373		0.63473
4374		0.632643
4375		0.636153
4376		0.633835
4377		0.630367
4378		0.631875
4379		0.626794
4380		0.627323
4381		0.630556
4382		0.624522
4383		0.625405
4384		0.632936
4385		0.628727
4386		0.632311
4387		0.63343
4388		0.626678
4389		0.622365
4390		0.620131
4391		0.621447
4392		0.619171
4393		0.614564
4394		0.601821
4395		0.600077
4396		0.595883
4397		0.581705
4398		0.574209
4399		0.567311
4400		0.551771
4401		0.551026
4402		0.547944
4403		0.541042
4404		0.536755
4405		0.537504
4406		0.532836
4407		0.529151
4408		0.533198
4409		0.534985
4410		0.533225
4411		0.529734
4412		0.525131
4413		0.521242
4414		0.528812
4415		0.530563
4416		0.526574
4417		0.521609
4418		0.513557
4419		0.512589
4420		0.501844
4421		0.503484
4422		0.501578
4423		0.510004
4424		0.509321
4425		0.507639
4426		0.514275
4427		0.514556
4428		0.518438
4429		0.530386
4430		0.533437
4431		0.536813
4432		0.545471
4433		0.545949
4434		0.548947
4435		0.548183
4436		0.549433
4437		0.548322
4438		0.543264
4439		0.53988
4440		0.540961
4441		0.543202
4442		0.550787
4443		0.546215
4444		0.549722
4445		0.560197
4446		0.564456
4447		0.569988
4448		0.572303
4449		0.567577
4450		0.572793
4451		0.578526
4452		0.585328
4453		0.583908
4454		0.59218
4455		0.593434
4456		0.598951
4457		0.603102
4458		0.611779
4459		0.615158
4460		0.622797
4461		0.622018
4462		0.626794
4463		0.627751
4464		0.627137
4465		0.625301
4466		0.623908
4467		0.621111
4468		0.619298
4469		0.620829
4470		0.588889
4471		0.585204
4472		0.592315
4473		0.595768
4474		0.593271
4475		0.59816
4476		0.584097
4477		0.581389
4478		0.580528
4479		0.584047
4480		0.578657
4481		0.580135
4482		0.573426
4483		0.568067
4484		0.564965
4485		0.562238
4486		0.550274
4487		0.538025
4488		0.529109
4489		0.525428
4490		0.515803
4491		0.518465
4492		0.5086
4493		0.498225
4494		0.490702
4495		0.484336
4496		0.478129
4497		0.478056
4498		0.480058
4499		0.479904
4500		0.477666
4501		0.469749
4502		0.469772
4503		0.472465
4504		0.482866
4505		0.486254
4506		0.486987
4507		0.495471
4508		0.490837
4509		0.492662
4510		0.491728
4511		0.491867
4512		0.488503
4513		0.490255
4514		0.486956
4515		0.485648
4516		0.487396
4517		0.487712
4518		0.483075
4519		0.474938
4520		0.445247
4521		0.455316
4522		0.455154
4523		0.454448
4524		0.457878
4525		0.468897
4526		0.461277
4527		0.470039
4528		0.470957
4529		0.481551
4530		0.496566
4531		0.493642
4532		0.497496
4533		0.488569
4534		0.483515
4535		0.480991
4536		0.478573
4537		0.467168
4538		0.465123
4539		0.470941
4540		0.464607
4541		0.464472
4542		0.470467
4543		0.476096
4544		0.468218
4545		0.45706
4546		0.460228
4547		0.466524
4548		0.470197
4549		0.468765
4550		0.468484
4551		0.460567
4552		0.462488
4553		0.463904
4554		0.469961
4555		0.479934
4556		0.478117
4557		0.481968
4558		0.453561
4559		0.454248
4560		0.450652
4561		0.448326
4562		0.446551
4563		0.44255
4564		0.455883
4565		0.449286
4566		0.450035
4567		0.44718
4568		0.448943
4569		0.450567
4570		0.438422
4571		0.422508
4572		0.431651
4573		0.441508
4574		0.446354
4575		0.450818
4576		0.455768
4577		0.449564
4578		0.455513
4579		0.451377
4580		0.455235
4581		0.448503
4582		0.451501
4583		0.454383
4584		0.455729
4585		0.448685
4586		0.445475
4587		0.446644
4588		0.438816
4589		0.446289
4590		0.450455
4591		0.45603
4592		0.463507
4593		0.475949
4594		0.474363
4595		0.443214
4596		0.445378
4597		0.45267
4598		0.459911
4599		0.449603
4600		0.454537
4601		0.448943
4602		0.450231
4603		0.442967
4604		0.443113
4605		0.446312
4606		0.436184
4607		0.430077
4608		0.433245
4609		0.434969
4610		0.43833
4611		0.433958
4612		0.427832
4613		0.417477
4614		0.412704
4615		0.409182
4616		0.407685
4617		0.410463
4618		0.410436
4619		0.399742
4620		0.384826
4621		0.384715
4622		0.386759
4623		0.386146
4624		0.371497
4625		0.361647
4626		0.358322
4627		0.356871
4628		0.350891
4629		0.346277
4630		0.346107
4631		0.344487
4632		0.344958
4633		0.346524
4634		0.342975
4635		0.341065
4636		0.34015
4637		0.3388
4638		0.33728
4639		0.341049
4640		0.354194
4641		0.352203
4642		0.34586
4643		0.355914
4644		0.352346
4645		0.354008
4646		0.359371
4647		0.361628
4648		0.364587
4649		0.373792
4650		0.374988
4651		0.384568
4652		0.396073
4653		0.393723
4654		0.398206
4655		0.411316
4656		0.409074
4657		0.417203
4658		0.422207
4659		0.419275
4660		0.401717
4661		0.398383
4662		0.399001
4663		0.405548
4664		0.397562
4665		0.396169
4666		0.392261
4667		0.395316
4668		0.397353
4669		0.395394
4670		0.392762
4671		0.390424
4672		0.374691
4673		0.368503
4674		0.367971
4675		0.363171
4676		0.351026
4677		0.351516
4678		0.348465
4679		0.343283
4680		0.335822
4681		0.324749
4682		0.32157
4683		0.321617
4684		0.317724
4685		0.313191
4686		0.305791
4687		0.315066
4688		0.321624
4689		0.320502
4690		0.321555
4691		0.31684
4692		0.31858
4693		0.30723
4694		0.306528
4695		0.291262
4696		0.293098
4697		0.283395
4698		0.286956
4699		0.294387
4700		0.30157
4701		0.296848
4702		0.305494
4703		0.305482
4704		0.302998
4705		0.313426
4706		0.315324
4707		0.317928
4708		0.323958
4709		0.326678
4710		0.337519
4711		0.344144
4712		0.342411
4713		0.345822
4714		0.352785
4715		0.360764
4716		0.360498
4717		0.364954
4718		0.372145
4719		0.374132
4720		0.380552
4721		0.37466
4722		0.360413
4723		0.367832
4724		0.369167
4725		0.370162
4726		0.356725
4727		0.367068
4728		0.365903
4729		0.370606
4730		0.359938
4731		0.356551
4732		0.355475
4733		0.351177
4734		0.349796
4735		0.350347
4736		0.352014
4737		0.355166
4738		0.353677
4739		0.344811
4740		0.349549
4741		0.340093
4742		0.343137
4743		0.340748
4744		0.337434
4745		0.318916
4746		0.319525
4747		0.309383
4748		0.310787
4749		0.307546
4750		0.299282
4751		0.272319
4752		0.277242
4753		0.285467
4754		0.272222
4755		0.269772
4756		0.25689
4757		0.242284
4758		0.235305
4759		0.220687
4760		0.214718
4761		0.213048
4762		0.204668
4763		0.193773
4764		0.187373
4765		0.181373
4766		0.173468
4767		0.169267
4768		0.162662
4769		0.16392
4770		0.161196
4771		0.152519
4772		0.157018
4773		0.161917
4774		0.155093
4775		0.137828
4776		0.135143
4777		0.126019
4778		0.116863
4779		0.118102
4780		0.114664
4781		0.105039
4782		0.106767
4783		0.0957677
4784		0.0891358
4785		0.0844985
4786		0.0773418
4787		0.0751466
4788		0.0713542
4789		0.0589352
4790		0.0557562
4791		0.0525849
4792		0.0466242
4793		0.040679
4794		0.0385185
4795		0.0338657
4796		0.0286883
4797		0.0288619
4798		0.0273148
4799		0.0246643
4800		0.0224344
4801		0.017037
4802		0.0146373
4803		0.0109105
4804		0.00927469
4805		0.00865741
4806		0.0112654
4807		0.0105324
4808		0.0108642
4809		0.0101235
4810		0.0139506
4811		0.0116821
4812		0.00968364
4813		0.0112346
4814		0.00972222
4815		0.0109414
4816		0.0125617
4817		0.0131481
4818		0.0119444
4819		0.0123457
4820		0.0109105
4821		0.0122531
4822		0.0141088
4823		0.0114043
4824		0.0150463
4825		0.0129938
4826		0.0140741
4827		0.0110802
4828		0.0112809
4829		0.0157099
4830		0.0144753
4831		0.0152469
4832		0.0155247
4833		0.0121065
4834		0.0166088
4835		0.0167284
4836		0.0191165
4837		0.0197184
4838		0.019537
4839		0.0169985
4840		0.0195602
4841		0.0198688
4842		0.0211343
4843		0.0234491
4844		0.0219946
4845		0.0188117
4846		0.0181559
4847		0.019267
4848		0.0208565
4849		0.0190856
4850		0.0185185
4851		0.0199074
4852		0.0209144
4853		0.0183681
4854		0.0206404
4855		0.0215818
4856		0.021088
4857		0.021115
4858		0.0193673
4859		0.0186728
4860		0.0164005
4861		0.0177353
4862		0.0172068
4863		0.0170833
4864		0.0158873
4865		0.0177623
4866		0.0165278
4867		0.0170062
4868		0.0166898
4869		0.01625
4870		0.0149074
4871		0.015216
4872		0.0147377
4873		0.0163272
4874		0.0174537
4875		0.017608
4876		0.014591
4877		0.0154244
4878		0.0181443
4879		0.0190085
4880		0.0185031
4881		0.0172145
4882		0.0196759
4883		0.0205556
4884		0.0173534
4885		0.0214275
4886		0.022662
4887		0.0212732
4888		0.018777
4889		0.0182137
4890		0.0205556
4891		0.0210031
4892		0.0219329
4893		0.0220911
4894		0.0212384
4895		0.022662
4896		0.0214815
4897		0.021929
4898		0.0235725
4899		0.0232948
4900		0.0228395
4901		0.0232986
4902		0.0234992
4903		0.0247029
4904		0.0262693
4905		0.0265548
4906		0.0228472
4907		0.0238426
4908		0.0216898
4909		0.0207253
4910		0.0200154
4911		0.0182176
4912		0.013588
4913		0.0138657
4914		0.0132253
4915		0.0144599
4916		0.0155556
4917		0.0232407
4918		0.0272685
4919		0.0321451
4920		0.0389352
4921		0.0377662
4922		0.0399884
4923		0.0448843
4924		0.0476157
4925		0.0471528
4926		0.0565509
4927		0.0676312
4928		0.0728819
4929		0.0815201
4930		0.0924614
4931		0.0972145
4932		0.101142
4933		0.0974769
4934		0.0915586
4935		0.0942361
4936		0.0983603
4937		0.0971373
4938		0.0988195
4939		0.100077
4940		0.100478
4941		0.106813
4942		0.107523
4943		0.108133
4944		0.110166
4945		0.106879
4946		0.107728
4947		0.111092
4948		0.112056
4949		0.108812
4950		0.114931
4951		0.11419
4952		0.113279
4953		0.105158
4954		0.104946
4955		0.102539
4956		0.101887
4957		0.0968094
4958		0.0978781
4959		0.0833642
4960		0.0890818
4961		0.0893557
4962		0.0829823
4963		0.0769367
4964		0.0764082
4965		0.0734105
4966		0.0696412
4967		0.0726427
4968		0.0663503
4969		0.0729668
4970		0.0662847
4971		0.0636304
4972		0.0548804
4973		0.0641397
4974		0.0621914
4975		0.071385
4976		0.0683102
4977		0.0689815
4978		0.0660494
4979		0.0695023
4980		0.0644984
4981		0.0586497
4982		0.0620023
4983		0.0621412
4984		0.0570795
4985		0.0523573
4986		0.0549846
4987		0.0574846
4988		0.0580247
4989		0.0579861
4990		0.0634414
4991		0.0596026
4992		0.058206
4993		0.0637654
4994		0.0620833
4995		0.0591744
4996		0.0657562
4997		0.0678125
4998		0.0714275
4999		0.0735224
5000		0.0743673
5001		0.0743827
5002		0.0697762
5003		0.0688812
5004		0.0687423
5005		0.0738194
5006		0.077118
5007		0.0819715
5008		0.0883951
5009		0.0716242
5010		0.064591
5011		0.064784
5012		0.0650579
5013		0.0642052
5014		0.0576813
5015		0.0513272
5016		0.0395833
5017		0.0400694
5018		0.0414506
5019		0.0445911
5020		0.0462693
5021		0.0479167
5022		0.0464506
5023		0.0375154
5024		0.0428549
5025		0.0411883
5026		0.0406289
5027		0.0394367
5028		0.0375926
5029		0.035216
5030		0.0321836
5031		0.0256327
5032		0.0243904
5033		0.0229321
5034		0.0175926
5035		0.0172762
5036		0.0187886
5037		0.0191397
5038		0.0206597
5039		0.0180633
5040		0.0179321
5041		0.018858
5042		0.0211728
5043		0.0226698
5044		0.0265355
5045		0.026821
5046		0.0334144
5047		0.0375463
5048		0.0442978
5049		0.0521026
5050		0.0648765
5051		0.0749421
5052		0.0870448
5053		0.0972608
5054		0.101065
5055		0.113295
5056		0.124977
5057		0.128133
5058		0.142639
5059		0.152369
5060		0.155783
5061		0.17017
5062		0.178754
5063		0.182623
5064		0.196481
5065		0.206354
5066		0.211659
5067		0.22593
5068		0.230231
5069		0.237222
5070		0.248275
5071		0.261833
5072		0.261925
5073		0.268642
5074		0.274576
5075		0.273179
5076		0.285343
5077		0.283947
5078		0.289093
5079		0.296215
5080		0.289695
5081		0.290089
5082		0.280721
5083		0.287245
5084		0.302392
5085		0.296543
5086		0.287484
5087		0.289309
5088		0.284124
5089		0.273198
5090		0.271952
5091		0.265185
5092		0.259904
5093		0.258044
5094		0.255339
5095		0.253642
5096		0.252855
5097		0.249903
5098		0.247361
5099		0.242037
5100		0.234576
5101		0.232126
5102		0.228399
5103		0.221736
5104		0.213314
5105		0.211875
5106		0.204537
5107		0.191736
5108		0.183912
5109		0.182801
5110		0.170679
5111		0.16463
5112		0.151373
5113		0.141771
5114		0.137566
5115		0.124248
5116		0.114336
5117		0.109078
5118		0.0984337
5119		0.0898071
5120		0.0860494
5121		0.073642
5122		0.0585841
5123		0.0525309
5124		0.0475849
5125		0.0412269
5126		0.0372762
5127		0.0305941
5128		0.0267824
5129		0.023696
5130		0.0182253
5131		0.0105903
5132		0.0121373
5133		0.0115201
5134		0.00908951
5135		0.00987269
5136		0.00706019
5137		0.00833333
5138		0.00790895
5139		0.00958334
5140		0.00873843
5141		0.00791667
5142		0.01
5143		0.00832176
5144		0.00784722
5145		0.00957176
5146		0.00875
5147		0.0078858
5148		0.00958334
5149		0.00873457
5150		0.00497685
5151		0.00541667
5152		0.00666667
5153		0.00665509
5154		0.00708333
5155		0.00354938
5156		0.00540509
5157		0.00738426
5158		0.00208333
5159		0.00463349
5160		0.00564815
5161		0.00898148
5162		0.00606481
5163		0.00599537
5164		0.00796296
5165		0.00921297
5166		0.00680556
5167		0.00766975
5168		0.00762732
5169		0.00768519
5170		0.00921297
5171		0.00837963
5172		0.00787037
5173		0.00832562
5174		0.00671296
5175		0.00837963
5176		0.00712963
5177		0.00836034
5178		0.010463
5179		0.0103935
5180		0.00997685
5181		0.00837577
5182		0.00921297
5183		0.00997685
5184		0.00654707
5185		0.0106906
5186		0.00941744
5187		0.00945216
5188		0.00895062
5189		0.00859182
5190		0.00857253
5191		0.00978395
5192		0.00781636
5193		0.00914738
5194		0.00554012
5195		0.00833333
5196		0.00665123
5197		0.00621914
5198		0.00666281
5199		0.00914352
5200		0.00786651
5201		0.00666667
5202		0.005
5203		0.00416667
5204		0.00535494
5205		0.0048804
5206		0.00737269
5207		0.00541281
5208		0.0050733
5209		0.00746528
5210		0.00416667
5211		0.00410494
5212		0.00166667
5213		0.00619985
5214		0.00706019
5215		0.00469136
5216		0.00465278
5217		0.00612269
5218		0.00923225
5219		0.00850309
5220		0.00907022
5221		0.00951775
5222		0.00972222
5223		0.00847222
5224		0.00916667
5225		0.00958334
5226		0.00833333
5227		0.00956019
5228		0.00363426
5229		0.00914738
5230		0.00747685
5231		0.00458333
5232		0.00666667
5233		0.00748843
5234		0.00541667
5235		0.00333333
5236		0.00708333
5237		0.00541667
5238		0.00694444
5239		0.00715278
5240		0.00850694
5241		0.00614198
5242		0.00958334
5243		0.0075
5244		0.00541667
5245		0.00375
5246		0.00375
5247		0.00833333
5248		0.00583333
5249		0.00574074
5250		0.00454475
5251		0.00524691
5252		0.00524691
5253		0.00611111
5254		0.00583333
5255		0.00625
5256		0.00708333
5257		0.0132677
5258		0.0216667
5259		0.0224846
5260		0.0317438
5261		0.0394985
5262		0.0421605
5263		0.0475926
5264		0.0505555
5265		0.0491589
5266		0.0502315
5267		0.0540779
5268		0.0559413
5269		0.0584298
5270		0.0645679
5271		0.0633835
5272		0.0627392
5273		0.0624768
5274		0.0649691
5275		0.0659413
5276		0.0664352
5277		0.0616975
5278		0.0614583
5279		0.059537
5280		0.0628897
5281		0.0617284
5282		0.0634259
5283		0.0615432
5284		0.0609568
5285		0.0681983
5286		0.0674383
5287		0.0707099
5288		0.0734915
5289		0.0747338
5290		0.0805787
5291		0.0882639
5292		0.0937655
5293		0.100891
5294		0.110328
5295		0.112184
5296		0.115035
5297		0.121763
5298		0.12429
5299		0.126794
5300		0.127955
5301		0.129552
5302		0.132978
5303		0.136968
5304		0.133492
5305		0.130872
5306		0.13348
5307		0.133044
5308		0.134009
5309		0.139587
5310		0.138032
5311		0.13713
5312		0.142249
5313		0.13995
5314		0.141528
5315		0.142022
5316		0.140482
5317		0.136844
5318		0.136092
5319		0.135382
5320		0.137778
5321		0.132515
5322		0.130864
5323		0.131462
5324		0.133314
5325		0.130652
5326		0.13211
5327		0.12936
5328		0.130579
5329		0.129487
5330		0.128719
5331		0.129919
5332		0.129163
5333		0.134722
5334		0.136015
5335		0.139286
5336		0.137674
5337		0.13973
5338		0.143048
5339		0.145042
5340		0.146628
5341		0.148245
5342		0.149286
5343		0.145949
5344		0.147558
5345		0.141057
5346		0.144171
5347		0.149792
5348		0.152573
5349		0.149838
5350		0.150293
5351		0.155521
5352		0.157095
5353		0.16485
5354		0.167164
5355		0.168133
5356		0.174788
5357		0.177087
5358		0.181586
5359		0.187519
5360		0.194965
5361		0.193627
5362		0.197091
5363		0.200864
5364		0.201794
5365		0.20135
5366		0.200895
5367		0.202222
5368		0.203345
5369		0.201343
5370		0.191636
5371		0.195093
5372		0.193765
5373		0.198839
5374		0.201987
5375		0.205247
5376		0.20985
5377		0.209888
5378		0.211262
5379		0.205718
5380		0.201725
5381		0.206319
5382		0.206385
5383		0.205428
5384		0.211713
5385		0.216593
5386		0.222982
5387		0.231582
5388		0.227994
5389		0.23434
5390		0.238106
5391		0.237307
5392		0.244618
5393		0.245783
5394		0.244846
5395		0.248353
5396		0.251285
5397		0.240529
5398		0.244479
5399		0.240274
5400		0.235633
5401		0.228812
5402		0.22387
5403		0.226867
5404		0.227049
5405		0.225471
5406		0.230066
5407		0.224873
5408		0.228669
5409		0.225008
5410		0.224537
5411		0.228279
5412		0.229008
5413		0.230316
5414		0.226362
5415		0.228557
5416		0.230741
5417		0.235201
5418		0.237596
5419		0.240768
5420		0.216447
5421		0.218839
5422		0.221065
5423		0.22662
5424		0.22718
5425		0.234383
5426		0.232214
5427		0.231088
5428		0.238542
5429		0.246103
5430		0.248341
5431		0.253202
5432		0.265494
5433		0.274371
5434		0.278534
5435		0.28478
5436		0.285208
5437		0.291983
5438		0.300579
5439		0.303711
5440		0.310941
5441		0.315525
5442		0.32265
5443		0.331335
5444		0.33485
5445		0.341497
5446		0.344279
5447		0.357346
5448		0.354248
5449		0.355309
5450		0.359607
5451		0.357118
5452		0.356528
5453		0.355721
5454		0.359363
5455		0.361663
5456		0.357839
5457		0.354236
5458		0.357542
5459		0.359803
5460		0.356941
5461		0.363422
5462		0.361535
5463		0.359363
5464		0.355235
5465		0.355093
5466		0.353202
5467		0.347207
5468		0.351362
5469		0.349267
5470		0.372014
5471		0.368584
5472		0.365266
5473		0.365899
5474		0.369861
5475		0.366972
5476		0.36897
5477		0.367126
5478		0.370718
5479		0.375729
5480		0.381092
5481		0.382095
5482		0.391964
5483		0.401153
5484		0.406045
5485		0.412612
5486		0.41686
5487		0.415031
5488		0.423218
5489		0.431354
5490		0.430764
5491		0.432133
5492		0.440123
5493		0.441616
5494		0.443399
5495		0.433538
5496		0.432272
5497		0.435779
5498		0.437932
5499		0.441242
5500		0.441019
5501		0.43885
5502		0.439147
5503		0.442658
5504		0.444641
5505		0.446092
5506		0.447423
5507		0.449803
5508		0.44968
5509		0.450957
5510		0.453669
5511		0.456289
5512		0.454232
5513		0.45353
5514		0.456809
5515		0.454988
5516		0.453974
5517		0.456346
5518		0.456485
5519		0.455853
5520		0.46968
5521		0.468607
5522		0.470548
5523		0.471076
5524		0.473422
5525		0.478137
5526		0.479248
5527		0.480903
5528		0.486007
5529		0.487072
5530		0.494186
5531		0.499043
5532		0.500417
5533		0.506428
5534		0.510116
5535		0.512824
5536		0.519977
5537		0.519329
5538		0.522427
5539		0.52603
5540		0.530961
5541		0.535907
5542		0.534136
5543		0.536219
5544		0.533534
5545		0.533468
5546		0.537006
5547		0.537523
5548		0.539298
5549		0.539147
5550		0.538538
5551		0.53907
5552		0.543758
5553		0.543599
5554		0.547623
5555		0.550239
5556		0.550417
5557		0.554267
5558		0.556948
5559		0.553264
5560		0.553704
5561		0.55591
5562		0.556177
5563		0.560228
5564		0.568873
5565		0.569815
5566		0.569676
5567		0.572052
5568		0.578927
5569		0.580448
5570		0.574186
5571		0.574012
5572		0.577322
5573		0.585938
5574		0.58804
5575		0.592195
5576		0.590139
5577		0.58821
5578		0.589479
5579		0.594826
5580		0.597041
5581		0.60093
5582		0.601115
5583		0.602265
5584		0.603974
5585		0.606678
5586		0.608928
5587		0.609603
5588		0.61211
5589		0.614144
5590		0.610656
5591		0.614205
5592		0.614063
5593		0.617033
5594		0.612539
5595		0.60691
5596		0.608148
5597		0.611524
5598		0.608229
5599		0.606073
5600		0.608017
5601		0.609603
5602		0.61152
5603		0.609043
5604		0.612789
5605		0.614888
5606		0.618214
5607		0.616748
5608		0.621485
5609		0.625093
5610		0.622681
5611		0.623276
5612		0.626705
5613		0.626948
5614		0.624429
5615		0.624448
5616		0.626532
5617		0.628248
5618		0.628912
5619		0.630316
5620		0.627458
5621		0.627786
5622		0.62713
5623		0.627492
5624		0.62262
5625		0.628302
5626		0.628831
5627		0.62853
5628		0.634012
5629		0.634248
5630		0.63745
5631		0.632531
5632		0.637438
5633		0.63451
5634		0.636806
5635		0.633364
5636		0.634815
5637		0.637176
5638		0.638808
5639		0.636744
5640		0.63635
5641		0.638303
5642		0.63456
5643		0.639329
5644		0.640255
5645		0.673268
5646		0.673175
5647		0.673129
5648		0.67488
5649		0.672307
5650		0.673731
5651		0.672789
5652		0.672064
5653		0.66843
5654		0.669433
5655		0.668542
5656		0.670752
5657		0.668646
5658		0.672616
5659		0.669387
5660		0.668638
5661		0.669888
5662		0.671196
5663		0.672376
5664		0.674055
5665		0.673723
5666		0.676084
5667		0.674888
5668		0.6751
5669		0.673229
5670		0.667508
5671		0.664525
5672		0.667431
5673		0.669799
5674		0.672083
5675		0.674657
5676		0.671678
5677		0.670015
5678		0.672434
5679		0.670424
5680		0.674429
5681		0.673553
5682		0.674433
5683		0.671999
5684		0.675744
5685		0.679186
5686		0.677087
5687		0.677276
5688		0.674448
5689		0.675567
5690		0.681466
5691		0.678924
5692		0.676821
5693		0.676412
5694		0.680691
5695		0.672774
5696		0.673742
5697		0.673492
5698		0.670857
5699		0.672485
5700		0.674761
5701		0.674236
5702		0.68093
5703		0.682747
5704		0.687712
5705		0.691694
5706		0.696246
5707		0.694371
5708		0.69412
5709		0.697828
5710		0.69939
5711		0.718322
5712		0.722411
5713		0.723746
5714		0.72826
5715		0.728449
5716		0.732176
5717		0.736343
5718		0.73919
5719		0.737311
5720		0.760648
5721		0.763762
5722		0.765042
5723		0.764097
5724		0.759799
5725		0.764622
5726		0.761161
5727		0.763781
5728		0.7674
5729		0.764904
5730		0.765714
5731		0.768646
5732		0.773688
5733		0.774124
5734		0.773993
5735		0.775135
5736		0.773754
5737		0.777431
