The video is over!
Frame Number 	Queue Density
1		0.0741512
2		0.0778472
3		0.0833218
4		0.0870911
5		0.0928472
6		0.0917978
7		0.0976775
8		0.102739
9		0.0989969
10		0.100247
11		0.100926
12		0.102654
13		0.105448
14		0.106019
15		0.107361
16		0.110139
17		0.108673
18		0.10966
19		0.111389
20		0.115586
21		0.113549
22		0.115509
23		0.11784
24		0.120802
25		0.124414
26		0.124761
27		0.126663
28		0.12733
29		0.129799
30		0.130193
31		0.131273
32		0.132863
33		0.135918
34		0.136543
35		0.134877
36		0.134965
37		0.138318
38		0.140015
39		0.137515
40		0.137932
41		0.139923
42		0.140324
43		0.140262
44		0.13909
45		0.139865
46		0.141524
47		0.139738
48		0.137284
49		0.142894
50		0.141196
51		0.144468
52		0.147701
53		0.150448
54		0.151713
55		0.154637
56		0.157307
57		0.156605
58		0.162442
59		0.163974
60		0.164352
61		0.164209
62		0.164097
63		0.163823
64		0.16027
65		0.162809
66		0.161998
67		0.161644
68		0.161674
69		0.161844
70		0.162184
71		0.163218
72		0.16466
73		0.164514
74		0.168256
75		0.168634
76		0.168673
77		0.167832
78		0.170687
79		0.172569
80		0.174961
81		0.175787
82		0.175826
83		0.184344
84		0.186049
85		0.190671
86		0.195455
87		0.197492
88		0.200471
89		0.212052
90		0.211227
91		0.216011
92		0.217786
93		0.220116
94		0.218241
95		0.215972
96		0.215513
97		0.220351
98		0.22022
99		0.218646
100		0.220397
101		0.214564
102		0.214101
103		0.211146
104		0.210953
105		0.209572
106		0.2089
107		0.213627
108		0.214371
109		0.218113
110		0.22049
111		0.221323
112		0.226242
113		0.229178
114		0.227882
115		0.23228
116		0.236748
117		0.237079
118		0.239093
119		0.242859
120		0.240972
121		0.244097
122		0.24088
123		0.244336
124		0.245521
125		0.245887
126		0.246235
127		0.246887
128		0.249097
129		0.250085
130		0.252338
131		0.251952
132		0.254807
133		0.256667
134		0.255166
135		0.255204
136		0.256196
137		0.258738
138		0.258642
139		0.258673
140		0.260521
141		0.260891
142		0.26039
143		0.258816
144		0.26071
145		0.251505
146		0.253048
147		0.254622
148		0.25402
149		0.25108
150		0.254595
151		0.254336
152		0.253519
153		0.25554
154		0.253194
155		0.253349
156		0.252346
157		0.251481
158		0.248511
159		0.245579
160		0.24456
161		0.243264
162		0.244074
163		0.24522
164		0.243719
165		0.243102
166		0.242635
167		0.242315
168		0.241235
169		0.24152
170		0.242454
171		0.243345
172		0.238287
173		0.23767
174		0.239043
175		0.238549
176		0.236813
177		0.23588
178		0.236134
179		0.235293
180		0.236682
181		0.235502
182		0.234236
183		0.237519
184		0.233426
185		0.233349
186		0.234653
187		0.232315
188		0.232269
189		0.232438
190		0.235015
191		0.232855
192		0.234699
193		0.234383
194		0.233302
195		0.240556
196		0.243094
197		0.242438
198		0.24142
199		0.240278
200		0.242145
201		0.241921
202		0.24314
203		0.24108
204		0.241258
205		0.239028
206		0.239313
207		0.238696
208		0.237955
209		0.237878
210		0.239043
211		0.23804
212		0.238657
213		0.237377
214		0.237801
215		0.240085
216		0.2401
217		0.238179
218		0.240532
219		0.241192
220		0.228827
221		0.230652
222		0.229853
223		0.231674
224		0.232785
225		0.232377
226		0.231127
227		0.233399
228		0.233958
229		0.232955
230		0.234001
231		0.231991
232		0.232438
233		0.23571
234		0.234877
235		0.235316
236		0.236134
237		0.233711
238		0.232708
239		0.231427
240		0.234344
241		0.229159
242		0.232226
243		0.232739
244		0.232137
245		0.231925
246		0.232681
247		0.232137
248		0.232959
249		0.232404
250		0.232033
251		0.232276
252		0.233063
253		0.233102
254		0.232523
255		0.231574
256		0.233372
257		0.235594
258		0.233395
259		0.23287
260		0.231883
261		0.230139
262		0.231713
263		0.229707
264		0.229244
265		0.231775
266		0.23017
267		0.229522
268		0.229429
269		0.231867
270		0.228306
271		0.228569
272		0.226431
273		0.226725
274		0.227917
275		0.23017
276		0.231447
277		0.234545
278		0.237805
279		0.237805
280		0.240988
281		0.245903
282		0.247049
283		0.247145
284		0.251292
285		0.249996
286		0.251292
287		0.248962
288		0.249552
289		0.249348
290		0.245814
291		0.244645
292		0.244996
293		0.243329
294		0.243129
295		0.238862
296		0.235424
297		0.234606
298		0.235694
299		0.235471
300		0.235363
301		0.234267
302		0.233032
303		0.233927
304		0.231644
305		0.232203
306		0.230957
307		0.232901
308		0.234946
309		0.23223
310		0.230795
311		0.230486
312		0.233465
313		0.230517
314		0.233164
315		0.231759
316		0.233148
317		0.22963
318		0.230278
319		0.2287
320		0.234263
321		0.233106
322		0.230995
323		0.23233
324		0.231524
325		0.234101
326		0.230768
327		0.233515
328		0.233607
329		0.232172
330		0.232079
331		0.230976
332		0.231624
333		0.233785
334		0.232087
335		0.231825
336		0.233881
337		0.236119
338		0.232122
339		0.232338
340		0.236119
341		0.235826
342		0.238634
343		0.23811
344		0.241782
345		0.231844
346		0.234221
347		0.238735
348		0.240494
349		0.238264
350		0.237106
351		0.2399
352		0.238881
353		0.236767
354		0.239236
355		0.236319
356		0.240683
357		0.241115
358		0.238924
359		0.240976
360		0.239198
361		0.24162
362		0.241574
363		0.244769
364		0.240679
365		0.241512
366		0.239907
367		0.242392
368		0.239661
369		0.239938
370		0.238904
371		0.238519
372		0.23909
373		0.240586
374		0.240887
375		0.240756
376		0.240841
377		0.241235
378		0.240733
379		0.240401
380		0.24115
381		0.240347
382		0.244483
383		0.24419
384		0.247623
385		0.249444
386		0.249568
387		0.250764
388		0.25311
389		0.254699
390		0.253877
391		0.253464
392		0.255918
393		0.254776
394		0.256736
395		0.2513
396		0.250698
397		0.253831
398		0.254267
399		0.256011
400		0.256331
401		0.255235
402		0.255934
403		0.260563
404		0.263059
405		0.266208
406		0.271655
407		0.278029
408		0.280995
409		0.288067
410		0.294985
411		0.299664
412		0.306007
413		0.311096
414		0.314028
415		0.317423
416		0.32338
417		0.326034
418		0.331744
419		0.335093
420		0.339132
421		0.346748
422		0.350671
423		0.350517
424		0.359248
425		0.368025
426		0.366883
427		0.3726
428		0.376983
429		0.383071
430		0.385598
431		0.390085
432		0.393492
433		0.401235
434		0.404182
435		0.405212
436		0.407654
437		0.412477
438		0.412041
439		0.416057
440		0.417616
441		0.414934
442		0.418372
443		0.421188
444		0.421316
445		0.416219
446		0.414757
447		0.419715
448		0.419745
449		0.423225
450		0.424198
451		0.428465
452		0.430895
453		0.431674
454		0.434684
455		0.436296
456		0.437238
457		0.440586
458		0.442454
459		0.442658
460		0.44463
461		0.44284
462		0.443696
463		0.446335
464		0.445563
465		0.447099
466		0.443711
467		0.444448
468		0.442531
469		0.448719
470		0.456458
471		0.456597
472		0.456987
473		0.457855
474		0.458403
475		0.458954
476		0.460069
477		0.457199
478		0.459059
479		0.460131
480		0.458534
481		0.462346
482		0.462014
483		0.461748
484		0.463021
485		0.462812
486		0.461933
487		0.462288
488		0.461863
489		0.461246
490		0.463669
491		0.462442
492		0.461084
493		0.461408
494		0.463009
495		0.463059
496		0.462843
497		0.46576
498		0.467431
499		0.470012
500		0.473846
501		0.474097
502		0.479062
503		0.484387
504		0.485127
505		0.489757
506		0.496574
507		0.49963
508		0.505714
509		0.509495
510		0.512365
511		0.513924
512		0.51848
513		0.520494
514		0.51956
515		0.520613
516		0.521331
517		0.521736
518		0.526748
519		0.525363
520		0.532581
521		0.532967
522		0.537388
523		0.539363
524		0.538912
525		0.540953
526		0.538426
527		0.540301
528		0.54392
529		0.54348
530		0.542963
531		0.542423
532		0.543619
533		0.54326
534		0.544888
535		0.542523
536		0.543083
537		0.539506
538		0.542373
539		0.54488
540		0.545887
541		0.542172
542		0.546073
543		0.54576
544		0.547157
545		0.519904
546		0.523337
547		0.52603
548		0.524757
549		0.525995
550		0.525301
551		0.523206
552		0.524961
553		0.528418
554		0.525683
555		0.52662
556		0.5238
557		0.526412
558		0.529479
559		0.521871
560		0.520208
561		0.524429
562		0.52809
563		0.522087
564		0.525093
565		0.523796
566		0.521312
567		0.523549
568		0.520285
569		0.524086
570		0.524514
571		0.527323
572		0.532712
573		0.531879
574		0.537481
575		0.536975
576		0.538765
577		0.540517
578		0.543252
579		0.546354
580		0.549788
581		0.550228
582		0.553167
583		0.552604
584		0.552307
585		0.55512
586		0.556848
587		0.559981
588		0.558067
589		0.560093
590		0.559506
591		0.562322
592		0.558654
593		0.558792
594		0.562666
595		0.55017
596		0.552122
597		0.553889
598		0.553704
599		0.559749
600		0.558603
601		0.559498
602		0.559826
603		0.562608
604		0.564958
605		0.565575
606		0.566871
607		0.568372
608		0.574109
609		0.572191
610		0.572396
611		0.579633
612		0.580058
613		0.582589
614		0.587701
615		0.590374
616		0.592296
617		0.594687
618		0.594402
619		0.600231
620		0.596717
621		0.597141
622		0.603588
623		0.605286
624		0.60674
625		0.608704
626		0.608507
627		0.609333
628		0.608935
629		0.609815
630		0.60924
631		0.612477
632		0.613592
633		0.615718
634		0.615953
635		0.61571
636		0.619931
637		0.616292
638		0.61387
639		0.611331
640		0.61294
641		0.61512
642		0.612755
643		0.613754
644		0.616605
645		0.627149
646		0.626377
647		0.628773
648		0.630139
649		0.631941
650		0.631119
651		0.630066
652		0.631717
653		0.629672
654		0.63402
655		0.63478
656		0.635806
657		0.635949
658		0.638121
659		0.637739
660		0.63733
661		0.637411
662		0.63914
663		0.639946
664		0.63777
665		0.641948
666		0.640421
667		0.64223
668		0.641397
669		0.644101
670		0.624722
671		0.626258
672		0.622284
673		0.628245
674		0.629039
675		0.628233
676		0.627793
677		0.629444
678		0.632909
679		0.627905
680		0.630112
681		0.632527
682		0.634387
683		0.636624
684		0.641092
685		0.636304
686		0.640656
687		0.637866
688		0.640285
689		0.641011
690		0.638515
691		0.640274
692		0.643411
693		0.643573
694		0.643272
695		0.62919
696		0.627751
697		0.631227
698		0.63216
699		0.63213
700		0.631536
701		0.633549
702		0.632662
703		0.634051
704		0.635166
705		0.635104
706		0.636987
707		0.637454
708		0.636597
709		0.637407
710		0.636902
711		0.636034
712		0.636848
713		0.637122
714		0.638773
715		0.639915
716		0.63814
717		0.641111
718		0.642083
719		0.641096
720		0.634537
721		0.635864
722		0.635934
723		0.64196
724		0.638866
725		0.641998
726		0.642384
727		0.643673
728		0.642099
729		0.642523
730		0.64331
731		0.641319
732		0.643665
733		0.644487
734		0.643858
735		0.646508
736		0.645258
737		0.643071
738		0.646485
739		0.645795
740		0.644653
741		0.643796
742		0.648573
743		0.647647
744		0.648194
745		0.622793
746		0.626644
747		0.627315
748		0.630772
749		0.628476
750		0.631466
751		0.616003
752		0.616906
753		0.619622
754		0.621782
755		0.619344
756		0.618187
757		0.623171
758		0.623785
759		0.625509
760		0.62483
761		0.624406
762		0.624491
763		0.624822
764		0.625216
765		0.625494
766		0.625748
767		0.627978
768		0.625802
769		0.626775
770		0.641034
771		0.637971
772		0.639691
773		0.638372
774		0.634931
775		0.642014
776		0.639267
777		0.646991
778		0.646227
779		0.645694
780		0.644792
781		0.644722
782		0.649684
783		0.652878
784		0.653318
785		0.651034
786		0.648642
787		0.650505
788		0.651848
789		0.650872
790		0.654961
791		0.660872
792		0.663256
793		0.667242
794		0.667404
795		0.629128
796		0.627878
797		0.63135
798		0.635949
799		0.63642
800		0.643835
801		0.648056
802		0.651281
803		0.646975
804		0.644174
805		0.650355
806		0.651042
807		0.651466
808		0.657481
809		0.655799
810		0.656563
811		0.655729
812		0.656238
813		0.65735
814		0.658144
815		0.659186
816		0.658908
817		0.662404
818		0.66032
819		0.665077
820		0.654182
821		0.654614
822		0.654961
823		0.655104
824		0.661663
825		0.657238
826		0.658194
827		0.662006
828		0.661512
829		0.661366
830		0.663495
831		0.664892
832		0.66483
833		0.665201
834		0.67108
835		0.668974
836		0.670363
837		0.670015
838		0.672207
839		0.672793
840		0.672222
841		0.674043
842		0.675224
843		0.675988
844		0.675926
845		0.671975
846		0.670162
847		0.67267
848		0.676489
849		0.670725
850		0.677307
851		0.675363
852		0.678935
853		0.67564
854		0.675664
855		0.67358
856		0.677685
857		0.675525
858		0.677971
859		0.680826
860		0.67794
861		0.679421
862		0.678758
863		0.679726
864		0.681184
865		0.681586
866		0.680845
867		0.684417
868		0.682141
869		0.684541
870		0.663503
871		0.663526
872		0.666157
873		0.667323
874		0.667832
875		0.668711
876		0.667994
877		0.66784
878		0.667346
879		0.667701
880		0.655818
881		0.653627
882		0.653025
883		0.652701
884		0.653295
885		0.654684
886		0.654807
887		0.655918
888		0.659552
889		0.658681
890		0.660015
891		0.661466
892		0.660934
893		0.661983
894		0.660648
895		0.660525
896		0.662724
897		0.66564
898		0.666308
899		0.665235
900		0.663758
901		0.664583
902		0.667809
903		0.669282
904		0.669244
905		0.679252
906		0.679082
907		0.680177
908		0.681289
909		0.681605
910		0.682647
911		0.681883
912		0.681026
913		0.681289
914		0.680455
915		0.682793
916		0.680548
917		0.678935
918		0.682732
919		0.678943
920		0.677245
921		0.678804
922		0.680552
923		0.681682
924		0.682191
925		0.680957
926		0.68311
927		0.682994
928		0.687431
929		0.686906
930		0.66115
931		0.663121
932		0.660664
933		0.666165
934		0.662971
935		0.665733
936		0.666836
937		0.669958
938		0.673013
939		0.672226
940		0.6762
941		0.67784
942		0.67784
943		0.68061
944		0.682029
945		0.681227
946		0.678754
947		0.68032
948		0.67978
949		0.6814
950		0.680621
951		0.678191
952		0.678252
953		0.675289
954		0.675667
955		0.672083
956		0.673449
957		0.673337
958		0.670725
959		0.676782
960		0.673306
961		0.673156
962		0.678588
963		0.677469
964		0.675359
965		0.67919
966		0.67765
967		0.678738
968		0.681998
969		0.67843
970		0.68034
971		0.680502
972		0.680448
973		0.6824
974		0.682307
975		0.682245
976		0.686875
977		0.686211
978		0.686096
979		0.685077
980		0.681505
981		0.679788
982		0.684333
983		0.681914
984		0.68417
985		0.684286
986		0.683796
987		0.681802
988		0.679958
989		0.683144
990		0.685718
991		0.68772
992		0.685
993		0.69174
994		0.691755
995		0.691454
996		0.693758
997		0.691759
998		0.694529
999		0.693927
1000		0.692963
1001		0.672589
1002		0.671208
1003		0.673738
1004		0.670598
1005		0.670802
1006		0.668245
1007		0.671346
1008		0.670586
1009		0.672978
1010		0.674985
1011		0.664502
1012		0.663391
1013		0.667809
1014		0.665853
1015		0.667191
1016		0.668229
1017		0.669579
1018		0.66527
1019		0.665833
1020		0.667593
1021		0.667909
1022		0.668279
1023		0.672693
1024		0.66875
1025		0.670992
1026		0.67162
1027		0.666894
1028		0.670363
1029		0.668603
1030		0.67294
1031		0.668515
1032		0.673345
1033		0.670444
1034		0.671154
1035		0.675174
1036		0.670339
1037		0.665123
1038		0.668495
1039		0.67213
1040		0.675799
1041		0.672878
1042		0.67463
1043		0.675131
1044		0.671613
1045		0.670964
1046		0.676798
1047		0.676393
1048		0.680054
1049		0.679892
1050		0.680031
1051		0.67956
1052		0.679626
1053		0.678897
1054		0.682384
1055		0.679267
1056		0.678773
1057		0.678619
1058		0.678048
1059		0.678603
1060		0.679915
1061		0.671806
1062		0.674904
1063		0.670629
1064		0.671424
1065		0.673457
1066		0.673322
1067		0.673538
1068		0.675806
1069		0.676289
1070		0.675193
1071		0.676836
1072		0.678329
1073		0.678978
1074		0.674938
1075		0.682932
1076		0.67789
1077		0.681535
1078		0.680247
1079		0.682045
1080		0.682049
1081		0.683943
1082		0.68385
1083		0.687654
1084		0.686682
1085		0.687762
1086		0.676995
1087		0.676682
1088		0.676744
1089		0.677083
1090		0.677222
1091		0.677161
1092		0.674483
1093		0.679105
1094		0.674973
1095		0.678634
1096		0.677145
1097		0.680077
1098		0.677901
1099		0.678912
1100		0.677708
1101		0.675702
1102		0.676366
1103		0.677276
1104		0.678742
1105		0.680579
1106		0.676844
1107		0.675826
1108		0.67848
1109		0.676443
1110		0.677786
1111		0.671771
1112		0.670486
1113		0.675621
1114		0.676285
1115		0.679101
1116		0.67539
1117		0.677932
1118		0.677901
1119		0.678673
1120		0.678789
1121		0.679356
1122		0.68066
1123		0.678615
1124		0.680143
1125		0.678542
1126		0.678569
1127		0.680579
1128		0.678885
1129		0.679294
1130		0.680907
1131		0.683059
1132		0.683808
1133		0.682704
1134		0.682002
1135		0.684062
1136		0.668125
1137		0.666528
1138		0.665922
1139		0.666451
1140		0.671373
1141		0.669911
1142		0.670999
1143		0.666644
1144		0.668167
1145		0.66843
1146		0.667874
1147		0.670374
1148		0.671053
1149		0.67429
1150		0.672504
1151		0.674614
1152		0.674537
1153		0.676188
1154		0.67652
1155		0.669498
1156		0.671894
1157		0.672469
1158		0.67093
1159		0.672191
1160		0.676481
1161		0.682786
1162		0.681771
1163		0.68265
1164		0.682187
1165		0.680783
1166		0.683372
1167		0.686493
1168		0.68005
1169		0.681273
1170		0.682697
1171		0.683322
1172		0.687315
1173		0.683823
1174		0.680166
1175		0.682446
1176		0.684167
1177		0.683742
1178		0.685907
1179		0.682789
1180		0.686107
1181		0.687874
1182		0.686867
1183		0.688156
1184		0.689591
1185		0.686933
1186		0.679371
1187		0.680702
1188		0.679695
1189		0.683214
1190		0.678985
1191		0.681393
1192		0.675733
1193		0.678939
1194		0.682214
1195		0.680779
1196		0.677863
1197		0.681049
1198		0.68392
1199		0.686319
1200		0.683086
1201		0.683607
1202		0.682531
1203		0.681462
1204		0.684487
1205		0.684097
1206		0.684271
1207		0.685826
1208		0.681779
1209		0.68267
1210		0.682562
1211		0.675367
1212		0.673789
1213		0.672886
1214		0.672843
1215		0.673457
1216		0.670849
1217		0.675324
1218		0.675502
1219		0.678449
1220		0.680571
1221		0.682569
1222		0.682157
1223		0.681559
1224		0.683329
1225		0.684672
1226		0.685463
1227		0.683414
1228		0.683796
1229		0.683951
1230		0.687377
1231		0.688275
1232		0.684992
1233		0.684703
1234		0.685336
1235		0.684961
1236		0.68968
1237		0.688002
1238		0.689082
1239		0.692639
1240		0.694275
1241		0.693329
1242		0.695309
1243		0.695625
1244		0.695189
1245		0.697288
1246		0.691235
1247		0.693229
1248		0.697222
1249		0.69267
1250		0.693067
1251		0.684105
1252		0.683912
1253		0.684591
1254		0.682612
1255		0.686169
1256		0.685887
1257		0.691123
1258		0.692959
1259		0.691551
1260		0.694213
1261		0.672338
1262		0.675289
1263		0.678877
1264		0.678133
1265		0.680667
1266		0.681123
1267		0.681073
1268		0.67713
1269		0.68434
1270		0.683654
1271		0.686458
1272		0.686474
1273		0.685845
1274		0.687226
1275		0.68375
1276		0.683769
1277		0.687299
1278		0.684718
1279		0.682728
1280		0.681181
1281		0.678843
1282		0.677014
1283		0.677373
1284		0.677218
1285		0.679267
1286		0.685694
1287		0.686408
1288		0.685876
1289		0.68625
1290		0.689641
1291		0.690112
1292		0.688546
1293		0.691485
1294		0.692473
1295		0.692488
1296		0.691231
1297		0.69456
1298		0.690475
1299		0.684873
1300		0.690324
1301		0.686408
1302		0.687886
1303		0.691208
1304		0.690556
1305		0.688407
1306		0.68576
1307		0.684946
1308		0.685432
1309		0.687184
1310		0.683769
1311		0.662569
1312		0.662438
1313		0.663654
1314		0.664444
1315		0.666451
1316		0.663241
1317		0.66674
1318		0.66777
1319		0.669313
1320		0.673048
1321		0.672635
1322		0.674113
1323		0.671844
1324		0.668754
1325		0.668395
1326		0.67517
1327		0.670448
1328		0.67576
1329		0.673302
1330		0.672076
1331		0.676451
1332		0.674522
1333		0.675093
1334		0.674421
1335		0.672577
1336		0.667442
1337		0.67071
1338		0.668264
1339		0.670123
1340		0.66701
1341		0.668831
1342		0.668083
1343		0.667689
1344		0.668692
1345		0.667542
1346		0.668129
1347		0.669263
1348		0.670235
1349		0.67103
1350		0.671358
1351		0.670181
1352		0.672041
1353		0.670293
1354		0.67311
1355		0.674448
1356		0.674406
1357		0.675853
1358		0.674012
1359		0.672812
1360		0.672539
1361		0.660532
1362		0.661026
1363		0.66387
1364		0.669066
1365		0.666879
1366		0.670177
1367		0.666709
1368		0.667076
1369		0.665964
1370		0.669861
1371		0.668372
1372		0.666875
1373		0.667801
1374		0.666782
1375		0.669649
1376		0.668491
1377		0.668491
1378		0.67157
1379		0.670116
1380		0.668538
1381		0.670679
1382		0.670914
1383		0.669093
1384		0.672461
1385		0.669032
1386		0.67142
1387		0.672099
1388		0.673063
1389		0.674267
1390		0.673584
1391		0.679583
1392		0.681003
1393		0.678943
1394		0.67826
1395		0.683916
1396		0.680683
1397		0.681111
1398		0.682863
1399		0.683966
1400		0.683171
1401		0.683553
1402		0.685895
1403		0.686053
1404		0.684958
1405		0.683638
1406		0.68358
1407		0.681393
1408		0.684182
1409		0.685174
1410		0.685131
1411		0.672994
1412		0.673036
1413		0.675058
1414		0.678383
1415		0.676084
1416		0.675964
1417		0.67963
1418		0.679857
1419		0.6786
1420		0.679761
1421		0.680864
1422		0.683295
1423		0.683696
1424		0.684248
1425		0.684857
1426		0.685575
1427		0.688005
1428		0.687195
1429		0.690343
1430		0.692917
1431		0.696493
1432		0.698044
1433		0.699556
1434		0.701589
1435		0.704811
1436		0.706489
1437		0.70419
1438		0.707542
1439		0.707774
1440		0.708086
1441		0.713353
1442		0.713333
1443		0.716829
1444		0.721705
1445		0.721316
1446		0.726269
1447		0.727936
1448		0.726933
1449		0.729514
1450		0.730563
1451		0.734456
1452		0.737593
1453		0.739174
1454		0.742245
1455		0.746983
1456		0.748704
1457		0.749988
1458		0.755008
1459		0.758665
1460		0.756053
1461		0.726655
1462		0.730424
1463		0.729707
1464		0.724776
1465		0.726142
1466		0.72637
1467		0.732477
1468		0.732577
1469		0.731929
1470		0.736447
1471		0.736211
1472		0.740112
1473		0.743615
1474		0.746235
1475		0.743117
1476		0.74588
1477		0.743198
1478		0.750255
1479		0.749456
1480		0.751366
1481		0.754009
1482		0.753079
1483		0.754259
1484		0.759298
1485		0.76152
1486		0.757967
1487		0.758758
1488		0.757878
1489		0.760035
1490		0.761003
1491		0.761165
1492		0.760617
1493		0.761875
1494		0.764325
1495		0.761968
1496		0.761015
1497		0.761439
1498		0.764456
1499		0.7599
1500		0.750201
1501		0.714078
1502		0.717253
1503		0.70777
1504		0.713164
1505		0.719371
1506		0.720721
1507		0.719236
1508		0.724051
1509		0.71838
1510		0.719024
1511		0.728229
1512		0.725478
1513		0.727797
1514		0.726856
1515		0.731019
1516		0.703376
1517		0.692485
1518		0.686173
1519		0.687014
1520		0.682847
1521		0.672674
1522		0.656485
1523		0.658137
1524		0.645216
1525		0.650922
1526		0.651034
1527		0.63966
1528		0.642427
1529		0.64142
1530		0.64066
1531		0.635475
1532		0.632087
1533		0.630432
1534		0.625957
1535		0.632184
1536		0.62311
1537		0.631435
1538		0.633287
1539		0.62762
1540		0.629136
1541		0.632384
1542		0.628337
1543		0.619387
1544		0.624298
1545		0.621103
1546		0.61924
1547		0.623673
1548		0.618499
1549		0.615185
1550		0.600768
1551		0.598005
1552		0.592685
1553		0.596358
1554		0.587427
1555		0.581319
1556		0.587782
1557		0.584174
1558		0.582785
1559		0.579595
1560		0.577203
1561		0.552265
1562		0.556424
1563		0.554471
1564		0.556755
1565		0.559294
1566		0.560069
1567		0.560733
1568		0.561852
1569		0.56157
1570		0.562701
1571		0.564012
1572		0.566053
1573		0.568931
1574		0.572442
1575		0.574676
1576		0.579502
1577		0.584182
1578		0.584961
1579		0.587573
1580		0.586809
1581		0.588495
1582		0.590934
1583		0.591779
1584		0.586096
1585		0.586709
1586		0.569965
1587		0.564765
1588		0.566721
1589		0.577114
1590		0.573526
1591		0.579325
1592		0.576084
1593		0.582218
1594		0.581254
1595		0.588407
1596		0.596539
1597		0.591898
1598		0.594923
1599		0.596767
1600		0.603623
1601		0.606547
1602		0.60037
1603		0.603476
1604		0.605463
1605		0.612238
1606		0.621223
1607		0.61843
1608		0.624371
1609		0.630633
1610		0.624664
1611		0.6286
1612		0.624155
1613		0.621543
1614		0.615856
1615		0.613121
1616		0.618129
1617		0.613025
1618		0.597261
1619		0.598009
1620		0.597519
1621		0.593472
1622		0.597527
1623		0.600984
1624		0.591991
1625		0.592531
1626		0.588904
1627		0.592415
1628		0.591296
1629		0.58941
1630		0.592103
1631		0.593866
1632		0.599796
1633		0.604093
1634		0.608434
1635		0.606698
1636		0.630328
1637		0.634514
1638		0.623696
1639		0.622585
1640		0.622326
1641		0.622373
1642		0.621115
1643		0.617901
1644		0.606867
1645		0.604109
1646		0.608731
1647		0.60162
1648		0.602542
1649		0.605891
1650		0.605926
1651		0.603376
1652		0.605764
1653		0.601397
1654		0.601169
1655		0.598576
1656		0.58657
1657		0.587473
1658		0.584564
1659		0.589965
1660		0.587446
1661		0.580062
1662		0.582384
1663		0.591458
1664		0.598897
1665		0.605355
1666		0.605563
1667		0.611069
1668		0.614248
1669		0.614896
1670		0.62005
1671		0.623121
1672		0.621763
1673		0.622801
1674		0.613893
1675		0.612585
1676		0.607959
1677		0.613241
1678		0.609078
1679		0.609032
1680		0.610907
1681		0.615525
1682		0.618796
1683		0.621127
1684		0.624838
1685		0.630093
1686		0.592828
1687		0.590158
1688		0.595988
1689		0.5989
1690		0.604668
1691		0.61287
1692		0.615818
1693		0.614954
1694		0.615035
1695		0.615895
1696		0.621798
1697		0.621258
1698		0.618241
1699		0.624008
1700		0.630135
1701		0.632573
1702		0.637612
1703		0.640069
1704		0.646316
1705		0.649113
1706		0.651474
1707		0.66456
1708		0.661748
1709		0.662627
1710		0.656991
1711		0.694961
1712		0.697569
1713		0.696713
1714		0.70061
1715		0.696034
1716		0.690494
1717		0.686416
1718		0.679151
1719		0.670509
1720		0.654383
1721		0.655216
1722		0.649414
1723		0.637901
1724		0.63392
1725		0.638009
1726		0.63211
1727		0.62865
1728		0.620459
1729		0.602782
1730		0.606026
1731		0.591227
1732		0.579522
1733		0.585629
1734		0.567292
1735		0.572481
1736		0.513121
1737		0.517913
1738		0.518673
1739		0.510397
1740		0.504541
1741		0.493191
1742		0.490328
1743		0.488214
1744		0.477037
1745		0.482076
1746		0.476705
1747		0.47478
1748		0.466485
1749		0.46186
1750		0.450606
1751		0.434498
1752		0.44387
1753		0.437434
1754		0.43787
1755		0.435718
1756		0.43961
1757		0.438769
1758		0.433592
1759		0.437755
1760		0.438773
1761		0.420795
1762		0.43086
1763		0.430652
1764		0.428507
1765		0.430266
1766		0.429564
1767		0.431269
1768		0.43289
1769		0.430224
1770		0.442153
1771		0.441246
1772		0.445343
1773		0.443457
1774		0.440181
1775		0.439151
1776		0.441559
1777		0.436389
1778		0.433156
1779		0.433349
1780		0.43238
1781		0.435359
1782		0.436335
1783		0.428063
1784		0.428607
1785		0.423993
1786		0.393187
1787		0.398071
1788		0.403519
1789		0.400567
1790		0.392809
1791		0.394282
1792		0.391601
1793		0.389784
1794		0.38826
1795		0.386119
1796		0.380397
1797		0.38789
1798		0.383735
1799		0.387789
1800		0.385787
1801		0.386748
1802		0.38414
1803		0.369174
1804		0.371539
1805		0.369005
1806		0.368094
1807		0.355085
1808		0.350139
1809		0.353522
1810		0.341327
1811		0.325556
1812		0.324205
1813		0.320583
1814		0.317813
1815		0.314329
1816		0.306555
1817		0.304556
1818		0.298384
1819		0.30235
1820		0.30142
1821		0.291505
1822		0.28015
1823		0.278333
1824		0.276211
1825		0.282932
1826		0.277801
1827		0.279618
1828		0.276786
1829		0.281582
1830		0.27591
1831		0.274028
1832		0.269367
1833		0.273515
1834		0.260012
1835		0.262384
1836		0.228819
1837		0.221358
1838		0.222554
1839		0.217716
1840		0.214846
1841		0.207122
1842		0.206235
1843		0.199491
1844		0.194564
1845		0.187072
1846		0.177728
1847		0.177164
1848		0.175297
1849		0.169614
1850		0.161667
1851		0.156578
1852		0.157932
1853		0.153457
1854		0.156551
1855		0.154417
1856		0.150856
1857		0.147716
1858		0.15012
1859		0.149633
1860		0.146914
1861		0.14071
1862		0.140312
1863		0.137658
1864		0.130883
1865		0.128993
1866		0.13466
1867		0.130069
1868		0.12848
1869		0.137793
1870		0.146142
1871		0.148241
1872		0.152045
1873		0.15642
1874		0.154495
1875		0.155421
1876		0.166543
1877		0.178804
1878		0.193225
1879		0.207122
1880		0.212485
1881		0.221636
1882		0.245494
1883		0.248954
1884		0.258839
1885		0.274568
1886		0.252465
1887		0.270224
1888		0.291393
1889		0.297361
1890		0.316987
1891		0.331728
1892		0.337515
1893		0.348592
1894		0.362103
1895		0.371771
1896		0.373102
1897		0.384178
1898		0.393781
1899		0.411613
1900		0.423025
1901		0.433839
1902		0.442512
1903		0.444217
1904		0.447133
1905		0.453673
1906		0.45978
1907		0.462203
1908		0.461512
1909		0.457701
1910		0.464579
1911		0.486613
1912		0.476655
1913		0.480154
1914		0.470432
1915		0.46314
1916		0.45439
1917		0.444236
1918		0.435563
1919		0.430332
1920		0.422515
1921		0.412828
1922		0.406593
1923		0.392874
1924		0.395509
1925		0.386844
1926		0.378723
1927		0.372473
1928		0.373499
1929		0.361883
1930		0.356084
1931		0.353719
1932		0.347813
1933		0.339931
1934		0.328827
1935		0.32728
1936		0.295181
1937		0.294587
1938		0.282647
1939		0.276019
1940		0.271069
1941		0.26995
1942		0.255802
1943		0.252361
1944		0.25071
1945		0.250004
1946		0.250544
1947		0.248171
1948		0.256319
1949		0.250725
1950		0.2386
1951		0.231759
1952		0.221775
1953		0.215293
1954		0.205077
1955		0.201304
1956		0.19162
1957		0.183264
1958		0.17375
1959		0.169001
1960		0.150193
1961		0.13571
1962		0.121956
1963		0.11284
1964		0.109487
1965		0.104429
1966		0.099865
1967		0.0972685
1968		0.0888889
1969		0.083561
1970		0.0829321
1971		0.0733063
1972		0.067554
1973		0.0597068
1974		0.0535841
1975		0.0485069
1976		0.0467014
1977		0.0386188
1978		0.034483
1979		0.0327778
1980		0.0306096
1981		0.0223225
1982		0.0217284
1983		0.0206481
1984		0.0188889
1985		0.0209144
1986		0.0212616
1987		0.0211111
1988		0.022963
1989		0.0211574
1990		0.021713
1991		0.0203086
1992		0.0228279
1993		0.0231443
1994		0.0224923
1995		0.0219753
1996		0.0232562
1997		0.0236034
1998		0.0240046
1999		0.0227932
2000		0.0266127
2001		0.0368634
2002		0.0477739
2003		0.056902
2004		0.0709414
2005		0.0882022
2006		0.0972068
2007		0.112199
2008		0.129653
2009		0.138738
2010		0.156786
2011		0.168032
2012		0.181605
2013		0.200378
2014		0.219699
2015		0.228048
2016		0.248792
2017		0.268445
2018		0.280775
2019		0.302951
2020		0.310108
2021		0.32135
2022		0.333272
2023		0.347535
2024		0.354016
2025		0.360772
2026		0.370405
2027		0.381968
2028		0.381173
2029		0.394363
2030		0.389552
2031		0.397454
2032		0.39919
2033		0.400131
2034		0.40424
2035		0.400918
2036		0.390366
2037		0.382843
2038		0.380532
2039		0.375617
2040		0.362874
2041		0.351813
2042		0.351053
2043		0.338187
2044		0.328615
2045		0.32169
2046		0.314383
2047		0.307157
2048		0.304244
2049		0.30647
2050		0.292778
2051		0.294101
2052		0.283279
2053		0.275116
2054		0.270424
2055		0.254398
2056		0.238619
2057		0.232755
2058		0.226042
2059		0.213291
2060		0.212809
2061		0.208036
2062		0.195104
2063		0.191597
2064		0.184448
2065		0.169985
2066		0.164028
2067		0.156497
2068		0.14522
2069		0.143167
2070		0.13211
2071		0.120093
2072		0.109969
2073		0.102249
2074		0.0894059
2075		0.0870795
2076		0.078125
2077		0.0717477
2078		0.0653048
2079		0.0617477
2080		0.0590394
2081		0.054186
2082		0.050463
2083		0.0452431
2084		0.0386034
2085		0.035216
2086		0.0292361
2087		0.0292593
2088		0.0281481
2089		0.0279861
2090		0.0275077
2091		0.0305941
2092		0.0283063
2093		0.026088
2094		0.02875
2095		0.0297801
2096		0.0310494
2097		0.0298765
2098		0.0357562
2099		0.0378704
2100		0.0445795
2101		0.0511381
2102		0.052338
2103		0.0596875
2104		0.0722106
2105		0.0752778
2106		0.0864583
2107		0.0949151
2108		0.0989313
2109		0.104529
2110		0.115552
2111		0.115903
2112		0.125297
2113		0.13539
2114		0.141775
2115		0.152392
2116		0.159109
2117		0.168441
2118		0.171177
2119		0.184066
2120		0.19017
2121		0.200833
2122		0.211559
2123		0.215355
2124		0.225664
2125		0.228044
2126		0.233279
2127		0.23804
2128		0.247512
2129		0.244471
2130		0.255833
2131		0.258727
2132		0.252141
2133		0.250347
2134		0.247843
2135		0.245093
2136		0.257855
2137		0.254468
2138		0.257423
2139		0.257708
2140		0.268927
2141		0.263507
2142		0.265745
2143		0.263349
2144		0.269313
2145		0.263221
2146		0.264375
2147		0.260687
2148		0.258557
2149		0.255131
2150		0.256663
2151		0.252809
2152		0.240822
2153		0.239213
2154		0.237052
2155		0.243765
2156		0.244672
2157		0.247739
2158		0.236605
2159		0.236944
2160		0.232434
2161		0.218488
2162		0.216397
2163		0.222423
2164		0.231705
2165		0.230112
2166		0.230004
2167		0.218584
2168		0.219934
2169		0.217998
2170		0.211798
2171		0.210231
2172		0.212701
2173		0.206671
2174		0.200829
2175		0.203993
2176		0.198403
2177		0.194263
2178		0.186964
2179		0.184815
2180		0.182106
2181		0.173009
2182		0.166323
2183		0.161744
2184		0.153044
2185		0.143638
2186		0.132407
2187		0.129236
2188		0.120054
2189		0.118627
2190		0.109826
2191		0.104228
2192		0.101875
2193		0.0902469
2194		0.0859414
2195		0.083233
2196		0.076875
2197		0.0773225
2198		0.0730247
2199		0.064294
2200		0.0599344
2201		0.0606019
2202		0.0534491
2203		0.0473843
2204		0.0451235
2205		0.0468056
2206		0.0373148
2207		0.0395795
2208		0.0359954
2209		0.0340548
2210		0.0303819
2211		0.0345293
2212		0.0303858
2213		0.0272608
2214		0.0250579
2215		0.0218287
2216		0.0231211
2217		0.0154012
2218		0.0149614
2219		0.0156867
2220		0.0138117
2221		0.0126312
2222		0.0143441
2223		0.0151852
2224		0.0165895
2225		0.0150154
2226		0.0166512
2227		0.0129938
2228		0.016713
2229		0.0173997
2230		0.0160224
2231		0.0177276
2232		0.0181019
2233		0.0161844
2234		0.0176775
2235		0.0163349
2236		0.016088
2237		0.0174846
2238		0.0169059
2239		0.0186343
2240		0.0171219
2241		0.0188272
2242		0.018966
2243		0.0198843
2244		0.02125
2245		0.0220679
2246		0.0220062
2247		0.0233873
2248		0.0219213
2249		0.0206327
2250		0.0216512
2251		0.0207793
2252		0.0220409
2253		0.0193596
2254		0.0191049
2255		0.0232948
2256		0.0251929
2257		0.0222917
2258		0.0253704
2259		0.0263426
2260		0.0234336
2261		0.0283603
2262		0.0295949
2263		0.0266744
2264		0.0292014
2265		0.0316705
2266		0.0372145
2267		0.041412
2268		0.0478472
2269		0.0640741
2270		0.0677238
2271		0.072554
2272		0.0807909
2273		0.0835147
2274		0.0877199
2275		0.086088
2276		0.0902662
2277		0.0892747
2278		0.0916204
2279		0.0924228
2280		0.0919136
2281		0.0904437
2282		0.0911227
2283		0.0937037
2284		0.100957
2285		0.103133
2286		0.102593
2287		0.104259
2288		0.105772
2289		0.10706
2290		0.108445
2291		0.109877
2292		0.107496
2293		0.108553
2294		0.108414
2295		0.106682
2296		0.107145
2297		0.110293
2298		0.109614
2299		0.112106
2300		0.117901
2301		0.120355
2302		0.122284
2303		0.122924
2304		0.119437
2305		0.11811
2306		0.122446
2307		0.120586
2308		0.122207
2309		0.121358
2310		0.130756
2311		0.118121
2312		0.122261
2313		0.125162
2314		0.126667
2315		0.122936
2316		0.117921
2317		0.113503
2318		0.109005
2319		0.105864
2320		0.104105
2321		0.104236
2322		0.100972
2323		0.102052
2324		0.0970332
2325		0.0919676
2326		0.0931559
2327		0.0888426
2328		0.0872068
2329		0.0837191
2330		0.0829051
2331		0.0782292
2332		0.0717747
2333		0.0736381
2334		0.0712191
2335		0.0666319
2336		0.0712924
2337		0.0649884
2338		0.0615509
2339		0.059973
2340		0.0537191
2341		0.0524846
2342		0.0543364
2343		0.0523225
2344		0.0492593
2345		0.0466705
2346		0.0494676
2347		0.0472917
2348		0.0473071
2349		0.0449074
2350		0.0438889
2351		0.0452932
2352		0.0407523
2353		0.0388735
2354		0.0362693
2355		0.0320718
2356		0.0354398
2357		0.0336651
2358		0.032338
2359		0.0257022
2360		0.0245293
2361		0.0226466
2362		0.0221682
2363		0.0227315
2364		0.0208719
2365		0.018588
2366		0.0208256
2367		0.0179938
2368		0.0170795
2369		0.0165586
2370		0.0171373
2371		0.0152778
2372		0.0159414
2373		0.0154321
2374		0.0157099
2375		0.0153858
2376		0.0130864
2377		0.0134877
2378		0.0156944
2379		0.0161265
2380		0.0189815
2381		0.017446
2382		0.0208333
2383		0.0287346
2384		0.0339583
2385		0.0392824
2386		0.051142
2387		0.0544059
2388		0.0626157
2389		0.0628395
2390		0.060162
2391		0.0544753
2392		0.0540895
2393		0.0513657
2394		0.0501929
2395		0.0505324
2396		0.0467207
2397		0.0435494
2398		0.0399653
2399		0.0360571
2400		0.0337577
2401		0.0307099
2402		0.0340471
2403		0.0331443
2404		0.0403241
2405		0.0435918
2406		0.0415818
2407		0.0525231
2408		0.054483
2409		0.0549151
2410		0.0517901
2411		0.0454012
2412		0.046466
2413		0.0471759
2414		0.0456636
2415		0.0530864
2416		0.0474151
2417		0.0488657
2418		0.0447145
2419		0.0433642
2420		0.0426235
2421		0.0409722
2422		0.0383295
2423		0.0300694
2424		0.0221451
2425		0.0198997
2426		0.0192438
2427		0.0203627
2428		0.0180787
2429		0.0189043
2430		0.0142052
2431		0.014919
2432		0.0173187
2433		0.0264506
2434		0.0322647
2435		0.0350772
2436		0.0443248
2437		0.0468866
2438		0.0507562
2439		0.0490162
2440		0.0549576
2441		0.0531674
2442		0.0548187
2443		0.0560532
2444		0.0571026
2445		0.0594136
2446		0.0597878
2447		0.0600656
2448		0.0640779
2449		0.0627006
2450		0.0615934
2451		0.0622261
2452		0.0638927
2453		0.0639545
2454		0.0638233
2455		0.0669715
2456		0.0672531
2457		0.0721721
2458		0.0721142
2459		0.074919
2460		0.0740008
2461		0.0790741
2462		0.0794599
2463		0.0841474
2464		0.0826119
2465		0.0820448
2466		0.0783256
2467		0.072419
2468		0.0693326
2469		0.0660455
2470		0.060463
2471		0.0578627
2472		0.0534838
2473		0.049483
2474		0.0486034
2475		0.041196
2476		0.0426003
2477		0.0432446
2478		0.0409992
2479		0.0403164
2480		0.0367708
2481		0.0347338
2482		0.0328048
2483		0.0319792
2484		0.0302006
2485		0.0293866
2486		0.028831
2487		0.0285494
2488		0.0302623
2489		0.0336265
2490		0.0321759
2491		0.0345409
2492		0.0328742
2493		0.0316397
2494		0.0347222
2495		0.0354321
2496		0.0364815
2497		0.0344907
2498		0.0350694
2499		0.0349537
2500		0.0386111
2501		0.0390586
2502		0.0369136
2503		0.0379938
2504		0.0422685
2505		0.0420833
2506		0.042963
2507		0.0451543
2508		0.0490432
2509		0.056713
2510		0.0594444
2511		0.0654398
2512		0.0769059
2513		0.0778009
2514		0.0798534
2515		0.0805556
2516		0.0809992
2517		0.0765664
2518		0.074591
2519		0.0760339
2520		0.0759877
2521		0.0756404
2522		0.0778704
2523		0.0762963
2524		0.0789198
2525		0.0797299
2526		0.0783102
2527		0.0738194
2528		0.0737809
2529		0.0711034
2530		0.0693441
2531		0.0730903
2532		0.0763117
2533		0.0743557
2534		0.0702701
2535		0.0760108
2536		0.0819637
2537		0.0768982
2538		0.0768056
2539		0.0826659
2540		0.0848534
2541		0.088642
2542		0.0846914
2543		0.0840278
2544		0.0869753
2545		0.0922222
2546		0.0873302
2547		0.0813735
2548		0.0841512
2549		0.082608
2550		0.0769444
2551		0.0774228
2552		0.0774923
2553		0.0808796
2554		0.0791782
2555		0.075652
2556		0.0761188
2557		0.0704012
2558		0.0695756
2559		0.0728395
2560		0.0724151
2561		0.0608218
2562		0.0496644
2563		0.0406327
2564		0.0399923
2565		0.0365278
2566		0.0322377
2567		0.0318133
2568		0.0310339
2569		0.0284028
2570		0.0266744
2571		0.0231366
2572		0.0208719
2573		0.0166319
2574		0.0154938
2575		0.0165818
2576		0.0138503
2577		0.0130864
2578		0.0149383
2579		0.015
2580		0.0151852
2581		0.0153086
2582		0.0156019
2583		0.013287
2584		0.0155556
2585		0.0151235
2586		0.0158333
2587		0.0133179
2588		0.0136883
2589		0.0142438
2590		0.0161728
2591		0.0136265
2592		0.0136728
2593		0.0135339
2594		0.0138426
2595		0.0146296
2596		0.0145988
2597		0.0146142
2598		0.0138735
2599		0.0158333
2600		0.0137963
2601		0.0139043
2602		0.0160185
2603		0.0160185
2604		0.013966
2605		0.0140586
2606		0.016142
2607		0.0166049
2608		0.0166049
2609		0.0145216
2610		0.0145216
2611		0.0178086
2612		0.0149846
2613		0.0176543
2614		0.0150772
2615		0.0153086
2616		0.0151389
2617		0.0176389
2618		0.0200154
2619		0.019892
2620		0.0201852
2621		0.0183179
2622		0.0171142
2623		0.0194599
2624		0.0199691
2625		0.0279784
2626		0.0334722
2627		0.0374846
2628		0.0423148
2629		0.0494907
2630		0.0497994
2631		0.0537191
2632		0.0537654
2633		0.0536574
2634		0.0561265
2635		0.0583179
2636		0.0605478
2637		0.0669444
2638		0.0702932
2639		0.0768519
2640		0.084483
2641		0.0891049
2642		0.0943673
2643		0.101555
2644		0.101659
2645		0.103179
2646		0.110417
2647		0.115517
2648		0.12228
2649		0.127809
2650		0.13375
2651		0.130826
2652		0.13625
2653		0.138966
2654		0.138179
2655		0.144267
2656		0.147461
2657		0.150015
2658		0.148943
2659		0.154244
2660		0.157211
2661		0.147431
2662		0.156042
2663		0.160883
2664		0.158017
2665		0.167593
2666		0.159946
2667		0.157504
2668		0.16311
2669		0.164799
2670		0.166779
2671		0.16696
2672		0.16277
2673		0.165972
2674		0.161092
2675		0.171292
2676		0.167566
2677		0.170035
2678		0.164248
2679		0.163669
2680		0.167963
2681		0.165274
2682		0.151844
2683		0.149421
2684		0.148515
2685		0.144047
2686		0.111613
2687		0.108688
2688		0.109217
2689		0.113086
2690		0.112461
2691		0.11581
2692		0.10762
2693		0.108989
2694		0.106944
2695		0.096686
2696		0.0970718
2697		0.0841551
2698		0.0758449
2699		0.0708102
2700		0.0648534
2701		0.0648804
2702		0.0643017
2703		0.0623302
2704		0.0615316
2705		0.0627276
2706		0.0672338
2707		0.0671798
2708		0.0672685
2709		0.0637847
2710		0.0583642
2711		0.0563812
2712		0.0537693
2713		0.05375
2714		0.0538156
2715		0.0552353
2716		0.0552739
2717		0.0536535
2718		0.0536998
2719		0.0560455
2720		0.0565162
2721		0.0560802
2722		0.0543904
2723		0.0555941
2724		0.0558796
2725		0.0566011
2726		0.057338
2727		0.0605401
2728		0.0672068
2729		0.0719059
2730		0.0781404
2731		0.0806019
2732		0.0828665
2733		0.0868017
2734		0.0899768
2735		0.091821
2736		0.0943094
2737		0.100629
2738		0.100046
2739		0.0990934
2740		0.100066
2741		0.102141
2742		0.101628
2743		0.105718
2744		0.1024
2745		0.103534
2746		0.103476
2747		0.106181
2748		0.107064
2749		0.112215
2750		0.11554
2751		0.111968
2752		0.112072
2753		0.113372
2754		0.116119
2755		0.118264
2756		0.119726
2757		0.122261
2758		0.122361
2759		0.121273
2760		0.122485
2761		0.122743
2762		0.124336
2763		0.124583
2764		0.124074
2765		0.126458
2766		0.127566
2767		0.131107
2768		0.133117
2769		0.13304
2770		0.134097
2771		0.131439
2772		0.133981
2773		0.136331
2774		0.137442
2775		0.140826
2776		0.142554
2777		0.143704
2778		0.148318
2779		0.147701
2780		0.145413
2781		0.1449
2782		0.14777
2783		0.147948
2784		0.146628
2785		0.145945
2786		0.141624
2787		0.137353
2788		0.140185
2789		0.138573
2790		0.138993
2791		0.138364
2792		0.137778
2793		0.139529
2794		0.140444
2795		0.139568
2796		0.139429
2797		0.141412
2798		0.138981
2799		0.139198
2800		0.141559
2801		0.142292
2802		0.140941
2803		0.140606
2804		0.143453
2805		0.142909
2806		0.143603
2807		0.143711
2808		0.145008
2809		0.145517
2810		0.144961
2811		0.142755
2812		0.144221
2813		0.143341
2814		0.144637
2815		0.143974
2816		0.147145
2817		0.144144
2818		0.14865
2819		0.148372
2820		0.147168
2821		0.14598
2822		0.145702
2823		0.147377
2824		0.145702
2825		0.147199
2826		0.14936
2827		0.149753
2828		0.150023
2829		0.146752
2830		0.14659
2831		0.146948
2832		0.146427
2833		0.146547
2834		0.147508
2835		0.148256
2836		0.149734
2837		0.152569
2838		0.148792
2839		0.150309
2840		0.150004
2841		0.151211
2842		0.150648
2843		0.150571
2844		0.149861
2845		0.149645
2846		0.151917
2847		0.151964
2848		0.152133
2849		0.153792
2850		0.158492
2851		0.161991
2852		0.162701
2853		0.167971
2854		0.16723
2855		0.167025
2856		0.166389
2857		0.163032
2858		0.163939
2859		0.160266
2860		0.158183
2861		0.155031
2862		0.151867
2863		0.147731
2864		0.150571
2865		0.152361
2866		0.150478
2867		0.152562
2868		0.152585
2869		0.149969
2870		0.150417
2871		0.150718
2872		0.150378
2873		0.1499
2874		0.152724
2875		0.152924
2876		0.152778
2877		0.151929
2878		0.155718
2879		0.154676
2880		0.158719
2881		0.160617
2882		0.16196
2883		0.16213
2884		0.162515
2885		0.162932
2886		0.170579
2887		0.173603
2888		0.173711
2889		0.174097
2890		0.175544
2891		0.176898
2892		0.178137
2893		0.181983
2894		0.181852
2895		0.177461
2896		0.179568
2897		0.181427
2898		0.178495
2899		0.1801
2900		0.181458
2901		0.179869
2902		0.180525
2903		0.179853
2904		0.179205
2905		0.179267
2906		0.178002
2907		0.179182
2908		0.179035
2909		0.179715
2910		0.181011
2911		0.172546
2912		0.17284
2913		0.172855
2914		0.173638
2915		0.172276
2916		0.172812
2917		0.175
2918		0.172191
2919		0.172446
2920		0.176227
2921		0.174498
2922		0.177886
2923		0.182566
2924		0.178017
2925		0.181728
2926		0.17936
2927		0.176543
2928		0.177932
2929		0.17409
2930		0.177361
2931		0.176651
2932		0.179718
2933		0.179317
2934		0.178615
2935		0.179132
2936		0.167693
2937		0.171481
2938		0.168233
2939		0.170532
2940		0.174147
2941		0.176292
2942		0.180158
2943		0.184151
2944		0.186536
2945		0.18838
2946		0.197346
2947		0.197978
2948		0.204977
2949		0.213017
2950		0.216767
2951		0.218989
2952		0.223711
2953		0.225201
2954		0.227809
2955		0.233704
2956		0.241937
2957		0.243904
2958		0.251157
2959		0.253017
2960		0.255965
2961		0.269969
2962		0.274552
2963		0.283268
2964		0.283962
2965		0.289464
2966		0.291547
2967		0.297778
2968		0.30272
2969		0.306975
2970		0.31147
2971		0.317612
2972		0.317523
2973		0.322577
2974		0.327342
2975		0.328534
2976		0.33218
2977		0.338491
2978		0.33946
2979		0.341157
2980		0.34091
2981		0.343326
2982		0.346755
2983		0.349796
2984		0.350922
2985		0.355941
2986		0.350494
2987		0.354579
2988		0.354344
2989		0.360085
2990		0.360482
2991		0.366883
2992		0.373098
2993		0.375772
2994		0.377106
2995		0.381146
2996		0.386173
2997		0.39108
2998		0.395802
2999		0.395127
3000		0.401871
3001		0.401941
3002		0.402569
3003		0.405367
3004		0.412975
3005		0.416852
3006		0.419799
3007		0.422215
3008		0.429934
3009		0.435683
3010		0.440745
3011		0.446215
3012		0.45446
3013		0.458669
3014		0.457199
3015		0.464294
3016		0.473171
3017		0.476732
3018		0.48794
3019		0.485513
3020		0.486281
3021		0.493461
3022		0.5025
3023		0.510529
3024		0.509657
3025		0.517442
3026		0.515019
3027		0.513137
3028		0.515737
3029		0.523931
3030		0.521921
3031		0.520239
3032		0.520494
3033		0.516798
3034		0.520162
3035		0.522631
3036		0.513657
3037		0.507924
3038		0.507257
3039		0.51032
3040		0.518499
3041		0.514167
3042		0.519865
3043		0.51488
3044		0.520972
3045		0.519796
3046		0.51782
3047		0.518692
3048		0.517365
3049		0.520143
3050		0.520548
3051		0.522897
3052		0.517758
3053		0.518985
3054		0.519001
3055		0.516617
3056		0.517458
3057		0.513746
3058		0.5162
3059		0.515139
3060		0.523125
3061		0.498823
3062		0.49934
3063		0.496894
3064		0.49924
3065		0.508908
3066		0.51505
3067		0.522002
3068		0.529039
3069		0.531632
3070		0.531539
3071		0.530351
3072		0.526447
3073		0.52292
3074		0.524796
3075		0.529587
3076		0.532581
3077		0.533287
3078		0.525629
3079		0.530652
3080		0.531686
3081		0.539742
3082		0.55255
3083		0.556547
3084		0.557735
3085		0.564657
3086		0.560231
3087		0.562315
3088		0.558673
3089		0.564367
3090		0.565687
3091		0.564144
3092		0.565054
3093		0.563017
3094		0.562407
3095		0.565201
3096		0.570397
3097		0.567473
3098		0.568804
3099		0.563858
3100		0.565687
3101		0.566566
3102		0.576088
3103		0.576373
3104		0.575988
3105		0.571373
3106		0.57289
3107		0.574039
3108		0.576273
3109		0.575826
3110		0.573804
3111		0.541813
3112		0.541466
3113		0.546227
3114		0.548202
3115		0.548603
3116		0.550444
3117		0.547037
3118		0.552103
3119		0.556404
3120		0.557353
3121		0.555779
3122		0.553754
3123		0.557978
3124		0.564614
3125		0.568758
3126		0.568607
3127		0.571238
3128		0.571929
3129		0.574093
3130		0.574101
3131		0.577342
3132		0.571138
3133		0.572311
3134		0.573669
3135		0.576647
3136		0.573904
3137		0.57647
3138		0.579043
3139		0.576775
3140		0.580826
3141		0.582947
3142		0.585062
3143		0.584834
3144		0.585718
3145		0.586906
3146		0.58985
3147		0.595208
3148		0.595143
3149		0.594622
3150		0.598403
3151		0.598164
3152		0.595154
3153		0.593518
3154		0.600633
3155		0.598457
3156		0.601289
3157		0.601728
3158		0.601273
3159		0.603125
3160		0.605301
3161		0.568387
3162		0.569711
3163		0.568225
3164		0.56466
3165		0.570448
3166		0.564529
3167		0.56473
3168		0.571744
3169		0.574171
3170		0.575903
3171		0.575166
3172		0.573357
3173		0.573638
3174		0.576096
3175		0.574834
3176		0.577068
3177		0.576968
3178		0.579452
3179		0.586505
3180		0.587072
3181		0.594618
3182		0.598372
3183		0.600478
3184		0.601613
3185		0.602847
3186		0.605015
3187		0.611705
3188		0.615617
3189		0.616705
3190		0.621042
3191		0.620108
3192		0.625147
3193		0.625247
3194		0.626073
3195		0.630185
3196		0.634568
3197		0.633279
3198		0.630147
3199		0.630633
3200		0.629522
3201		0.63147
3202		0.632631
3203		0.634406
3204		0.637674
3205		0.635706
3206		0.63588
3207		0.635934
3208		0.637145
3209		0.636512
3210		0.635019
3211		0.582948
3212		0.584275
3213		0.585177
3214		0.592242
3215		0.592434
3216		0.588623
3217		0.592515
3218		0.590536
3219		0.593877
3220		0.594471
3221		0.597087
3222		0.595008
3223		0.59674
3224		0.600991
3225		0.600833
3226		0.603318
3227		0.60593
3228		0.605945
3229		0.608735
3230		0.609236
3231		0.612299
3232		0.614549
3233		0.616219
3234		0.617994
3235		0.619255
3236		0.602326
3237		0.606227
3238		0.607002
3239		0.604803
3240		0.607168
3241		0.607265
3242		0.607708
3243		0.609082
3244		0.609988
3245		0.610579
3246		0.608927
3247		0.609946
3248		0.607377
3249		0.608873
3250		0.608873
3251		0.584691
3252		0.586921
3253		0.585729
3254		0.583974
3255		0.584066
3256		0.58885
3257		0.587647
3258		0.587724
3259		0.587785
3260		0.591103
3261		0.587716
3262		0.587897
3263		0.590783
3264		0.597434
3265		0.601099
3266		0.600428
3267		0.599271
3268		0.597153
3269		0.602454
3270		0.601647
3271		0.601647
3272		0.600166
3273		0.600181
3274		0.603453
3275		0.607674
3276		0.609495
3277		0.605382
3278		0.607373
3279		0.612188
3280		0.613407
3281		0.612662
3282		0.613758
3283		0.614637
3284		0.614298
3285		0.617531
3286		0.620417
3287		0.619591
3288		0.62064
3289		0.619838
3290		0.620857
3291		0.622562
3292		0.620733
3293		0.623117
3294		0.627245
3295		0.623603
3296		0.623032
3297		0.622693
3298		0.626466
3299		0.626269
3300		0.626142
3301		0.625857
3302		0.626119
3303		0.625887
3304		0.624591
3305		0.625478
3306		0.625494
3307		0.625995
3308		0.627153
3309		0.625378
3310		0.624498
3311		0.578148
3312		0.576551
3313		0.583372
3314		0.583017
3315		0.58304
3316		0.586235
3317		0.587716
3318		0.589792
3319		0.587747
3320		0.585856
3321		0.584036
3322		0.586914
3323		0.589097
3324		0.590285
3325		0.590301
3326		0.598511
3327		0.596755
3328		0.59091
3329		0.592747
3330		0.592022
3331		0.592654
3332		0.593742
3333		0.59669
3334		0.59902
3335		0.599159
3336		0.603248
3337		0.605463
3338		0.601813
3339		0.605795
3340		0.603692
3341		0.601555
3342		0.603893
3343		0.608036
3344		0.611146
3345		0.612157
3346		0.610876
3347		0.610606
3348		0.611485
3349		0.609907
3350		0.61434
3351		0.617732
3352		0.6176
3353		0.617052
3354		0.618549
3355		0.618781
3356		0.617747
3357		0.615772
3358		0.617631
3359		0.618827
3360		0.617932
3361		0.624471
3362		0.621142
3363		0.62125
3364		0.62338
3365		0.622515
3366		0.625725
3367		0.625201
3368		0.625644
3369		0.621663
3370		0.624248
3371		0.627747
3372		0.626732
3373		0.633615
3374		0.629005
3375		0.631227
3376		0.630845
3377		0.630019
3378		0.629437
3379		0.625204
3380		0.62593
3381		0.628071
3382		0.628221
3383		0.630764
3384		0.629595
3385		0.628349
3386		0.588152
3387		0.587693
3388		0.5888
3389		0.593553
3390		0.594838
3391		0.597446
3392		0.600671
3393		0.597168
3394		0.596921
3395		0.596998
3396		0.598634
3397		0.600934
3398		0.600409
3399		0.604259
3400		0.605363
3401		0.605046
3402		0.604136
3403		0.604884
3404		0.606867
3405		0.609861
3406		0.611721
3407		0.610872
3408		0.610301
3409		0.608927
3410		0.610548
3411		0.596196
3412		0.596991
3413		0.600394
3414		0.601505
3415		0.597137
3416		0.600401
3417		0.598032
3418		0.600239
3419		0.599996
3420		0.598383
3421		0.594097
3422		0.600733
3423		0.601138
3424		0.601779
3425		0.604155
3426		0.603758
3427		0.600853
3428		0.6062
3429		0.609124
3430		0.605575
3431		0.606956
3432		0.6099
3433		0.609437
3434		0.61108
3435		0.609792
3436		0.609124
3437		0.608549
3438		0.608596
3439		0.609197
3440		0.607693
3441		0.609861
3442		0.608457
3443		0.610849
3444		0.610833
3445		0.610818
3446		0.610718
3447		0.61125
3448		0.611358
3449		0.614745
3450		0.613742
3451		0.617045
3452		0.613873
3453		0.615108
3454		0.618094
3455		0.617346
3456		0.619244
3457		0.620232
3458		0.621466
3459		0.622809
3460		0.622145
3461		0.594059
3462		0.596798
3463		0.598295
3464		0.601566
3465		0.601725
3466		0.601238
3467		0.602515
3468		0.604217
3469		0.60235
3470		0.606065
3471		0.604421
3472		0.604028
3473		0.606458
3474		0.607388
3475		0.608507
3476		0.606273
3477		0.608356
3478		0.609371
3479		0.611678
3480		0.612739
3481		0.620965
3482		0.617569
3483		0.618056
3484		0.620471
3485		0.62142
3486		0.612164
3487		0.612616
3488		0.612797
3489		0.616408
3490		0.615937
3491		0.625444
3492		0.623484
3493		0.629279
3494		0.629668
3495		0.633557
3496		0.630675
3497		0.635498
3498		0.63336
3499		0.635667
3500		0.634101
3501		0.617708
3502		0.619907
3503		0.621713
3504		0.620764
3505		0.620826
3506		0.623372
3507		0.625039
3508		0.624522
3509		0.623248
3510		0.625872
3511		0.566339
3512		0.567546
3513		0.568715
3514		0.56299
3515		0.569317
3516		0.571385
3517		0.573005
3518		0.577187
3519		0.577797
3520		0.579579
3521		0.58039
3522		0.580934
3523		0.582384
3524		0.588113
3525		0.587785
3526		0.589398
3527		0.594745
3528		0.598063
3529		0.600741
3530		0.601304
3531		0.601458
3532		0.603449
3533		0.602168
3534		0.604715
3535		0.604375
3536		0.612512
3537		0.612326
3538		0.610235
3539		0.610409
3540		0.611096
3541		0.611929
3542		0.611867
3543		0.617975
3544		0.61745
3545		0.61799
3546		0.6211
3547		0.62277
3548		0.621829
3549		0.62439
3550		0.62613
3551		0.627535
3552		0.626991
3553		0.627114
3554		0.628831
3555		0.626578
3556		0.628287
3557		0.627469
3558		0.627766
3559		0.630293
3560		0.629684
3561		0.618113
3562		0.61934
3563		0.623719
3564		0.62125
3565		0.62488
3566		0.627924
3567		0.62691
3568		0.626964
3569		0.625903
3570		0.636937
3571		0.636223
3572		0.640841
3573		0.637438
3574		0.641339
3575		0.644811
3576		0.644796
3577		0.646339
3578		0.649356
3579		0.652338
3580		0.649128
3581		0.649441
3582		0.649915
3583		0.653862
3584		0.650386
3585		0.653318
3586		0.653179
3587		0.649321
3588		0.648387
3589		0.648904
3590		0.651655
3591		0.651458
3592		0.649248
3593		0.65162
3594		0.64934
3595		0.621921
3596		0.620972
3597		0.624545
3598		0.628032
3599		0.629518
3600		0.629502
3601		0.629425
3602		0.631578
3603		0.627091
3604		0.62809
3605		0.631771
3606		0.63137
3607		0.631316
3608		0.633472
3609		0.633522
3610		0.633422
3611		0.63451
3612		0.63505
3613		0.635143
3614		0.636346
3615		0.635976
3616		0.633229
3617		0.634788
3618		0.636208
3619		0.63789
3620		0.592832
3621		0.597785
3622		0.603881
3623		0.600293
3624		0.604742
3625		0.609174
3626		0.610212
3627		0.610428
3628		0.611331
3629		0.61093
3630		0.614645
3631		0.617211
3632		0.61637
3633		0.621686
3634		0.621833
3635		0.624448
3636		0.628144
3637		0.630953
3638		0.63527
3639		0.63576
3640		0.63816
3641		0.635143
3642		0.635428
3643		0.639317
3644		0.638785
3645		0.646489
3646		0.644931
3647		0.643854
3648		0.643098
3649		0.641767
3650		0.643573
3651		0.643985
3652		0.65044
3653		0.64613
3654		0.64706
3655		0.646385
3656		0.646852
3657		0.647677
3658		0.649498
3659		0.649711
3660		0.644468
3661		0.646898
3662		0.647716
3663		0.648468
3664		0.648495
3665		0.64686
3666		0.650417
3667		0.649491
3668		0.64784
3669		0.650262
3670		0.617272
3671		0.617809
3672		0.625309
3673		0.621142
3674		0.624375
3675		0.622712
3676		0.623684
3677		0.624869
3678		0.621829
3679		0.625459
3680		0.620293
3681		0.623403
3682		0.630262
3683		0.632311
3684		0.62961
3685		0.633819
3686		0.632072
3687		0.636169
3688		0.632805
3689		0.636204
3690		0.633071
3691		0.635741
3692		0.630826
3693		0.636157
3694		0.635177
3695		0.629892
3696		0.631034
3697		0.632778
3698		0.630162
3699		0.629907
3700		0.625123
3701		0.626034
3702		0.625664
3703		0.628534
3704		0.627218
3705		0.631231
3706		0.629726
3707		0.632496
3708		0.635783
3709		0.637315
3710		0.639437
3711		0.640447
3712		0.640428
3713		0.643573
3714		0.646848
3715		0.646319
3716		0.645984
3717		0.645764
3718		0.647137
3719		0.646397
3720		0.613804
3721		0.615779
3722		0.616975
3723		0.620756
3724		0.623719
3725		0.619078
3726		0.619209
3727		0.620559
3728		0.620552
3729		0.618229
3730		0.617913
3731		0.616979
3732		0.618546
3733		0.620702
3734		0.61738
3735		0.619024
3736		0.619687
3737		0.619796
3738		0.623503
3739		0.62652
3740		0.626767
3741		0.624753
3742		0.624606
3743		0.624035
3744		0.62186
3745		0.611343
3746		0.611752
3747		0.613684
3748		0.613993
3749		0.612438
3750		0.614298
3751		0.598241
3752		0.603862
3753		0.599645
3754		0.600258
3755		0.604579
3756		0.603376
3757		0.606208
3758		0.613075
3759		0.61137
3760		0.616034
3761		0.613873
3762		0.615147
3763		0.612184
3764		0.616157
3765		0.614113
3766		0.620069
3767		0.615895
3768		0.616721
3769		0.615571
3770		0.563526
3771		0.56608
3772		0.571227
3773		0.571674
3774		0.574599
3775		0.573218
3776		0.576744
3777		0.577377
3778		0.576748
3779		0.575366
3780		0.575644
3781		0.575729
3782		0.579167
3783		0.579012
3784		0.581157
3785		0.580748
3786		0.583102
3787		0.587361
3788		0.588796
3789		0.587747
3790		0.586914
3791		0.588252
3792		0.59103
3793		0.592296
3794		0.594718
3795		0.583387
3796		0.582415
3797		0.589437
3798		0.590718
3799		0.590301
3800		0.593561
3801		0.593391
3802		0.594688
3803		0.600667
3804		0.601655
3805		0.602365
3806		0.60032
3807		0.601628
3808		0.603025
3809		0.60642
3810		0.604661
3811		0.60537
3812		0.604144
3813		0.606667
3814		0.608569
3815		0.609456
3816		0.611416
3817		0.613843
3818		0.615054
3819		0.618657
3820		0.627465
3821		0.626539
3822		0.629711
3823		0.628542
3824		0.631269
3825		0.629325
3826		0.635714
3827		0.630174
3828		0.63429
3829		0.636887
3830		0.635899
3831		0.637774
3832		0.641725
3833		0.641701
3834		0.642172
3835		0.644468
3836		0.645467
3837		0.652519
3838		0.650644
3839		0.650806
3840		0.650914
3841		0.651906
3842		0.654622
3843		0.65696
3844		0.657384
3845		0.653414
3846		0.650733
3847		0.652948
3848		0.659282
3849		0.656211
3850		0.660393
3851		0.6601
3852		0.664221
3853		0.66436
3854		0.66919
3855		0.671072
3856		0.675147
3857		0.677778
3858		0.678457
3859		0.67863
3860		0.68091
3861		0.686169
3862		0.689321
3863		0.687099
3864		0.689525
3865		0.687801
3866		0.686273
3867		0.686925
3868		0.683546
3869		0.683974
3870		0.630367
3871		0.628692
3872		0.631073
3873		0.630529
3874		0.632114
3875		0.634958
3876		0.634352
3877		0.632234
3878		0.635397
3879		0.637971
3880		0.637812
3881		0.645197
3882		0.648268
3883		0.645428
3884		0.642249
3885		0.643044
3886		0.641073
3887		0.644714
3888		0.645039
3889		0.646728
3890		0.645447
3891		0.646111
3892		0.650216
3893		0.651732
3894		0.6536
3895		0.659568
3896		0.654715
3897		0.660613
3898		0.660417
3899		0.663862
3900		0.663491
3901		0.663924
3902		0.662045
3903		0.668858
3904		0.667824
3905		0.671902
3906		0.677454
3907		0.676566
3908		0.673974
3909		0.674842
3910		0.674093
3911		0.678418
3912		0.679383
3913		0.676844
3914		0.678758
3915		0.680015
3916		0.678997
3917		0.67939
3918		0.677932
3919		0.678387
3920		0.652334
3921		0.652103
3922		0.65022
3923		0.656543
3924		0.659707
3925		0.656944
3926		0.657932
3927		0.660015
3928		0.658534
3929		0.653746
3930		0.658353
3931		0.658885
3932		0.658812
3933		0.661748
3934		0.659626
3935		0.658993
3936		0.660081
3937		0.65767
3938		0.659838
3939		0.662535
3940		0.665656
3941		0.662307
3942		0.667068
3943		0.665393
3944		0.669221
3945		0.642353
3946		0.646443
3947		0.649429
3948		0.649595
3949		0.652118
3950		0.646169
3951		0.649633
3952		0.64485
3953		0.647735
3954		0.645216
3955		0.651296
3956		0.651505
3957		0.660505
3958		0.655054
3959		0.652076
3960		0.652809
3961		0.654321
3962		0.650108
3963		0.656219
3964		0.658711
3965		0.657743
3966		0.658511
3967		0.661821
3968		0.667747
3969		0.665069
3970		0.666597
3971		0.670309
3972		0.671003
3973		0.671535
3974		0.672245
3975		0.674421
3976		0.676235
3977		0.677392
3978		0.674444
3979		0.67571
3980		0.681142
3981		0.683819
3982		0.684768
3983		0.68321
3984		0.681385
3985		0.683584
3986		0.67647
3987		0.678275
3988		0.674761
3989		0.67772
3990		0.679799
3991		0.686381
3992		0.687083
3993		0.687882
3994		0.688584
3995		0.666852
3996		0.664356
3997		0.667002
3998		0.661775
3999		0.66054
4000		0.657955
4001		0.636335
4002		0.639734
4003		0.643553
4004		0.641937
4005		0.644379
4006		0.656022
4007		0.656559
4008		0.656802
4009		0.661613
4010		0.663318
4011		0.664919
4012		0.662323
4013		0.663383
4014		0.661802
4015		0.665818
4016		0.664487
4017		0.666103
4018		0.665467
4019		0.664853
4020		0.632998
4021		0.632137
4022		0.630486
4023		0.631528
4024		0.636296
4025		0.636385
4026		0.634144
4027		0.638681
4028		0.640054
4029		0.648345
4030		0.64782
4031		0.651335
4032		0.6476
4033		0.645278
4034		0.656516
4035		0.652454
4036		0.649302
4037		0.651921
4038		0.657392
4039		0.669097
4040		0.671258
4041		0.671377
4042		0.665745
4043		0.662442
4044		0.661532
4045		0.614429
4046		0.612249
4047		0.611713
4048		0.615995
4049		0.620621
4050		0.61534
4051		0.619124
4052		0.626319
4053		0.623461
4054		0.621655
4055		0.629819
4056		0.638673
4057		0.637789
4058		0.628762
4059		0.620629
4060		0.630467
4061		0.626902
4062		0.63353
4063		0.635598
4064		0.640571
4065		0.639367
4066		0.643627
4067		0.635579
4068		0.639579
4069		0.635598
4070		0.657137
4071		0.658407
4072		0.660598
4073		0.669634
4074		0.666713
4075		0.661767
4076		0.671628
4077		0.670158
4078		0.66738
4079		0.658654
4080		0.66461
4081		0.661848
4082		0.664286
4083		0.668534
4084		0.66934
4085		0.668785
4086		0.667562
4087		0.669348
4088		0.673576
4089		0.673742
4090		0.675401
4091		0.675042
4092		0.67581
4093		0.675208
4094		0.676632
4095		0.652049
4096		0.654641
4097		0.651921
4098		0.654205
4099		0.65843
4100		0.660235
4101		0.665189
4102		0.658677
4103		0.663403
4104		0.663735
4105		0.660498
4106		0.667222
4107		0.666798
4108		0.666732
4109		0.654657
4110		0.654541
4111		0.659317
4112		0.662604
4113		0.663519
4114		0.667053
4115		0.66265
4116		0.66505
4117		0.666011
4118		0.666397
4119		0.669745
4120		0.680548
4121		0.681609
4122		0.683005
4123		0.681373
4124		0.683916
4125		0.682326
4126		0.682546
4127		0.681763
4128		0.683125
4129		0.679861
4130		0.67863
4131		0.679452
4132		0.682438
4133		0.682786
4134		0.690027
4135		0.687554
4136		0.687157
4137		0.686273
4138		0.680212
4139		0.684005
4140		0.676721
4141		0.68162
4142		0.681092
4143		0.684055
4144		0.681941
4145		0.617056
4146		0.620818
4147		0.618488
4148		0.619348
4149		0.624533
4150		0.625756
4151		0.625127
4152		0.626474
4153		0.6351
4154		0.630494
4155		0.630455
4156		0.634884
4157		0.637172
4158		0.642515
4159		0.652241
4160		0.656103
4161		0.652323
4162		0.658735
4163		0.661397
4164		0.661258
4165		0.659526
4166		0.665019
4167		0.664298
4168		0.663453
4169		0.669286
4170		0.655447
4171		0.660957
4172		0.663839
4173		0.655783
4174		0.657936
4175		0.67571
4176		0.674722
4177		0.670432
4178		0.677269
4179		0.677809
4180		0.68091
4181		0.690235
4182		0.691046
4183		0.695266
4184		0.695602
4185		0.694641
4186		0.690455
4187		0.694174
4188		0.693306
4189		0.69608
4190		0.699421
4191		0.703001
4192		0.70686
4193		0.702785
4194		0.706235
4195		0.696671
4196		0.692786
4197		0.698974
4198		0.696956
4199		0.701474
4200		0.700957
4201		0.709965
4202		0.706887
4203		0.707496
4204		0.706574
4205		0.706196
4206		0.711019
4207		0.712006
4208		0.720069
4209		0.717022
4210		0.720772
4211		0.724579
4212		0.716825
4213		0.720895
4214		0.721998
4215		0.723569
4216		0.720432
4217		0.722334
4218		0.721547
4219		0.722357
4220		0.684086
4221		0.685147
4222		0.681343
4223		0.68728
4224		0.687419
4225		0.677307
4226		0.67635
4227		0.672608
4228		0.676902
4229		0.679398
4230		0.679572
4231		0.68088
4232		0.674614
4233		0.675945
4234		0.682681
4235		0.691991
4236		0.691543
4237		0.694128
4238		0.689089
4239		0.687832
4240		0.648646
4241		0.639321
4242		0.652068
4243		0.636809
4244		0.617677
4245		0.615945
4246		0.617909
4247		0.614417
4248		0.607056
4249		0.602087
4250		0.606844
4251		0.571617
4252		0.573954
4253		0.571385
4254		0.575544
4255		0.551697
4256		0.548337
4257		0.547234
4258		0.546219
4259		0.543665
4260		0.546092
4261		0.543183
4262		0.540868
4263		0.532508
4264		0.537689
4265		0.541354
4266		0.54157
4267		0.551563
4268		0.554699
4269		0.558175
4270		0.549742
4271		0.565529
4272		0.569363
4273		0.579286
4274		0.588275
4275		0.587126
4276		0.591771
4277		0.594236
4278		0.593596
4279		0.590498
4280		0.591474
4281		0.598318
4282		0.600077
4283		0.606532
4284		0.603765
4285		0.609255
4286		0.612986
4287		0.619568
4288		0.628148
4289		0.636115
4290		0.6312
4291		0.637068
4292		0.654394
4293		0.64353
4294		0.6436
4295		0.644576
4296		0.645258
4297		0.652944
4298		0.661721
4299		0.664035
4300		0.673457
4301		0.662901
4302		0.658279
4303		0.652122
4304		0.655081
4305		0.649637
4306		0.654174
4307		0.649923
4308		0.653248
4309		0.655201
4310		0.660691
4311		0.65598
4312		0.666184
4313		0.665737
4314		0.670945
4315		0.669147
4316		0.671925
4317		0.675039
4318		0.660174
4319		0.659981
4320		0.640436
4321		0.64282
4322		0.647133
4323		0.638422
4324		0.636362
4325		0.6314
4326		0.625556
4327		0.632851
4328		0.62289
4329		0.622076
4330		0.612724
4331		0.610849
4332		0.613939
4333		0.612863
4334		0.611721
4335		0.61233
4336		0.603858
4337		0.597423
4338		0.595856
4339		0.594363
4340		0.594815
4341		0.603322
4342		0.607705
4343		0.610123
4344		0.615471
4345		0.598098
4346		0.604595
4347		0.60826
4348		0.627986
4349		0.627473
4350		0.627566
4351		0.631354
4352		0.632616
4353		0.629684
4354		0.633565
4355		0.634344
4356		0.629877
4357		0.631404
4358		0.624799
4359		0.620139
4360		0.625355
4361		0.622149
4362		0.626632
4363		0.619595
4364		0.621929
4365		0.620505
4366		0.619969
4367		0.61784
4368		0.616883
4369		0.62169
4370		0.625992
4371		0.625887
4372		0.634877
4373		0.637789
4374		0.634776
4375		0.638056
4376		0.635409
4377		0.631813
4378		0.634576
4379		0.627488
4380		0.63017
4381		0.634186
4382		0.629784
4383		0.627218
4384		0.634321
4385		0.629865
4386		0.632311
4387		0.63429
4388		0.627847
4389		0.624475
4390		0.619981
4391		0.622377
4392		0.621856
4393		0.615752
4394		0.602867
4395		0.60159
4396		0.595856
4397		0.581948
4398		0.575748
4399		0.569186
4400		0.55505
4401		0.555401
4402		0.55152
4403		0.542288
4404		0.540436
4405		0.541258
4406		0.536026
4407		0.532739
4408		0.534201
4409		0.536659
4410		0.533515
4411		0.530255
4412		0.526181
4413		0.523245
4414		0.528573
4415		0.530613
4416		0.526586
4417		0.52321
4418		0.515193
4419		0.515884
4420		0.502774
4421		0.505116
4422		0.503295
4423		0.51179
4424		0.510243
4425		0.507446
4426		0.514745
4427		0.515502
4428		0.519147
4429		0.532658
4430		0.535876
4431		0.538198
4432		0.544645
4433		0.549124
4434		0.551223
4435		0.55037
4436		0.550772
4437		0.55152
4438		0.546312
4439		0.544965
4440		0.547184
4441		0.549113
4442		0.553573
4443		0.549715
4444		0.550806
4445		0.564294
4446		0.56902
4447		0.571208
4448		0.573993
4449		0.57088
4450		0.574417
4451		0.579718
4452		0.588048
4453		0.585359
4454		0.592951
4455		0.59409
4456		0.602249
4457		0.606655
4458		0.615316
4459		0.618954
4460		0.622315
4461		0.623657
4462		0.626501
4463		0.629267
4464		0.62914
4465		0.629163
4466		0.625976
4467		0.621377
4468		0.61961
4469		0.621578
4470		0.592195
4471		0.590027
4472		0.592542
4473		0.595008
4474		0.595691
4475		0.599722
4476		0.587361
4477		0.587743
4478		0.586377
4479		0.586265
4480		0.580235
4481		0.581208
4482		0.57588
4483		0.570502
4484		0.565922
4485		0.561875
4486		0.550235
4487		0.538445
4488		0.530494
4489		0.525934
4490		0.515228
4491		0.517685
4492		0.504101
4493		0.497496
4494		0.491667
4495		0.484865
4496		0.476836
4497		0.477292
4498		0.478233
4499		0.477867
4500		0.477404
4501		0.465756
4502		0.467245
4503		0.470706
4504		0.482662
4505		0.486605
4506		0.488835
4507		0.495212
4508		0.492272
4509		0.492562
4510		0.492218
4511		0.494522
4512		0.490185
4513		0.492809
4514		0.489144
4515		0.487265
4516		0.487419
4517		0.488048
4518		0.483376
4519		0.478561
4520		0.446316
4521		0.458661
4522		0.460224
4523		0.458117
4524		0.461806
4525		0.472427
4526		0.464745
4527		0.473785
4528		0.474194
4529		0.487496
4530		0.501346
4531		0.497326
4532		0.501682
4533		0.494753
4534		0.487168
4535		0.485193
4536		0.481802
4537		0.472404
4538		0.471161
4539		0.474279
4540		0.472473
4541		0.473711
4542		0.477596
4543		0.482728
4544		0.474792
4545		0.460409
4546		0.463484
4547		0.468461
4548		0.468846
4549		0.468117
4550		0.46647
4551		0.46115
4552		0.462743
4553		0.464684
4554		0.473935
4555		0.484143
4556		0.482874
4557		0.485255
4558		0.456478
4559		0.455648
4560		0.450054
4561		0.451574
4562		0.449082
4563		0.443526
4564		0.459637
4565		0.452546
4566		0.451211
4567		0.450216
4568		0.451979
4569		0.45554
4570		0.441736
4571		0.424178
4572		0.434325
4573		0.445872
4574		0.449533
4575		0.454992
4576		0.462137
4577		0.454055
4578		0.458206
4579		0.455135
4580		0.457025
4581		0.451458
4582		0.45586
4583		0.457589
4584		0.459086
4585		0.455228
4586		0.451427
4587		0.45287
4588		0.444043
4589		0.448584
4590		0.454429
4591		0.460775
4592		0.469545
4593		0.479529
4594		0.479066
4595		0.446674
4596		0.449846
4597		0.457033
4598		0.461709
4599		0.454379
4600		0.459302
4601		0.454657
4602		0.456103
4603		0.446725
4604		0.445926
4605		0.451262
4606		0.439167
4607		0.434641
4608		0.435201
4609		0.437303
4610		0.43853
4611		0.435829
4612		0.428881
4613		0.418893
4614		0.415023
4615		0.410525
4616		0.410185
4617		0.41115
4618		0.411474
4619		0.400799
4620		0.388272
4621		0.385309
4622		0.38929
4623		0.389055
4624		0.375814
4625		0.366181
4626		0.360204
4627		0.361736
4628		0.351042
4629		0.3475
4630		0.346026
4631		0.346678
4632		0.346987
4633		0.351617
4634		0.344059
4635		0.339784
4636		0.339425
4637		0.337566
4638		0.338974
4639		0.343982
4640		0.354113
4641		0.35434
4642		0.346277
4643		0.35662
4644		0.353287
4645		0.357122
4646		0.362018
4647		0.366204
4648		0.369691
4649		0.376489
4650		0.372905
4651		0.386138
4652		0.398206
4653		0.39456
4654		0.398708
4655		0.410679
4656		0.410301
4657		0.418372
4658		0.421262
4659		0.41988
4660		0.402323
4661		0.400459
4662		0.400783
4663		0.407766
4664		0.399452
4665		0.402523
4666		0.395039
4667		0.396443
4668		0.396763
4669		0.395683
4670		0.391624
4671		0.391975
4672		0.375922
4673		0.368453
4674		0.369965
4675		0.365135
4676		0.356192
4677		0.354163
4678		0.349032
4679		0.342801
4680		0.337998
4681		0.322905
4682		0.322836
4683		0.321115
4684		0.316875
4685		0.3111
4686		0.305062
4687		0.314348
4688		0.318005
4689		0.317971
4690		0.320131
4691		0.316844
4692		0.317708
4693		0.307033
4694		0.307797
4695		0.293661
4696		0.296439
4697		0.288322
4698		0.292141
4699		0.294734
4700		0.303792
4701		0.299788
4702		0.305745
4703		0.303897
4704		0.299965
4705		0.31289
4706		0.315953
4707		0.318021
4708		0.32309
4709		0.327975
4710		0.33429
4711		0.34402
4712		0.342118
4713		0.347589
4714		0.352052
4715		0.36108
4716		0.360702
4717		0.364931
4718		0.373534
4719		0.374363
4720		0.381416
4721		0.377469
4722		0.363295
4723		0.369213
4724		0.370918
4725		0.371049
4726		0.358229
4727		0.366524
4728		0.367068
4729		0.369167
4730		0.359811
4731		0.355563
4732		0.354522
4733		0.352593
4734		0.350613
4735		0.349927
4736		0.353098
4737		0.355224
4738		0.350972
4739		0.343939
4740		0.346941
4741		0.337708
4742		0.338272
4743		0.341184
4744		0.335721
4745		0.318287
4746		0.316061
4747		0.310193
4748		0.306601
4749		0.306871
4750		0.298638
4751		0.269375
4752		0.275872
4753		0.280216
4754		0.269035
4755		0.265845
4756		0.255748
4757		0.238125
4758		0.235648
4759		0.221412
4760		0.21191
4761		0.211593
4762		0.198981
4763		0.191381
4764		0.184757
4765		0.178225
4766		0.169225
4767		0.166686
4768		0.164344
4769		0.166539
4770		0.159421
4771		0.150945
4772		0.154761
4773		0.158044
4774		0.151929
4775		0.135131
4776		0.134784
4777		0.12216
4778		0.113383
4779		0.111447
4780		0.112226
4781		0.102539
4782		0.101678
4783		0.0929398
4784		0.0824306
4785		0.0801427
4786		0.0728974
4787		0.0684221
4788		0.0650733
4789		0.0548997
4790		0.0508102
4791		0.0455015
4792		0.0402739
4793		0.0357485
4794		0.031821
4795		0.0263465
4796		0.023179
4797		0.0212539
4798		0.0201582
4799		0.0165123
4800		0.0174961
4801		0.0116667
4802		0.00881944
4803		0.00671296
4804		0.00385802
4805		0.00523148
4806		0.00359568
4807		0.0037963
4808		0.00405093
4809		0.00380401
4810		0.00628472
4811		0.00609954
4812		0.00418981
4813		0.00440586
4814		0.00631944
4815		0.00469907
4816		0.00488812
4817		0.00470679
4818		0.00671296
4819		0.00466049
4820		0.00447531
4821		0.0045679
4822		0.00861111
4823		0.00746914
4824		0.00736111
4825		0.00571759
4826		0.0077392
4827		0.00589506
4828		0.00785494
4829		0.00770062
4830		0.00595679
4831		0.00798611
4832		0.00575617
4833		0.00563272
4834		0.0120216
4835		0.0118673
4836		0.014213
4837		0.0118827
4838		0.0118981
4839		0.0121914
4840		0.0126235
4841		0.0125154
4842		0.0129012
4843		0.0155556
4844		0.013642
4845		0.0138426
4846		0.0139969
4847		0.0156752
4848		0.0176543
4849		0.0133951
4850		0.015463
4851		0.0170988
4852		0.0177469
4853		0.0177006
4854		0.01576
4855		0.0162654
4856		0.0165278
4857		0.0162346
4858		0.0158951
4859		0.0141049
4860		0.0148765
4861		0.0129784
4862		0.0125309
4863		0.0128241
4864		0.0124691
4865		0.0118364
4866		0.0120216
4867		0.0110802
4868		0.0112037
4869		0.0107407
4870		0.0110648
4871		0.0109568
4872		0.0108951
4873		0.0108179
4874		0.0124537
4875		0.0112654
4876		0.0125309
4877		0.0123148
4878		0.0122994
4879		0.0123302
4880		0.0121605
4881		0.0121914
4882		0.0126852
4883		0.0131944
4884		0.0151543
4885		0.014784
4886		0.0147685
4887		0.0150463
4888		0.0150926
4889		0.0153241
4890		0.015216
4891		0.0157099
4892		0.0155247
4893		0.0154938
4894		0.0152315
4895		0.0148148
4896		0.0152778
4897		0.0183179
4898		0.0170833
4899		0.020108
4900		0.0191512
4901		0.0215123
4902		0.0207407
4903		0.0210957
4904		0.0208642
4905		0.0207022
4906		0.0174383
4907		0.0189506
4908		0.0196296
4909		0.0157253
4910		0.0153549
4911		0.0122377
4912		0.00850309
4913		0.00969136
4914		0.00817901
4915		0.00733025
4916		0.00969136
4917		0.0157716
4918		0.022037
4919		0.02625
4920		0.0357755
4921		0.0365741
4922		0.0363889
4923		0.042392
4924		0.0424846
4925		0.043858
4926		0.0529475
4927		0.0651698
4928		0.0686574
4929		0.0795833
4930		0.0892747
4931		0.0914236
4932		0.0978781
4933		0.0962616
4934		0.0922454
4935		0.0977623
4936		0.0983333
4937		0.0979167
4938		0.0994174
4939		0.10135
4940		0.101439
4941		0.103866
4942		0.105926
4943		0.104506
4944		0.105282
4945		0.103931
4946		0.10576
4947		0.110347
4948		0.110822
4949		0.107315
4950		0.112693
4951		0.110656
4952		0.111096
4953		0.104637
4954		0.10534
4955		0.101713
4956		0.103179
4957		0.0950694
4958		0.0960339
4959		0.085054
4960		0.088341
4961		0.0881636
4962		0.0808179
4963		0.0741667
4964		0.0760417
4965		0.0722377
4966		0.0690741
4967		0.0712731
4968		0.0672145
4969		0.0705594
4970		0.0664352
4971		0.0650424
4972		0.0555903
4973		0.0606019
4974		0.0610494
4975		0.066875
4976		0.0671296
4977		0.067338
4978		0.0607176
4979		0.066223
4980		0.0597492
4981		0.0564275
4982		0.056902
4983		0.0593673
4984		0.0555093
4985		0.0508102
4986		0.0526698
4987		0.0533796
4988		0.0515046
4989		0.0522184
4990		0.0574306
4991		0.0564892
4992		0.0546373
4993		0.0601389
4994		0.0581173
4995		0.0569676
4996		0.0623611
4997		0.0657909
4998		0.0670293
4999		0.071385
5000		0.0728395
5001		0.0717245
5002		0.0676852
5003		0.0682446
5004		0.067608
5005		0.0720216
5006		0.0722377
5007		0.0797685
5008		0.084267
5009		0.0690123
5010		0.0635185
5011		0.0618827
5012		0.0610301
5013		0.0574151
5014		0.0534182
5015		0.0486806
5016		0.039483
5017		0.0385108
5018		0.0408796
5019		0.0445679
5020		0.0460725
5021		0.0461111
5022		0.0435185
5023		0.0397955
5024		0.0417438
5025		0.036929
5026		0.0370216
5027		0.0344136
5028		0.0319985
5029		0.028696
5030		0.0274074
5031		0.0232176
5032		0.0208256
5033		0.0183565
5034		0.0191127
5035		0.0174769
5036		0.015787
5037		0.0174074
5038		0.0191512
5039		0.0155324
5040		0.0151042
5041		0.0174923
5042		0.0186034
5043		0.018966
5044		0.0246605
5045		0.0233333
5046		0.0318364
5047		0.0328395
5048		0.0415394
5049		0.0470525
5050		0.0586265
5051		0.0693056
5052		0.0827315
5053		0.0947222
5054		0.102068
5055		0.113889
5056		0.12348
5057		0.129826
5058		0.140965
5059		0.150826
5060		0.15662
5061		0.16838
5062		0.177222
5063		0.181505
5064		0.195625
5065		0.205806
5066		0.208727
5067		0.224167
5068		0.232037
5069		0.238858
5070		0.247778
5071		0.261188
5072		0.262257
5073		0.268079
5074		0.271269
5075		0.272986
5076		0.284583
5077		0.285486
5078		0.285274
5079		0.295772
5080		0.289838
5081		0.289552
5082		0.277994
5083		0.28412
5084		0.298125
5085		0.295486
5086		0.2875
5087		0.287616
5088		0.28304
5089		0.269144
5090		0.267392
5091		0.262018
5092		0.255274
5093		0.254792
5094		0.255702
5095		0.2489
5096		0.24966
5097		0.245478
5098		0.242546
5099		0.241238
5100		0.23358
5101		0.229568
5102		0.22483
5103		0.217747
5104		0.208341
5105		0.206458
5106		0.20017
5107		0.188048
5108		0.18066
5109		0.178657
5110		0.164684
5111		0.16091
5112		0.147917
5113		0.136906
5114		0.131995
5115		0.122612
5116		0.10902
5117		0.103704
5118		0.0942593
5119		0.0833565
5120		0.0804167
5121		0.0691744
5122		0.0563117
5123		0.0496451
5124		0.0440432
5125		0.0373148
5126		0.0324228
5127		0.0250154
5128		0.0210725
5129		0.01875
5130		0.0165741
5131		0.00960648
5132		0.00675154
5133		0.00561728
5134		0.00358025
5135		0.00311728
5136		0.00240741
5137		0.00240741
5138		0.00111111
5139		0.00240741
5140		0.00240741
5141		0.00240741
5142		0.00111111
5143		0.00240741
5144		0.00240741
5145		0.00240741
5146		0.00240741
5147		0.00416667
5148		0.00287037
5149		0.00287037
5150		0.00111111
5151		0.00240741
5152		0.00240741
5153		0.00111111
5154		0.00240741
5155		0.00240741
5156		0.00111111
5157		0.00287037
5158		0.00240741
5159		0.00337963
5160		0.00351852
5161		0.00175926
5162		0.00351852
5163		0.00300926
5164		0.00287037
5165		0.00287037
5166		0.00300926
5167		0.00476852
5168		0.00300926
5169		0.00300926
5170		0.00287037
5171		0.00328704
5172		0.00375
5173		0.00375
5174		0.00375
5175		0.00328704
5176		0.00328704
5177		0.00199074
5178		0.00287037
5179		0.00287037
5180		0.00287037
5181		0.00333333
5182		0.00111111
5183		0.00157407
5184		0.00317901
5185		0.00447531
5186		0.00141975
5187		0.00271605
5188		0.00310185
5189		0.00356481
5190		0.00138889
5191		0.00268519
5192		0.00111111
5193		0.000648148
5194		0.00111111
5195		0.00111111
5196		0.00240741
5197		0.00240741
5198		0.00240741
5199		0.00111111
5200		0.00236111
5201		0.00287037
5202		0.00240741
5203		0.00111111
5204		0.00240741
5205		0.00240741
5206		0.00240741
5207		0.00240741
5208		0.00287037
5209		0.00240741
5210		0.00237654
5211		0.000324074
5212		0.000324074
5213		0.00111111
5214		0.00220679
5215		0.000324074
5216		0.000324074
5217		0.00111111
5218		0.00240741
5219		0.00240741
5220		0.00337963
5221		0.00296296
5222		0.00342593
5223		0.00296296
5224		0.00282407
5225		0.00152778
5226		0.00282407
5227		0.00152778
5228		0.00453318
5229		0.00282407
5230		0.00282407
5231		0.00240741
5232		0.00239198
5233		0.00111111
5234		0.00111111
5235		0.00239969
5236		0.00240741
5237		0.00240741
5238		0.00240741
5239		0.00138889
5240		0.00240741
5241		0.00111111
5242		0.00240741
5243		0.00287037
5244		0.00240741
5245		0.00282407
5246		0.00111111
5247		0.00458333
5248		0.00111111
5249		0.00282407
5250		0.00111111
5251		0.00356481
5252		0.00134259
5253		0.00180556
5254		0.00328704
5255		0.00152778
5256		0.00111111
5257		0.00648148
5258		0.0166821
5259		0.0168827
5260		0.0271142
5261		0.0344907
5262		0.0375
5263		0.042608
5264		0.0467284
5265		0.0477315
5266		0.0495988
5267		0.0530864
5268		0.0537037
5269		0.055
5270		0.0576698
5271		0.0585494
5272		0.0579475
5273		0.0580093
5274		0.0608796
5275		0.0615895
5276		0.0628395
5277		0.059784
5278		0.0602469
5279		0.0589198
5280		0.0588233
5281		0.0597762
5282		0.0602855
5283		0.0601775
5284		0.0597955
5285		0.0631867
5286		0.0646759
5287		0.0656559
5288		0.0711651
5289		0.075679
5290		0.0809491
5291		0.0868133
5292		0.0903318
5293		0.0970525
5294		0.106628
5295		0.107886
5296		0.114282
5297		0.117998
5298		0.120694
5299		0.123735
5300		0.126358
5301		0.12483
5302		0.129036
5303		0.135293
5304		0.135679
5305		0.134606
5306		0.136377
5307		0.13549
5308		0.133279
5309		0.139144
5310		0.13564
5311		0.134622
5312		0.138488
5313		0.139552
5314		0.138364
5315		0.14017
5316		0.139522
5317		0.134846
5318		0.135995
5319		0.135108
5320		0.138287
5321		0.132238
5322		0.129429
5323		0.132581
5324		0.13093
5325		0.129522
5326		0.129174
5327		0.128816
5328		0.130556
5329		0.131775
5330		0.13115
5331		0.129992
5332		0.131767
5333		0.135826
5334		0.13581
5335		0.137481
5336		0.136466
5337		0.139271
5338		0.144128
5339		0.146354
5340		0.147566
5341		0.147809
5342		0.148904
5343		0.146088
5344		0.14946
5345		0.139599
5346		0.142269
5347		0.151682
5348		0.152508
5349		0.148032
5350		0.150139
5351		0.154699
5352		0.158627
5353		0.164483
5354		0.165193
5355		0.169637
5356		0.174907
5357		0.178356
5358		0.178723
5359		0.186536
5360		0.194799
5361		0.19402
5362		0.195779
5363		0.198557
5364		0.201451
5365		0.202477
5366		0.202215
5367		0.201979
5368		0.206362
5369		0.203665
5370		0.190926
5371		0.193449
5372		0.191161
5373		0.198171
5374		0.200069
5375		0.202647
5376		0.206991
5377		0.20865
5378		0.20733
5379		0.206852
5380		0.20549
5381		0.206582
5382		0.208426
5383		0.208418
5384		0.210806
5385		0.214799
5386		0.220297
5387		0.226779
5388		0.22841
5389		0.231512
5390		0.235536
5391		0.235887
5392		0.245197
5393		0.242415
5394		0.242014
5395		0.246802
5396		0.245031
5397		0.24108
5398		0.243673
5399		0.240818
5400		0.238931
5401		0.232338
5402		0.225891
5403		0.22586
5404		0.228985
5405		0.226393
5406		0.229375
5407		0.228549
5408		0.227369
5409		0.228302
5410		0.224977
5411		0.225444
5412		0.230143
5413		0.231038
5414		0.225656
5415		0.229468
5416		0.233858
5417		0.232242
5418		0.232967
5419		0.240177
5420		0.215177
5421		0.2176
5422		0.219715
5423		0.22603
5424		0.226057
5425		0.233086
5426		0.233075
5427		0.232392
5428		0.241049
5429		0.24625
5430		0.249769
5431		0.256235
5432		0.268561
5433		0.273245
5434		0.281566
5435		0.286887
5436		0.290285
5437		0.295039
5438		0.299857
5439		0.305274
5440		0.313399
5441		0.319487
5442		0.323692
5443		0.335077
5444		0.337454
5445		0.341316
5446		0.346543
5447		0.356146
5448		0.356057
5449		0.355745
5450		0.360189
5451		0.357292
5452		0.356177
5453		0.35836
5454		0.358275
5455		0.361269
5456		0.358908
5457		0.358056
5458		0.358368
5459		0.364661
5460		0.360818
5461		0.363862
5462		0.361586
5463		0.360401
5464		0.355876
5465		0.353472
5466		0.355968
5467		0.350181
5468		0.351489
5469		0.350247
5470		0.371686
5471		0.372944
5472		0.369321
5473		0.367855
5474		0.372145
5475		0.368272
5476		0.37064
5477		0.368634
5478		0.370999
5479		0.376559
5480		0.381755
5481		0.383299
5482		0.392284
5483		0.402812
5484		0.405274
5485		0.414823
5486		0.417257
5487		0.415374
5488		0.423013
5489		0.431173
5490		0.430455
5491		0.433958
5492		0.442724
5493		0.442809
5494		0.444475
5495		0.434877
5496		0.43436
5497		0.433075
5498		0.437241
5499		0.44174
5500		0.440837
5501		0.437631
5502		0.437859
5503		0.441852
5504		0.444564
5505		0.443333
5506		0.445887
5507		0.446968
5508		0.44858
5509		0.450386
5510		0.456235
5511		0.454799
5512		0.456798
5513		0.453113
5514		0.456524
5515		0.454294
5516		0.454294
5517		0.456516
5518		0.455359
5519		0.454834
5520		0.471794
5521		0.471312
5522		0.473056
5523		0.474429
5524		0.477431
5525		0.482025
5526		0.481146
5527		0.485166
5528		0.49086
5529		0.491053
5530		0.499244
5531		0.499248
5532		0.502218
5533		0.507797
5534		0.510602
5535		0.51522
5536		0.521833
5537		0.523036
5538		0.525062
5539		0.528978
5540		0.533129
5541		0.537095
5542		0.53782
5543		0.541123
5544		0.538299
5545		0.536559
5546		0.540166
5547		0.53907
5548		0.540112
5549		0.54191
5550		0.541393
5551		0.539178
5552		0.547195
5553		0.544934
5554		0.549271
5555		0.552249
5556		0.552033
5557		0.555876
5558		0.559255
5559		0.557438
5560		0.556983
5561		0.556902
5562		0.557114
5563		0.563106
5564		0.570729
5565		0.574294
5566		0.57387
5567		0.575714
5568		0.581316
5569		0.582419
5570		0.576752
5571		0.577079
5572		0.579252
5573		0.587292
5574		0.587523
5575		0.594421
5576		0.590721
5577		0.59042
5578		0.592951
5579		0.597878
5580		0.602604
5581		0.601671
5582		0.603565
5583		0.604468
5584		0.606335
5585		0.609969
5586		0.610625
5587		0.613063
5588		0.616339
5589		0.616061
5590		0.614302
5591		0.61914
5592		0.61684
5593		0.61946
5594		0.616019
5595		0.610332
5596		0.611397
5597		0.614715
5598		0.611358
5599		0.607797
5600		0.610737
5601		0.613009
5602		0.614915
5603		0.611346
5604		0.615143
5605		0.616551
5606		0.620567
5607		0.618414
5608		0.623553
5609		0.627164
5610		0.627496
5611		0.624649
5612		0.627774
5613		0.626624
5614		0.627045
5615		0.626551
5616		0.626327
5617		0.627793
5618		0.62983
5619		0.631566
5620		0.631478
5621		0.630428
5622		0.629811
5623		0.630826
5624		0.626852
5625		0.631223
5626		0.632407
5627		0.630324
5628		0.635023
5629		0.635116
5630		0.638461
5631		0.63647
5632		0.639448
5633		0.638561
5634		0.63863
5635		0.63718
5636		0.637542
5637		0.639583
5638		0.640772
5639		0.640158
5640		0.639664
5641		0.640374
5642		0.63843
5643		0.641867
5644		0.642079
5645		0.676258
5646		0.677998
5647		0.679367
5648		0.678002
5649		0.674634
5650		0.6762
5651		0.674055
5652		0.673954
5653		0.67387
5654		0.674954
5655		0.675216
5656		0.674329
5657		0.673086
5658		0.678094
5659		0.673997
5660		0.673542
5661		0.673329
5662		0.674637
5663		0.673534
5664		0.676481
5665		0.677041
5666		0.678835
5667		0.677064
5668		0.678607
5669		0.677234
5670		0.669417
5671		0.667276
5672		0.671072
5673		0.672724
5674		0.67534
5675		0.677978
5676		0.67338
5677		0.672122
5678		0.674383
5679		0.672658
5680		0.677635
5681		0.676848
5682		0.678002
5683		0.674965
5684		0.677658
5685		0.679051
5686		0.676655
5687		0.677326
5688		0.676578
5689		0.677677
5690		0.683677
5691		0.68083
5692		0.677218
5693		0.680127
5694		0.682689
5695		0.670941
5696		0.672554
5697		0.674089
5698		0.669614
5699		0.673202
5700		0.674826
5701		0.676717
5702		0.682353
5703		0.683295
5704		0.68831
5705		0.692492
5706		0.69647
5707		0.695297
5708		0.697099
5709		0.7012
5710		0.70091
5711		0.72142
5712		0.725463
5713		0.726385
5714		0.731713
5715		0.730471
5716		0.732527
5717		0.738009
5718		0.739641
5719		0.739502
5720		0.767589
5721		0.7701
5722		0.768642
5723		0.769572
5724		0.762145
5725		0.769865
5726		0.767419
5727		0.767446
5728		0.770066
5729		0.768422
5730		0.769633
5731		0.772712
5732		0.776941
5733		0.778345
5734		0.776319
5735		0.777245
5736		0.776331
5737		0.780328
