The video is over!
Frame Number 	Queue Density
1		0.075841
2		0.0772106
3		0.0827585
4		0.0885648
5		0.0978781
6		0.0933256
7		0.0991898
8		0.103935
9		0.104074
10		0.105359
11		0.103954
12		0.105648
13		0.108353
14		0.108927
15		0.110467
16		0.108789
17		0.109429
18		0.11108
19		0.112809
20		0.116157
21		0.117168
22		0.117361
23		0.119383
24		0.12012
25		0.122018
26		0.126381
27		0.128808
28		0.129282
29		0.131281
30		0.131644
31		0.133125
32		0.138194
33		0.13321
34		0.134282
35		0.136651
36		0.13674
37		0.137716
38		0.139661
39		0.138816
40		0.139471
41		0.139776
42		0.139502
43		0.139545
44		0.141119
45		0.139479
46		0.143245
47		0.139676
48		0.134761
49		0.140405
50		0.143248
51		0.142261
52		0.145772
53		0.148519
54		0.149784
55		0.152743
56		0.155424
57		0.156319
58		0.160355
59		0.161613
60		0.164228
61		0.166319
62		0.165957
63		0.163237
64		0.16135
65		0.162531
66		0.161088
67		0.160594
68		0.160941
69		0.161505
70		0.160039
71		0.16265
72		0.166127
73		0.162122
74		0.165525
75		0.167971
76		0.165957
77		0.16716
78		0.167708
79		0.171682
80		0.17615
81		0.173395
82		0.177191
83		0.185386
84		0.187114
85		0.193819
86		0.194792
87		0.195031
88		0.200123
89		0.211366
90		0.212647
91		0.218492
92		0.219205
93		0.219769
94		0.218765
95		0.212477
96		0.21772
97		0.220204
98		0.219595
99		0.21985
100		0.217593
101		0.215845
102		0.215756
103		0.211906
104		0.208742
105		0.208669
106		0.206887
107		0.20924
108		0.212593
109		0.214549
110		0.219182
111		0.219965
112		0.222813
113		0.227712
114		0.226412
115		0.233179
116		0.235868
117		0.236593
118		0.238939
119		0.240459
120		0.242118
121		0.244911
122		0.24201
123		0.243098
124		0.246358
125		0.246431
126		0.247265
127		0.245505
128		0.247812
129		0.249001
130		0.2513
131		0.252851
132		0.251563
133		0.253931
134		0.254568
135		0.256651
136		0.254769
137		0.261767
138		0.259749
139		0.258233
140		0.259502
141		0.260139
142		0.257558
143		0.258094
144		0.260093
145		0.250571
146		0.254032
147		0.256323
148		0.253727
149		0.250756
150		0.253711
151		0.252076
152		0.25108
153		0.254977
154		0.254186
155		0.254471
156		0.253542
157		0.250926
158		0.246227
159		0.244884
160		0.246281
161		0.242508
162		0.243272
163		0.244456
164		0.243434
165		0.242762
166		0.244306
167		0.241975
168		0.241011
169		0.241142
170		0.243746
171		0.242886
172		0.239722
173		0.237465
174		0.236408
175		0.235984
176		0.236096
177		0.235301
178		0.23706
179		0.236535
180		0.235926
181		0.236736
182		0.235586
183		0.237076
184		0.2349
185		0.234367
186		0.234336
187		0.233488
188		0.233214
189		0.2338
190		0.234325
191		0.23429
192		0.233889
193		0.233472
194		0.234707
195		0.24233
196		0.242785
197		0.241968
198		0.243194
199		0.239969
200		0.241505
201		0.243364
202		0.239676
203		0.238356
204		0.238534
205		0.240224
206		0.238573
207		0.238056
208		0.239792
209		0.239653
210		0.239684
211		0.23946
212		0.24186
213		0.239761
214		0.238603
215		0.242647
216		0.239159
217		0.238827
218		0.239591
219		0.239946
220		0.230617
221		0.228549
222		0.232585
223		0.232785
224		0.231813
225		0.231898
226		0.234498
227		0.234645
228		0.235401
229		0.232708
230		0.23409
231		0.231535
232		0.234213
233		0.23365
234		0.234738
235		0.2349
236		0.235471
237		0.23652
238		0.234012
239		0.23265
240		0.233032
241		0.228839
242		0.232083
243		0.232052
244		0.232079
245		0.231466
246		0.232056
247		0.234074
248		0.230729
249		0.234008
250		0.23397
251		0.234606
252		0.234028
253		0.23284
254		0.230015
255		0.231258
256		0.231439
257		0.235123
258		0.232944
259		0.23206
260		0.231404
261		0.229992
262		0.23174
263		0.229576
264		0.228858
265		0.231505
266		0.231535
267		0.231474
268		0.231181
269		0.232855
270		0.227674
271		0.229973
272		0.22789
273		0.228627
274		0.229819
275		0.233858
276		0.233098
277		0.236196
278		0.239379
279		0.239101
280		0.242261
281		0.245475
282		0.24662
283		0.248391
284		0.253283
285		0.251933
286		0.253218
287		0.248561
288		0.250031
289		0.247635
290		0.246184
291		0.244981
292		0.244518
293		0.243997
294		0.243781
295		0.237485
296		0.236235
297		0.236458
298		0.237558
299		0.236952
300		0.236848
301		0.235413
302		0.23424
303		0.235455
304		0.23311
305		0.231597
306		0.232265
307		0.233935
308		0.232072
309		0.230351
310		0.233083
311		0.230027
312		0.230856
313		0.232141
314		0.232461
315		0.233472
316		0.232689
317		0.231011
318		0.229576
319		0.227998
320		0.233831
321		0.232593
322		0.232894
323		0.233897
324		0.233106
325		0.233954
326		0.232384
327		0.233036
328		0.232878
329		0.233526
330		0.233434
331		0.232662
332		0.233229
333		0.234726
334		0.231609
335		0.233098
336		0.233071
337		0.233534
338		0.233727
339		0.233943
340		0.23564
341		0.237103
342		0.238156
343		0.237963
344		0.241636
345		0.233738
346		0.236034
347		0.240181
348		0.240224
349		0.239904
350		0.238966
351		0.240008
352		0.238989
353		0.23831
354		0.238696
355		0.23831
356		0.240806
357		0.241238
358		0.241227
359		0.24032
360		0.240845
361		0.241142
362		0.240864
363		0.246061
364		0.243484
365		0.244155
366		0.243275
367		0.24338
368		0.240957
369		0.241281
370		0.239954
371		0.240185
372		0.240748
373		0.242323
374		0.24265
375		0.242284
376		0.24196
377		0.242809
378		0.242029
379		0.242292
380		0.243086
381		0.242284
382		0.245625
383		0.246127
384		0.247477
385		0.248966
386		0.250849
387		0.252701
388		0.256242
389		0.257832
390		0.257242
391		0.256586
392		0.256956
393		0.256146
394		0.258341
395		0.25267
396		0.252635
397		0.255768
398		0.255702
399		0.253611
400		0.256034
401		0.255066
402		0.258954
403		0.259491
404		0.262562
405		0.265417
406		0.272643
407		0.275123
408		0.280691
409		0.286863
410		0.295486
411		0.298576
412		0.306489
413		0.312191
414		0.319252
415		0.321493
416		0.324834
417		0.329213
418		0.335197
419		0.336887
420		0.340255
421		0.346146
422		0.350224
423		0.350046
424		0.358368
425		0.366929
426		0.367847
427		0.373808
428		0.378202
429		0.382014
430		0.386674
431		0.390887
432		0.39228
433		0.400158
434		0.40686
435		0.406192
436		0.407141
437		0.411948
438		0.41228
439		0.416921
440		0.416049
441		0.415386
442		0.419113
443		0.422577
444		0.422396
445		0.415733
446		0.416393
447		0.421265
448		0.42113
449		0.424622
450		0.423804
451		0.426971
452		0.430586
453		0.43196
454		0.434545
455		0.436335
456		0.437527
457		0.437446
458		0.441767
459		0.44353
460		0.443951
461		0.446435
462		0.44375
463		0.446119
464		0.447759
465		0.445239
466		0.445652
467		0.446651
468		0.443434
469		0.447025
470		0.45488
471		0.456524
472		0.456921
473		0.456393
474		0.45745
475		0.45973
476		0.459853
477		0.457589
478		0.460509
479		0.458221
480		0.459078
481		0.461281
482		0.461323
483		0.461061
484		0.460123
485		0.459965
486		0.461065
487		0.460166
488		0.460231
489		0.459911
490		0.460856
491		0.459842
492		0.460679
493		0.458781
494		0.46213
495		0.460529
496		0.461046
497		0.466103
498		0.46561
499		0.470297
500		0.474171
501		0.473364
502		0.478279
503		0.483708
504		0.48512
505		0.487357
506		0.49429
507		0.496902
508		0.501609
509		0.506991
510		0.507697
511		0.510976
512		0.515204
513		0.515841
514		0.516007
515		0.518148
516		0.518711
517		0.518036
518		0.521354
519		0.524074
520		0.533542
521		0.531883
522		0.536308
523		0.534317
524		0.536898
525		0.537473
526		0.535174
527		0.539201
528		0.54164
529		0.543935
530		0.541925
531		0.541508
532		0.543156
533		0.543314
534		0.543588
535		0.540459
536		0.542635
537		0.53723
538		0.538017
539		0.541644
540		0.544051
541		0.539869
542		0.543117
543		0.543337
544		0.547033
545		0.520374
546		0.523819
547		0.524556
548		0.524826
549		0.525598
550		0.523704
551		0.526038
552		0.525436
553		0.527126
554		0.526242
555		0.527199
556		0.528067
557		0.527801
558		0.524622
559		0.519823
560		0.520783
561		0.522724
562		0.522847
563		0.519487
564		0.519232
565		0.519549
566		0.520721
567		0.520737
568		0.519853
569		0.524047
570		0.527145
571		0.528225
572		0.533175
573		0.534572
574		0.533272
575		0.538569
576		0.540301
577		0.539437
578		0.540544
579		0.543831
580		0.549464
581		0.54988
582		0.550868
583		0.552701
584		0.551632
585		0.553515
586		0.554506
587		0.558052
588		0.559695
589		0.557477
590		0.560401
591		0.557774
592		0.558383
593		0.560513
594		0.56022
595		0.54799
596		0.553264
597		0.548202
598		0.552137
599		0.555772
600		0.558897
601		0.560814
602		0.560536
603		0.563418
604		0.565104
605		0.565721
606		0.565679
607		0.565691
608		0.573094
609		0.571786
610		0.571408
611		0.580613
612		0.581763
613		0.584336
614		0.589275
615		0.592234
616		0.590347
617		0.595741
618		0.594074
619		0.599726
620		0.595559
621		0.598912
622		0.602326
623		0.604016
624		0.606073
625		0.606879
626		0.607253
627		0.607515
628		0.608596
629		0.607214
630		0.606667
631		0.609406
632		0.616142
633		0.617627
634		0.614421
635		0.614942
636		0.61865
637		0.61304
638		0.611223
639		0.610436
640		0.610733
641		0.611535
642		0.610015
643		0.616339
644		0.614271
645		0.625355
646		0.62537
647		0.626829
648		0.628492
649		0.630783
650		0.630775
651		0.63108
652		0.628715
653		0.630783
654		0.630687
655		0.634641
656		0.634089
657		0.634842
658		0.637288
659		0.637917
660		0.636046
661		0.638789
662		0.640197
663		0.63887
664		0.638191
665		0.639904
666		0.640359
667		0.641651
668		0.643387
669		0.642886
670		0.623117
671		0.627469
672		0.623029
673		0.626011
674		0.628769
675		0.630062
676		0.627396
677		0.628684
678		0.62968
679		0.629209
680		0.630347
681		0.633557
682		0.631454
683		0.637708
684		0.638106
685		0.635285
686		0.639834
687		0.635235
688		0.637272
689		0.642384
690		0.636119
691		0.63554
692		0.639012
693		0.639768
694		0.640571
695		0.628133
696		0.625112
697		0.631944
698		0.632257
699		0.634529
700		0.631466
701		0.630671
702		0.6325
703		0.632481
704		0.631339
705		0.631524
706		0.636242
707		0.634695
708		0.636489
709		0.634753
710		0.634587
711		0.637512
712		0.63865
713		0.637623
714		0.63934
715		0.640629
716		0.640583
717		0.639248
718		0.638681
719		0.638773
720		0.634985
721		0.634977
722		0.636323
723		0.638519
724		0.639684
725		0.640729
726		0.641516
727		0.642118
728		0.640849
729		0.641867
730		0.642774
731		0.642076
732		0.643017
733		0.64287
734		0.644498
735		0.644834
736		0.644564
737		0.643831
738		0.644483
739		0.644506
740		0.642704
741		0.642913
742		0.648337
743		0.648877
744		0.647658
745		0.623438
746		0.627666
747		0.62728
748		0.63282
749		0.630108
750		0.63284
751		0.616771
752		0.618935
753		0.620718
754		0.622415
755		0.619475
756		0.619236
757		0.622886
758		0.621601
759		0.620887
760		0.624714
761		0.625301
762		0.625602
763		0.624633
764		0.624822
765		0.625845
766		0.626335
767		0.629155
768		0.626964
769		0.625914
770		0.638519
771		0.639012
772		0.639144
773		0.638912
774		0.634309
775		0.640752
776		0.640069
777		0.646223
778		0.64711
779		0.646238
780		0.645602
781		0.645625
782		0.649024
783		0.649352
784		0.653958
785		0.650239
786		0.649529
787		0.651289
788		0.651173
789		0.651628
790		0.654147
791		0.661686
792		0.663677
793		0.665883
794		0.669498
795		0.631593
796		0.629043
797		0.632639
798		0.638422
799		0.639217
800		0.642789
801		0.646983
802		0.648272
803		0.64657
804		0.643719
805		0.649009
806		0.650058
807		0.650096
808		0.656597
809		0.654248
810		0.65718
811		0.655644
812		0.656512
813		0.658368
814		0.659128
815		0.660147
816		0.657778
817		0.661995
818		0.661385
819		0.663962
820		0.655393
821		0.654572
822		0.653418
823		0.656508
824		0.660949
825		0.658414
826		0.658098
827		0.661262
828		0.662828
829		0.661173
830		0.662708
831		0.66613
832		0.666049
833		0.664518
834		0.666809
835		0.670251
836		0.669047
837		0.670934
838		0.670849
839		0.673399
840		0.672905
841		0.67473
842		0.67451
843		0.676721
844		0.676659
845		0.67137
846		0.671127
847		0.671562
848		0.675938
849		0.670289
850		0.67652
851		0.676289
852		0.678086
853		0.675177
854		0.676898
855		0.674869
856		0.678789
857		0.675289
858		0.67782
859		0.678144
860		0.678684
861		0.680544
862		0.678488
863		0.68103
864		0.679591
865		0.682874
866		0.681767
867		0.683538
868		0.681651
869		0.683862
870		0.664429
871		0.664456
872		0.664973
873		0.666119
874		0.668665
875		0.666647
876		0.666863
877		0.667118
878		0.666686
879		0.666998
880		0.654807
881		0.654711
882		0.652643
883		0.653692
884		0.654263
885		0.655583
886		0.655698
887		0.656848
888		0.658877
889		0.659552
890		0.658715
891		0.659792
892		0.661782
893		0.659884
894		0.661536
895		0.661427
896		0.661844
897		0.663233
898		0.664838
899		0.664336
900		0.664363
901		0.665247
902		0.66885
903		0.668823
904		0.67012
905		0.680289
906		0.680123
907		0.679699
908		0.682234
909		0.68255
910		0.680139
911		0.681022
912		0.680482
913		0.682168
914		0.677832
915		0.681751
916		0.681524
917		0.679471
918		0.680355
919		0.678295
920		0.677905
921		0.679715
922		0.681416
923		0.682593
924		0.681308
925		0.681617
926		0.682446
927		0.683831
928		0.686076
929		0.687635
930		0.660305
931		0.661898
932		0.660104
933		0.664896
934		0.663912
935		0.665023
936		0.6676
937		0.67066
938		0.673704
939		0.671782
940		0.677068
941		0.676705
942		0.675833
943		0.676335
944		0.67735
945		0.676543
946		0.676038
947		0.677693
948		0.676894
949		0.679047
950		0.677735
951		0.673403
952		0.67706
953		0.673885
954		0.674483
955		0.671736
956		0.670583
957		0.672701
958		0.670359
959		0.676408
960		0.672967
961		0.67314
962		0.676779
963		0.676979
964		0.675039
965		0.675297
966		0.677342
967		0.678503
968		0.67765
969		0.676377
970		0.678619
971		0.680069
972		0.680089
973		0.67978
974		0.681956
975		0.681709
976		0.68424
977		0.683592
978		0.683758
979		0.684637
980		0.675096
981		0.676991
982		0.679313
983		0.681076
984		0.681968
985		0.683939
986		0.683029
987		0.680864
988		0.67902
989		0.680733
990		0.684637
991		0.682967
992		0.682874
993		0.685313
994		0.687469
995		0.688592
996		0.689097
997		0.68929
998		0.689738
999		0.689348
1000		0.691752
1001		0.668465
1002		0.670949
1003		0.667762
1004		0.66821
1005		0.668414
1006		0.668191
1007		0.668989
1008		0.666555
1009		0.670679
1010		0.672554
1011		0.663785
1012		0.661262
1013		0.665143
1014		0.666798
1015		0.6661
1016		0.667145
1017		0.666917
1018		0.664715
1019		0.665316
1020		0.664838
1021		0.667488
1022		0.667778
1023		0.667971
1024		0.667944
1025		0.667187
1026		0.669259
1027		0.666262
1028		0.66826
1029		0.667882
1030		0.666107
1031		0.668005
1032		0.670729
1033		0.669934
1034		0.670613
1035		0.67108
1036		0.667955
1037		0.665127
1038		0.66826
1039		0.66777
1040		0.671856
1041		0.672388
1042		0.672596
1043		0.67265
1044		0.6712
1045		0.670567
1046		0.672265
1047		0.674024
1048		0.678098
1049		0.677434
1050		0.679765
1051		0.679205
1052		0.679367
1053		0.680363
1054		0.681721
1055		0.680748
1056		0.680255
1057		0.679769
1058		0.679529
1059		0.678615
1060		0.677843
1061		0.670004
1062		0.671458
1063		0.671917
1064		0.668843
1065		0.670775
1066		0.668769
1067		0.670745
1068		0.673194
1069		0.674568
1070		0.67211
1071		0.675764
1072		0.675586
1073		0.676304
1074		0.676015
1075		0.675949
1076		0.676921
1077		0.679807
1078		0.677404
1079		0.683426
1080		0.681979
1081		0.68466
1082		0.684579
1083		0.68424
1084		0.686709
1085		0.687515
1086		0.676007
1087		0.673985
1088		0.671995
1089		0.672704
1090		0.672704
1091		0.674406
1092		0.671632
1093		0.676671
1094		0.671582
1095		0.673715
1096		0.672982
1097		0.673511
1098		0.673086
1099		0.67439
1100		0.674657
1101		0.671578
1102		0.67419
1103		0.674448
1104		0.678029
1105		0.676169
1106		0.674734
1107		0.674772
1108		0.676987
1109		0.674356
1110		0.673283
1111		0.67059
1112		0.671385
1113		0.673002
1114		0.673357
1115		0.675953
1116		0.672894
1117		0.671574
1118		0.671343
1119		0.671616
1120		0.672249
1121		0.674734
1122		0.675316
1123		0.673472
1124		0.676493
1125		0.677226
1126		0.677747
1127		0.674958
1128		0.673931
1129		0.673187
1130		0.67887
1131		0.678823
1132		0.676956
1133		0.678746
1134		0.679306
1135		0.681019
1136		0.667184
1137		0.665718
1138		0.662886
1139		0.663418
1140		0.668079
1141		0.664915
1142		0.665594
1143		0.664352
1144		0.661393
1145		0.661921
1146		0.666867
1147		0.667176
1148		0.668291
1149		0.672068
1150		0.671269
1151		0.668515
1152		0.67054
1153		0.671678
1154		0.674495
1155		0.667812
1156		0.66799
1157		0.672195
1158		0.666528
1159		0.670131
1160		0.67267
1161		0.680208
1162		0.679633
1163		0.680216
1164		0.682076
1165		0.679753
1166		0.676269
1167		0.680073
1168		0.6786
1169		0.68039
1170		0.679518
1171		0.680162
1172		0.681343
1173		0.67956
1174		0.679005
1175		0.676061
1176		0.683094
1177		0.684356
1178		0.684768
1179		0.680887
1180		0.686084
1181		0.687747
1182		0.683773
1183		0.684707
1184		0.685031
1185		0.684934
1186		0.676277
1187		0.674032
1188		0.678538
1189		0.678711
1190		0.676377
1191		0.67642
1192		0.673113
1193		0.675305
1194		0.676659
1195		0.679352
1196		0.678121
1197		0.680625
1198		0.682396
1199		0.682847
1200		0.679892
1201		0.682226
1202		0.683248
1203		0.680532
1204		0.680154
1205		0.682948
1206		0.681535
1207		0.682728
1208		0.683029
1209		0.681725
1210		0.68022
1211		0.675255
1212		0.671192
1213		0.670544
1214		0.668958
1215		0.670849
1216		0.668241
1217		0.671269
1218		0.672859
1219		0.67439
1220		0.677566
1221		0.677523
1222		0.678989
1223		0.682755
1224		0.67968
1225		0.680502
1226		0.682373
1227		0.681998
1228		0.681107
1229		0.680891
1230		0.681161
1231		0.684012
1232		0.682292
1233		0.681678
1234		0.680019
1235		0.68169
1236		0.687357
1237		0.688692
1238		0.686628
1239		0.690536
1240		0.689167
1241		0.688885
1242		0.69321
1243		0.692593
1244		0.696856
1245		0.692797
1246		0.688349
1247		0.687423
1248		0.691802
1249		0.689498
1250		0.690968
1251		0.682824
1252		0.682573
1253		0.683808
1254		0.679688
1255		0.683345
1256		0.682704
1257		0.685818
1258		0.688391
1259		0.688356
1260		0.689672
1261		0.670864
1262		0.677959
1263		0.675795
1264		0.676948
1265		0.675293
1266		0.681088
1267		0.679769
1268		0.675833
1269		0.67907
1270		0.683098
1271		0.683287
1272		0.681304
1273		0.679522
1274		0.684637
1275		0.683573
1276		0.679518
1277		0.682851
1278		0.681412
1279		0.682631
1280		0.678939
1281		0.676609
1282		0.677427
1283		0.677137
1284		0.676524
1285		0.675494
1286		0.682901
1287		0.685127
1288		0.686431
1289		0.685189
1290		0.688812
1291		0.688214
1292		0.689738
1293		0.686617
1294		0.691447
1295		0.69162
1296		0.6924
1297		0.693121
1298		0.690343
1299		0.687558
1300		0.688654
1301		0.687461
1302		0.686709
1303		0.690417
1304		0.691682
1305		0.6824
1306		0.683252
1307		0.682813
1308		0.683167
1309		0.685259
1310		0.684985
1311		0.658422
1312		0.659734
1313		0.660752
1314		0.663808
1315		0.662504
1316		0.660633
1317		0.666574
1318		0.667905
1319		0.666316
1320		0.668611
1321		0.669803
1322		0.670613
1323		0.668218
1324		0.667569
1325		0.667257
1326		0.671667
1327		0.669672
1328		0.675629
1329		0.669765
1330		0.67142
1331		0.6739
1332		0.671242
1333		0.671617
1334		0.670945
1335		0.669198
1336		0.663889
1337		0.665729
1338		0.667454
1339		0.671844
1340		0.668742
1341		0.670231
1342		0.667894
1343		0.668441
1344		0.668048
1345		0.666481
1346		0.663804
1347		0.667697
1348		0.668692
1349		0.669167
1350		0.670968
1351		0.671968
1352		0.671154
1353		0.672296
1354		0.673623
1355		0.675077
1356		0.67309
1357		0.673233
1358		0.673904
1359		0.671632
1360		0.671277
1361		0.661721
1362		0.660189
1363		0.663542
1364		0.66642
1365		0.667975
1366		0.670073
1367		0.667982
1368		0.665938
1369		0.666713
1370		0.669051
1371		0.667643
1372		0.664541
1373		0.667627
1374		0.667404
1375		0.669282
1376		0.669576
1377		0.669205
1378		0.669865
1379		0.668854
1380		0.669252
1381		0.667824
1382		0.667863
1383		0.670675
1384		0.669942
1385		0.668511
1386		0.671254
1387		0.67375
1388		0.673711
1389		0.677095
1390		0.676794
1391		0.678499
1392		0.675131
1393		0.674518
1394		0.674055
1395		0.682126
1396		0.676817
1397		0.681161
1398		0.681948
1399		0.683943
1400		0.681566
1401		0.677755
1402		0.681018
1403		0.680336
1404		0.679823
1405		0.679051
1406		0.680667
1407		0.677581
1408		0.679441
1409		0.680039
1410		0.681478
1411		0.67061
1412		0.670598
1413		0.672666
1414		0.675833
1415		0.673596
1416		0.674552
1417		0.674464
1418		0.679097
1419		0.677936
1420		0.678414
1421		0.678125
1422		0.681408
1423		0.680513
1424		0.680521
1425		0.682369
1426		0.681458
1427		0.683627
1428		0.682751
1429		0.687562
1430		0.69235
1431		0.693719
1432		0.694649
1433		0.696181
1434		0.6987
1435		0.703206
1436		0.704525
1437		0.703256
1438		0.705162
1439		0.705826
1440		0.705386
1441		0.712562
1442		0.710444
1443		0.713353
1444		0.717901
1445		0.716775
1446		0.725768
1447		0.723376
1448		0.723654
1449		0.726952
1450		0.730756
1451		0.732978
1452		0.734259
1453		0.735814
1454		0.737195
1455		0.743661
1456		0.746169
1457		0.746427
1458		0.749595
1459		0.754603
1460		0.755185
1461		0.722068
1462		0.728958
1463		0.726825
1464		0.721929
1465		0.722384
1466		0.719506
1467		0.727924
1468		0.727677
1469		0.727944
1470		0.73314
1471		0.734209
1472		0.738881
1473		0.742712
1474		0.745451
1475		0.735992
1476		0.740652
1477		0.737249
1478		0.743576
1479		0.744155
1480		0.746713
1481		0.748947
1482		0.745764
1483		0.75255
1484		0.754583
1485		0.758816
1486		0.754637
1487		0.756146
1488		0.756431
1489		0.757728
1490		0.757782
1491		0.758796
1492		0.759452
1493		0.758669
1494		0.76066
1495		0.76174
1496		0.758025
1497		0.758769
1498		0.762434
1499		0.757029
1500		0.744938
1501		0.710293
1502		0.714742
1503		0.703002
1504		0.708133
1505		0.714595
1506		0.713808
1507		0.715745
1508		0.720922
1509		0.716127
1510		0.717917
1511		0.72571
1512		0.723009
1513		0.725428
1514		0.724846
1515		0.728202
1516		0.701636
1517		0.69064
1518		0.685613
1519		0.68647
1520		0.682535
1521		0.669946
1522		0.65615
1523		0.655833
1524		0.646416
1525		0.649244
1526		0.648858
1527		0.639317
1528		0.642211
1529		0.639016
1530		0.63914
1531		0.632967
1532		0.629927
1533		0.631003
1534		0.626049
1535		0.63191
1536		0.622508
1537		0.630856
1538		0.632566
1539		0.627836
1540		0.62914
1541		0.631003
1542		0.626532
1543		0.619255
1544		0.623422
1545		0.618476
1546		0.618449
1547		0.621551
1548		0.613993
1549		0.61314
1550		0.598866
1551		0.59613
1552		0.595471
1553		0.597045
1554		0.586481
1555		0.581439
1556		0.588677
1557		0.58223
1558		0.581744
1559		0.579626
1560		0.575509
1561		0.549402
1562		0.552365
1563		0.555644
1564		0.555999
1565		0.559275
1566		0.557813
1567		0.55875
1568		0.560494
1569		0.559699
1570		0.562056
1571		0.562539
1572		0.566586
1573		0.569537
1574		0.574055
1575		0.574309
1576		0.578719
1577		0.584738
1578		0.585193
1579		0.586238
1580		0.585772
1581		0.58718
1582		0.588468
1583		0.591952
1584		0.585158
1585		0.585197
1586		0.569498
1587		0.5661
1588		0.569988
1589		0.576431
1590		0.573819
1591		0.579097
1592		0.575513
1593		0.580494
1594		0.580274
1595		0.585336
1596		0.595667
1597		0.588924
1598		0.592461
1599		0.592909
1600		0.602577
1601		0.605745
1602		0.59772
1603		0.599649
1604		0.603823
1605		0.611377
1606		0.621003
1607		0.615988
1608		0.6237
1609		0.628384
1610		0.623036
1611		0.627106
1612		0.623434
1613		0.619286
1614		0.617172
1615		0.613781
1616		0.620285
1617		0.613391
1618		0.59662
1619		0.597334
1620		0.597311
1621		0.591593
1622		0.596848
1623		0.600096
1624		0.589742
1625		0.592122
1626		0.589973
1627		0.591925
1628		0.590251
1629		0.587762
1630		0.590405
1631		0.592338
1632		0.602315
1633		0.603083
1634		0.607697
1635		0.609082
1636		0.63088
1637		0.631751
1638		0.624105
1639		0.623546
1640		0.620023
1641		0.622531
1642		0.61865
1643		0.615197
1644		0.606975
1645		0.601578
1646		0.606254
1647		0.60142
1648		0.605486
1649		0.60277
1650		0.60544
1651		0.601601
1652		0.605814
1653		0.603187
1654		0.599738
1655		0.594699
1656		0.584618
1657		0.583773
1658		0.581755
1659		0.587288
1660		0.584745
1661		0.579294
1662		0.581331
1663		0.589225
1664		0.598588
1665		0.602658
1666		0.605386
1667		0.609074
1668		0.613098
1669		0.614101
1670		0.619807
1671		0.621686
1672		0.619487
1673		0.62076
1674		0.612018
1675		0.611933
1676		0.60532
1677		0.612157
1678		0.604329
1679		0.605999
1680		0.607593
1681		0.61213
1682		0.618306
1683		0.620351
1684		0.621944
1685		0.627809
1686		0.590255
1687		0.588522
1688		0.594024
1689		0.597323
1690		0.600949
1691		0.610432
1692		0.610312
1693		0.613877
1694		0.608873
1695		0.611532
1696		0.617836
1697		0.61789
1698		0.614298
1699		0.621366
1700		0.625779
1701		0.630289
1702		0.634784
1703		0.637859
1704		0.645077
1705		0.649961
1706		0.651748
1707		0.662936
1708		0.659036
1709		0.660891
1710		0.65414
1711		0.692755
1712		0.694051
1713		0.691759
1714		0.695015
1715		0.693299
1716		0.68588
1717		0.683854
1718		0.674911
1719		0.667527
1720		0.651447
1721		0.654329
1722		0.644915
1723		0.636786
1724		0.630891
1725		0.63892
1726		0.630343
1727		0.62799
1728		0.617982
1729		0.601289
1730		0.605127
1731		0.588364
1732		0.577631
1733		0.580243
1734		0.563156
1735		0.570039
1736		0.514398
1737		0.518611
1738		0.515154
1739		0.507049
1740		0.503071
1741		0.495185
1742		0.492199
1743		0.491215
1744		0.477512
1745		0.484734
1746		0.479915
1747		0.475841
1748		0.468858
1749		0.463225
1750		0.448252
1751		0.432724
1752		0.441007
1753		0.435367
1754		0.436289
1755		0.433943
1756		0.43679
1757		0.436254
1758		0.433754
1759		0.437504
1760		0.439167
1761		0.420031
1762		0.430243
1763		0.427874
1764		0.426073
1765		0.427886
1766		0.42642
1767		0.430478
1768		0.430347
1769		0.428333
1770		0.438962
1771		0.441073
1772		0.443873
1773		0.44191
1774		0.438939
1775		0.436906
1776		0.439282
1777		0.435023
1778		0.430096
1779		0.431154
1780		0.427963
1781		0.430309
1782		0.434302
1783		0.424259
1784		0.421975
1785		0.420779
1786		0.390104
1787		0.396223
1788		0.400166
1789		0.39782
1790		0.393137
1791		0.393245
1792		0.388318
1793		0.385629
1794		0.385583
1795		0.382812
1796		0.378661
1797		0.388291
1798		0.382392
1799		0.386829
1800		0.38304
1801		0.387184
1802		0.38265
1803		0.36968
1804		0.371127
1805		0.366605
1806		0.364769
1807		0.353557
1808		0.349653
1809		0.350548
1810		0.341501
1811		0.322978
1812		0.323237
1813		0.321917
1814		0.31853
1815		0.316775
1816		0.309325
1817		0.30554
1818		0.29679
1819		0.300231
1820		0.300849
1821		0.29015
1822		0.280093
1823		0.278194
1824		0.2774
1825		0.280212
1826		0.278947
1827		0.279927
1828		0.278353
1829		0.283792
1830		0.278314
1831		0.273638
1832		0.269591
1833		0.269348
1834		0.257446
1835		0.259711
1836		0.224333
1837		0.218812
1838		0.219448
1839		0.215687
1840		0.212758
1841		0.207662
1842		0.205945
1843		0.197519
1844		0.195478
1845		0.185671
1846		0.175401
1847		0.173947
1848		0.175208
1849		0.169633
1850		0.164028
1851		0.160062
1852		0.156798
1853		0.153719
1854		0.158457
1855		0.15527
1856		0.153326
1857		0.150432
1858		0.152176
1859		0.15064
1860		0.146887
1861		0.140883
1862		0.138773
1863		0.137882
1864		0.133025
1865		0.130806
1866		0.135775
1867		0.133248
1868		0.130077
1869		0.139483
1870		0.147195
1871		0.149363
1872		0.152087
1873		0.159742
1874		0.152728
1875		0.1574
1876		0.166385
1877		0.180355
1878		0.192492
1879		0.205239
1880		0.216775
1881		0.225224
1882		0.248989
1883		0.249907
1884		0.261701
1885		0.274792
1886		0.255015
1887		0.27311
1888		0.291998
1889		0.2963
1890		0.312998
1891		0.332126
1892		0.337697
1893		0.347342
1894		0.364545
1895		0.370069
1896		0.372955
1897		0.386335
1898		0.396323
1899		0.410791
1900		0.427608
1901		0.434286
1902		0.441933
1903		0.442191
1904		0.446042
1905		0.452716
1906		0.457485
1907		0.46196
1908		0.459325
1909		0.454973
1910		0.461933
1911		0.485521
1912		0.475598
1913		0.476435
1914		0.470046
1915		0.461165
1916		0.452735
1917		0.440748
1918		0.433403
1919		0.428823
1920		0.421674
1921		0.411134
1922		0.407662
1923		0.392685
1924		0.395949
1925		0.386763
1926		0.378002
1927		0.372087
1928		0.374695
1929		0.359784
1930		0.357272
1931		0.353021
1932		0.347087
1933		0.337515
1934		0.329815
1935		0.326489
1936		0.295613
1937		0.292373
1938		0.281454
1939		0.273333
1940		0.270351
1941		0.268075
1942		0.251933
1943		0.251431
1944		0.248985
1945		0.250683
1946		0.246485
1947		0.248167
1948		0.253407
1949		0.247423
1950		0.238025
1951		0.229564
1952		0.220015
1953		0.213866
1954		0.205459
1955		0.200486
1956		0.191181
1957		0.180748
1958		0.171586
1959		0.168356
1960		0.148576
1961		0.13637
1962		0.120536
1963		0.111358
1964		0.1087
1965		0.107481
1966		0.098777
1967		0.0961806
1968		0.0895988
1969		0.0825617
1970		0.0865046
1971		0.0783758
1972		0.067963
1973		0.061196
1974		0.0564931
1975		0.0503279
1976		0.0468557
1977		0.0404398
1978		0.0359722
1979		0.0327778
1980		0.0309414
1981		0.0247377
1982		0.0220602
1983		0.0209799
1984		0.0230556
1985		0.0226659
1986		0.0224498
1987		0.0229321
1988		0.0231173
1989		0.0244252
1990		0.0232022
1991		0.0259645
1992		0.0215625
1993		0.0266474
1994		0.0218981
1995		0.026142
1996		0.0215046
1997		0.0239352
1998		0.0219213
1999		0.023125
2000		0.0260108
2001		0.037527
2002		0.0516088
2003		0.0607369
2004		0.0733565
2005		0.0892438
2006		0.0996952
2007		0.116404
2008		0.128912
2009		0.138214
2010		0.158318
2011		0.172508
2012		0.182546
2013		0.205459
2014		0.222326
2015		0.229317
2016		0.250208
2017		0.273584
2018		0.282118
2019		0.302704
2020		0.311319
2021		0.320837
2022		0.332901
2023		0.346385
2024		0.354113
2025		0.359965
2026		0.368526
2027		0.380235
2028		0.379946
2029		0.39439
2030		0.388302
2031		0.395968
2032		0.400698
2033		0.398704
2034		0.402446
2035		0.399668
2036		0.390706
2037		0.38162
2038		0.383264
2039		0.375814
2040		0.363171
2041		0.354904
2042		0.352168
2043		0.337608
2044		0.331813
2045		0.325617
2046		0.314923
2047		0.308032
2048		0.306775
2049		0.304992
2050		0.295374
2051		0.295027
2052		0.286312
2053		0.275756
2054		0.271829
2055		0.255756
2056		0.24012
2057		0.233125
2058		0.225544
2059		0.214178
2060		0.213611
2061		0.207523
2062		0.196424
2063		0.194988
2064		0.188511
2065		0.169367
2066		0.165988
2067		0.156119
2068		0.149583
2069		0.143326
2070		0.135367
2071		0.122465
2072		0.112253
2073		0.103414
2074		0.0912809
2075		0.0867631
2076		0.0819174
2077		0.0740201
2078		0.067338
2079		0.0642438
2080		0.0594522
2081		0.0545988
2082		0.0501235
2083		0.0435648
2084		0.043179
2085		0.0387731
2086		0.0313735
2087		0.0312963
2088		0.0339738
2089		0.0297917
2090		0.0279167
2091		0.0302623
2092		0.0292438
2093		0.0296875
2094		0.0292747
2095		0.0320293
2096		0.0324074
2097		0.0339043
2098		0.0360262
2099		0.0415895
2100		0.0439545
2101		0.050517
2102		0.0558411
2103		0.0622338
2104		0.0711844
2105		0.0791782
2106		0.0883681
2107		0.09674
2108		0.0996258
2109		0.107002
2110		0.116231
2111		0.115691
2112		0.125177
2113		0.131003
2114		0.137739
2115		0.153013
2116		0.159645
2117		0.169873
2118		0.176539
2119		0.189333
2120		0.19336
2121		0.202373
2122		0.210829
2123		0.213229
2124		0.223164
2125		0.225926
2126		0.234109
2127		0.237377
2128		0.248661
2129		0.244387
2130		0.255112
2131		0.258171
2132		0.251856
2133		0.249417
2134		0.247508
2135		0.240656
2136		0.256524
2137		0.253322
2138		0.25468
2139		0.252716
2140		0.269576
2141		0.260471
2142		0.262928
2143		0.262458
2144		0.264857
2145		0.264622
2146		0.264383
2147		0.261643
2148		0.254113
2149		0.254059
2150		0.25789
2151		0.252407
2152		0.242068
2153		0.240436
2154		0.240066
2155		0.245077
2156		0.243954
2157		0.248673
2158		0.238137
2159		0.236586
2160		0.231424
2161		0.21652
2162		0.219437
2163		0.224807
2164		0.233873
2165		0.232404
2166		0.230579
2167		0.221026
2168		0.220135
2169		0.218287
2170		0.21637
2171		0.211119
2172		0.215764
2173		0.204263
2174		0.19912
2175		0.205687
2176		0.200027
2177		0.195745
2178		0.188677
2179		0.186343
2180		0.183742
2181		0.174452
2182		0.167944
2183		0.164792
2184		0.156208
2185		0.146956
2186		0.134668
2187		0.129128
2188		0.125247
2189		0.122022
2190		0.115108
2191		0.106613
2192		0.104132
2193		0.0922685
2194		0.0915972
2195		0.0866281
2196		0.0823997
2197		0.0786806
2198		0.073017
2199		0.0652893
2200		0.060598
2201		0.0623534
2202		0.0544444
2203		0.0462963
2204		0.0496219
2205		0.0468056
2206		0.0397299
2207		0.0399113
2208		0.0363272
2209		0.032635
2210		0.0327971
2211		0.0345293
2212		0.0292978
2213		0.0282562
2214		0.0250694
2215		0.0186806
2216		0.0220448
2217		0.015733
2218		0.0138735
2219		0.0125154
2220		0.012392
2221		0.0136265
2222		0.0150077
2223		0.0134336
2224		0.018341
2225		0.0199383
2226		0.0166512
2227		0.0174923
2228		0.014973
2229		0.0177315
2230		0.016034
2231		0.0159761
2232		0.0184336
2233		0.0200193
2234		0.0212037
2235		0.0184182
2236		0.0150231
2237		0.0195525
2238		0.0172608
2239		0.0203974
2240		0.0216088
2241		0.0209105
2242		0.0206944
2243		0.0219676
2244		0.0232523
2245		0.0240702
2246		0.0236767
2247		0.0250579
2248		0.0235841
2249		0.0223148
2250		0.0237346
2251		0.0234182
2252		0.0220409
2253		0.0195062
2254		0.0191127
2255		0.0252353
2256		0.0270525
2257		0.0240432
2258		0.0272299
2259		0.0281559
2260		0.0269213
2261		0.0315201
2262		0.033098
2263		0.0319715
2264		0.0309954
2265		0.0334221
2266		0.0387114
2267		0.0428935
2268		0.0496643
2269		0.066034
2270		0.0693711
2271		0.0738503
2272		0.0823341
2273		0.0849769
2274		0.0896875
2275		0.0889236
2276		0.0938233
2277		0.0906983
2278		0.0909954
2279		0.0918596
2280		0.0928549
2281		0.0934298
2282		0.0933719
2283		0.093588
2284		0.100748
2285		0.10265
2286		0.103804
2287		0.103943
2288		0.105413
2289		0.108349
2290		0.106346
2291		0.108873
2292		0.110814
2293		0.111609
2294		0.111516
2295		0.110062
2296		0.107168
2297		0.112041
2298		0.11125
2299		0.114286
2300		0.11946
2301		0.122249
2302		0.12341
2303		0.123584
2304		0.120185
2305		0.121049
2306		0.125505
2307		0.123449
2308		0.122585
2309		0.122052
2310		0.131578
2311		0.119259
2312		0.122975
2313		0.126431
2314		0.128383
2315		0.124329
2316		0.117103
2317		0.115274
2318		0.108422
2319		0.105999
2320		0.101914
2321		0.105432
2322		0.102215
2323		0.103522
2324		0.0992168
2325		0.0963349
2326		0.093831
2327		0.090706
2328		0.0840471
2329		0.0857639
2330		0.0810455
2331		0.0786343
2332		0.0738349
2333		0.0718326
2334		0.0711728
2335		0.0663002
2336		0.0712384
2337		0.0648264
2338		0.0615934
2339		0.0601543
2340		0.0531134
2341		0.0523881
2342		0.05424
2343		0.0519869
2344		0.0475386
2345		0.0467014
2346		0.0473765
2347		0.0451736
2348		0.0437963
2349		0.0432793
2350		0.0423534
2351		0.0434336
2352		0.0388696
2353		0.0355556
2354		0.0330054
2355		0.0339429
2356		0.0353241
2357		0.031956
2358		0.0326466
2359		0.0243827
2360		0.0243673
2361		0.0221451
2362		0.0222454
2363		0.0210108
2364		0.0188503
2365		0.019267
2366		0.0214931
2367		0.0186381
2368		0.0177006
2369		0.0189545
2370		0.0195525
2371		0.0180247
2372		0.0203935
2373		0.0177238
2374		0.0149074
2375		0.0177546
2376		0.0137037
2377		0.0141049
2378		0.0183102
2379		0.0203395
2380		0.0172762
2381		0.019483
2382		0.0226582
2383		0.0322145
2384		0.0375077
2385		0.0400154
2386		0.0524306
2387		0.0539198
2388		0.0674151
2389		0.0617515
2390		0.0646605
2391		0.0585648
2392		0.0581134
2393		0.0533835
2394		0.0524035
2395		0.0543094
2396		0.0505054
2397		0.0452585
2398		0.041794
2399		0.0346914
2400		0.034375
2401		0.0310417
2402		0.0343789
2403		0.0355594
2404		0.0444907
2405		0.0477585
2406		0.0458951
2407		0.0527739
2408		0.0564738
2409		0.0572377
2410		0.0539275
2411		0.0476929
2412		0.0470525
2413		0.0492207
2414		0.0471412
2415		0.0534452
2416		0.0472492
2417		0.0465201
2418		0.0446836
2419		0.0434336
2420		0.0443904
2421		0.0444753
2422		0.0404128
2423		0.0358333
2424		0.0266435
2425		0.0221605
2426		0.0215046
2427		0.0206481
2428		0.0206944
2429		0.0174537
2430		0.0182485
2431		0.0189738
2432		0.0192785
2433		0.02674
2434		0.0363079
2435		0.0408835
2436		0.048179
2437		0.0527662
2438		0.0528897
2439		0.0562616
2440		0.0597299
2441		0.0585687
2442		0.0605787
2443		0.0597492
2444		0.0624421
2445		0.0635031
2446		0.0654707
2447		0.0629591
2448		0.062581
2449		0.0670949
2450		0.0658951
2451		0.0647608
2452		0.0643711
2453		0.0682677
2454		0.0681404
2455		0.0726427
2456		0.0729977
2457		0.075409
2458		0.0778086
2459		0.0785108
2460		0.0796103
2461		0.0844367
2462		0.0848225
2463		0.087392
2464		0.088233
2465		0.0877353
2466		0.0839159
2467		0.0783989
2468		0.0735301
2469		0.0680401
2470		0.0647647
2471		0.0619136
2472		0.059537
2473		0.0538927
2474		0.0508681
2475		0.045544
2476		0.0468094
2477		0.0478318
2478		0.0452855
2479		0.042311
2480		0.0407523
2481		0.0390201
2482		0.0367593
2483		0.0361304
2484		0.031902
2485		0.0315934
2486		0.0328125
2487		0.0326466
2488		0.0323765
2489		0.0334645
2490		0.0347608
2491		0.0364661
2492		0.0379861
2493		0.0380054
2494		0.0366628
2495		0.039456
2496		0.0385417
2497		0.040598
2498		0.0408449
2499		0.0407292
2500		0.0418094
2501		0.0415046
2502		0.0406944
2503		0.0441744
2504		0.0460648
2505		0.044564
2506		0.0453511
2507		0.0452469
2508		0.0496566
2509		0.0573495
2510		0.0598264
2511		0.0655285
2512		0.0751235
2513		0.0798997
2514		0.0862963
2515		0.087936
2516		0.0866281
2517		0.0825116
2518		0.0783526
2519		0.0778395
2520		0.0778935
2521		0.0775926
2522		0.0799614
2523		0.0759799
2524		0.0797647
2525		0.0831404
2526		0.0799576
2527		0.0775231
2528		0.0760339
2529		0.075598
2530		0.0736265
2531		0.0773302
2532		0.0791165
2533		0.0768287
2534		0.0765779
2535		0.0816242
2536		0.0843056
2537		0.0798457
2538		0.0810185
2539		0.0824074
2540		0.0867515
2541		0.0904321
2542		0.0844869
2543		0.0841204
2544		0.0908603
2545		0.0938889
2546		0.0884606
2547		0.0863117
2548		0.0873495
2549		0.0828627
2550		0.082662
2551		0.0797839
2552		0.081358
2553		0.0825617
2554		0.07924
2555		0.0757677
2556		0.0744097
2557		0.0706983
2558		0.069865
2559		0.0731327
2560		0.0732639
2561		0.0630864
2562		0.0540123
2563		0.0449807
2564		0.0443403
2565		0.0412076
2566		0.0365972
2567		0.0345409
2568		0.0339738
2569		0.0330941
2570		0.0296142
2571		0.0260764
2572		0.0231481
2573		0.0193596
2574		0.0216049
2575		0.0172261
2576		0.0182099
2577		0.0171142
2578		0.0169985
2579		0.0169252
2580		0.0172299
2581		0.0172338
2582		0.0179784
2583		0.0197106
2584		0.019564
2585		0.0170486
2586		0.0166898
2587		0.0180093
2588		0.0180324
2589		0.0203395
2590		0.0198688
2591		0.0197377
2592		0.0180324
2593		0.0182253
2594		0.0199498
2595		0.0205517
2596		0.0205208
2597		0.0205363
2598		0.018561
2599		0.0146026
2600		0.0164005
2601		0.0150887
2602		0.0168711
2603		0.0186227
2604		0.0183218
2605		0.0184144
2606		0.0201659
2607		0.0185455
2608		0.0192091
2609		0.0188773
2610		0.0174576
2611		0.0200309
2612		0.019159
2613		0.0200772
2614		0.0172994
2615		0.0197338
2616		0.0193248
2617		0.0194097
2618		0.0216937
2619		0.0215355
2620		0.0180054
2621		0.0220563
2622		0.0186806
2623		0.0210417
2624		0.0212809
2625		0.0261188
2626		0.0374884
2627		0.0408449
2628		0.0484336
2629		0.0515046
2630		0.0535648
2631		0.0540008
2632		0.0582137
2633		0.0565471
2634		0.0580363
2635		0.060544
2636		0.0642786
2637		0.0700154
2638		0.0761381
2639		0.0770756
2640		0.0840625
2641		0.0908411
2642		0.0955324
2643		0.103295
2644		0.107018
2645		0.108607
2646		0.115849
2647		0.120613
2648		0.124468
2649		0.129479
2650		0.137002
2651		0.135741
2652		0.139826
2653		0.140729
2654		0.141921
2655		0.144128
2656		0.148912
2657		0.150428
2658		0.152091
2659		0.153777
2660		0.15902
2661		0.147442
2662		0.154344
2663		0.157384
2664		0.156231
2665		0.164232
2666		0.158221
2667		0.153573
2668		0.159225
2669		0.163846
2670		0.165988
2671		0.164873
2672		0.16245
2673		0.165992
2674		0.163171
2675		0.169066
2676		0.169684
2677		0.168522
2678		0.165656
2679		0.16289
2680		0.167716
2681		0.162948
2682		0.150035
2683		0.147446
2684		0.147608
2685		0.143171
2686		0.109599
2687		0.105914
2688		0.108584
2689		0.112789
2690		0.111848
2691		0.115386
2692		0.110332
2693		0.110104
2694		0.106671
2695		0.0998881
2696		0.0980054
2697		0.0860918
2698		0.0781597
2699		0.0716628
2700		0.0669136
2701		0.0634221
2702		0.0665856
2703		0.0621991
2704		0.0641049
2705		0.0664506
2706		0.0671836
2707		0.0708835
2708		0.0691628
2709		0.0653897
2710		0.0609221
2711		0.0586651
2712		0.0560532
2713		0.0539506
2714		0.055436
2715		0.0565239
2716		0.0568943
2717		0.0573573
2718		0.056983
2719		0.0581983
2720		0.0573804
2721		0.0569715
2722		0.0549807
2723		0.0564738
2724		0.0558719
2725		0.054919
2726		0.0560378
2727		0.061196
2728		0.0657485
2729		0.0683102
2730		0.0749074
2731		0.0827276
2732		0.0828704
2733		0.08701
2734		0.0907485
2735		0.0939275
2736		0.0965972
2737		0.0990201
2738		0.0985108
2739		0.0989738
2740		0.100193
2741		0.102022
2742		0.105559
2743		0.1075
2744		0.107758
2745		0.101856
2746		0.105309
2747		0.104479
2748		0.107373
2749		0.111998
2750		0.114938
2751		0.112944
2752		0.111998
2753		0.113383
2754		0.118094
2755		0.116038
2756		0.117635
2757		0.122079
2758		0.120482
2759		0.12336
2760		0.124425
2761		0.122782
2762		0.124259
2763		0.126914
2764		0.124892
2765		0.126528
2766		0.129792
2767		0.130467
2768		0.13326
2769		0.134857
2770		0.133117
2771		0.133981
2772		0.134514
2773		0.135089
2774		0.137666
2775		0.141196
2776		0.142901
2777		0.145741
2778		0.147986
2779		0.147377
2780		0.14728
2781		0.148441
2782		0.149606
2783		0.149807
2784		0.148634
2785		0.145872
2786		0.143299
2787		0.142018
2788		0.144514
2789		0.142886
2790		0.143418
2791		0.14059
2792		0.138426
2793		0.138013
2794		0.138958
2795		0.138156
2796		0.139626
2797		0.141717
2798		0.140583
2799		0.141184
2800		0.145258
2801		0.143978
2802		0.143075
2803		0.144819
2804		0.145343
2805		0.146528
2806		0.147816
2807		0.147427
2808		0.149406
2809		0.149309
2810		0.148441
2811		0.146354
2812		0.14679
2813		0.147191
2814		0.149259
2815		0.148133
2816		0.149194
2817		0.148916
2818		0.150629
2819		0.152434
2820		0.151802
2821		0.150069
2822		0.149765
2823		0.152789
2824		0.151265
2825		0.154456
2826		0.15314
2827		0.151578
2828		0.15186
2829		0.150679
2830		0.15218
2831		0.151987
2832		0.152099
2833		0.152222
2834		0.153164
2835		0.150127
2836		0.154205
2837		0.154938
2838		0.15191
2839		0.151655
2840		0.154086
2841		0.154587
2842		0.155768
2843		0.154147
2844		0.15461
2845		0.155228
2846		0.155336
2847		0.155382
2848		0.157296
2849		0.159132
2850		0.161863
2851		0.16576
2852		0.166076
2853		0.167639
2854		0.171192
2855		0.170799
2856		0.169591
2857		0.166489
2858		0.165455
2859		0.161593
2860		0.162461
2861		0.153387
2862		0.155509
2863		0.151466
2864		0.15456
2865		0.154367
2866		0.154788
2867		0.156265
2868		0.154514
2869		0.154803
2870		0.156057
2871		0.156265
2872		0.155525
2873		0.155301
2874		0.154144
2875		0.156235
2876		0.154498
2877		0.155656
2878		0.157191
2879		0.158387
2880		0.154738
2881		0.158781
2882		0.161844
2883		0.162191
2884		0.163607
2885		0.163202
2886		0.172461
2887		0.177222
2888		0.17912
2889		0.175266
2890		0.176798
2891		0.180428
2892		0.181748
2893		0.180417
2894		0.182662
2895		0.178719
2896		0.178893
2897		0.181215
2898		0.181385
2899		0.183283
2900		0.183067
2901		0.183607
2902		0.184873
2903		0.181223
2904		0.182658
2905		0.180725
2906		0.181489
2907		0.182986
2908		0.184429
2909		0.183171
2910		0.184769
2911		0.175799
2912		0.17434
2913		0.174356
2914		0.174749
2915		0.174479
2916		0.174549
2917		0.176948
2918		0.176138
2919		0.175702
2920		0.177373
2921		0.178827
2922		0.180864
2923		0.183638
2924		0.179421
2925		0.180756
2926		0.180552
2927		0.180764
2928		0.177226
2929		0.175513
2930		0.176701
2931		0.178387
2932		0.17983
2933		0.178623
2934		0.178183
2935		0.180814
2936		0.171806
2937		0.171088
2938		0.168503
2939		0.172245
2940		0.172323
2941		0.175984
2942		0.18169
2943		0.182118
2944		0.190316
2945		0.193681
2946		0.198611
2947		0.203727
2948		0.204788
2949		0.210509
2950		0.220421
2951		0.222616
2952		0.225386
2953		0.230448
2954		0.231562
2955		0.2361
2956		0.241713
2957		0.243619
2958		0.251011
2959		0.25451
2960		0.257353
2961		0.270737
2962		0.279236
2963		0.281501
2964		0.287573
2965		0.292897
2966		0.294143
2967		0.297234
2968		0.303113
2969		0.30527
2970		0.310853
2971		0.315992
2972		0.31787
2973		0.321227
2974		0.325262
2975		0.327049
2976		0.330849
2977		0.337076
2978		0.340104
2979		0.341767
2980		0.345274
2981		0.344024
2982		0.345934
2983		0.349722
2984		0.350193
2985		0.35424
2986		0.35142
2987		0.355521
2988		0.356852
2989		0.358538
2990		0.360571
2991		0.366759
2992		0.37304
2993		0.377396
2994		0.3789
2995		0.380536
2996		0.385131
2997		0.389506
2998		0.393086
2999		0.395339
3000		0.400772
3001		0.399379
3002		0.404514
3003		0.403758
3004		0.41081
3005		0.415008
3006		0.417535
3007		0.4237
3008		0.43005
3009		0.436385
3010		0.4413
3011		0.444198
3012		0.451053
3013		0.458982
3014		0.460903
3015		0.462924
3016		0.47039
3017		0.476779
3018		0.485085
3019		0.486813
3020		0.488194
3021		0.496427
3022		0.503291
3023		0.512446
3024		0.508866
3025		0.51642
3026		0.514699
3027		0.514649
3028		0.51272
3029		0.521154
3030		0.517261
3031		0.519093
3032		0.518264
3033		0.516292
3034		0.518306
3035		0.519807
3036		0.511381
3037		0.505204
3038		0.504599
3039		0.505891
3040		0.515945
3041		0.511601
3042		0.516944
3043		0.512531
3044		0.520525
3045		0.516983
3046		0.518873
3047		0.517778
3048		0.518098
3049		0.518723
3050		0.51733
3051		0.522076
3052		0.516049
3053		0.519479
3054		0.518935
3055		0.516038
3056		0.515814
3057		0.513792
3058		0.51228
3059		0.511482
3060		0.521127
3061		0.4963
3062		0.492647
3063		0.492608
3064		0.495691
3065		0.505791
3066		0.511898
3067		0.520255
3068		0.526925
3069		0.529988
3070		0.53049
3071		0.532296
3072		0.524425
3073		0.524221
3074		0.523356
3075		0.527554
3076		0.532693
3077		0.533326
3078		0.527199
3079		0.532654
3080		0.535139
3081		0.543326
3082		0.555498
3083		0.55674
3084		0.557346
3085		0.566007
3086		0.558218
3087		0.564279
3088		0.562226
3089		0.565509
3090		0.567307
3091		0.56625
3092		0.565386
3093		0.564105
3094		0.564514
3095		0.566898
3096		0.570336
3097		0.569309
3098		0.570177
3099		0.563306
3100		0.566277
3101		0.565737
3102		0.576219
3103		0.575625
3104		0.574016
3105		0.572542
3106		0.575243
3107		0.574275
3108		0.575297
3109		0.574757
3110		0.576736
3111		0.543912
3112		0.539977
3113		0.543916
3114		0.546038
3115		0.545964
3116		0.547388
3117		0.546211
3118		0.549753
3119		0.553742
3120		0.5562
3121		0.553839
3122		0.555293
3123		0.558391
3124		0.559915
3125		0.565502
3126		0.566424
3127		0.571505
3128		0.571547
3129		0.57311
3130		0.571254
3131		0.576424
3132		0.568075
3133		0.567238
3134		0.570586
3135		0.575644
3136		0.57265
3137		0.574653
3138		0.576944
3139		0.574711
3140		0.5776
3141		0.581443
3142		0.583692
3143		0.583634
3144		0.584541
3145		0.585675
3146		0.588507
3147		0.593866
3148		0.593507
3149		0.593229
3150		0.594927
3151		0.596354
3152		0.595648
3153		0.593542
3154		0.597307
3155		0.598858
3156		0.59929
3157		0.601813
3158		0.601508
3159		0.602087
3160		0.603341
3161		0.567677
3162		0.569163
3163		0.565633
3164		0.563349
3165		0.568411
3166		0.564703
3167		0.564904
3168		0.565367
3169		0.572095
3170		0.575687
3171		0.57137
3172		0.570432
3173		0.572894
3174		0.573769
3175		0.575775
3176		0.576065
3177		0.577816
3178		0.580471
3179		0.586292
3180		0.586597
3181		0.593688
3182		0.597176
3183		0.601971
3184		0.600035
3185		0.600675
3186		0.60488
3187		0.613372
3188		0.614985
3189		0.615949
3190		0.62061
3191		0.619313
3192		0.624471
3193		0.623407
3194		0.622832
3195		0.628387
3196		0.631971
3197		0.629232
3198		0.625799
3199		0.628106
3200		0.630525
3201		0.632677
3202		0.631385
3203		0.632238
3204		0.635509
3205		0.630745
3206		0.632612
3207		0.633947
3208		0.634583
3209		0.636273
3210		0.632566
3211		0.579232
3212		0.582203
3213		0.584306
3214		0.591991
3215		0.59186
3216		0.587886
3217		0.592774
3218		0.586902
3219		0.591705
3220		0.593248
3221		0.592747
3222		0.594414
3223		0.595876
3224		0.602867
3225		0.601562
3226		0.602928
3227		0.603927
3228		0.606061
3229		0.610181
3230		0.61049
3231		0.613553
3232		0.61186
3233		0.611813
3234		0.615656
3235		0.615309
3236		0.602103
3237		0.604892
3238		0.60728
3239		0.605189
3240		0.607975
3241		0.604749
3242		0.607924
3243		0.608623
3244		0.611215
3245		0.608519
3246		0.606813
3247		0.606616
3248		0.604105
3249		0.608067
3250		0.609622
3251		0.584487
3252		0.584383
3253		0.585428
3254		0.585949
3255		0.586049
3256		0.588507
3257		0.590907
3258		0.589464
3259		0.588094
3260		0.591443
3261		0.590652
3262		0.589093
3263		0.59387
3264		0.598762
3265		0.600575
3266		0.601123
3267		0.599294
3268		0.598692
3269		0.601833
3270		0.603264
3271		0.602836
3272		0.601921
3273		0.601038
3274		0.606705
3275		0.6051
3276		0.609553
3277		0.608302
3278		0.611061
3279		0.615208
3280		0.613005
3281		0.611995
3282		0.615224
3283		0.615752
3284		0.615949
3285		0.616952
3286		0.620193
3287		0.617072
3288		0.622037
3289		0.62304
3290		0.621817
3291		0.618773
3292		0.620174
3293		0.622693
3294		0.62436
3295		0.622724
3296		0.620768
3297		0.620957
3298		0.625471
3299		0.625826
3300		0.625552
3301		0.623684
3302		0.623133
3303		0.623353
3304		0.626408
3305		0.624275
3306		0.622419
3307		0.625968
3308		0.628549
3309		0.626505
3310		0.627847
3311		0.579529
3312		0.577681
3313		0.584992
3314		0.584441
3315		0.584564
3316		0.585953
3317		0.589117
3318		0.589066
3319		0.587319
3320		0.585992
3321		0.584633
3322		0.590336
3323		0.589163
3324		0.588484
3325		0.590282
3326		0.596381
3327		0.594163
3328		0.594688
3329		0.592774
3330		0.594132
3331		0.594433
3332		0.595521
3333		0.598383
3334		0.602805
3335		0.601192
3336		0.603426
3337		0.606991
3338		0.603002
3339		0.604857
3340		0.603445
3341		0.601547
3342		0.601655
3343		0.607851
3344		0.609197
3345		0.609869
3346		0.610494
3347		0.610922
3348		0.613642
3349		0.611343
3350		0.615502
3351		0.619163
3352		0.618904
3353		0.618422
3354		0.619402
3355		0.620837
3356		0.619757
3357		0.619063
3358		0.619387
3359		0.620266
3360		0.621439
3361		0.622731
3362		0.621624
3363		0.620992
3364		0.623511
3365		0.622978
3366		0.624367
3367		0.626254
3368		0.623615
3369		0.621165
3370		0.623688
3371		0.628557
3372		0.625868
3373		0.632512
3374		0.628839
3375		0.627141
3376		0.627759
3377		0.627149
3378		0.628981
3379		0.626273
3380		0.625278
3381		0.628218
3382		0.629633
3383		0.63086
3384		0.631304
3385		0.631304
3386		0.590517
3387		0.587303
3388		0.588831
3389		0.591725
3390		0.59561
3391		0.59821
3392		0.597971
3393		0.598364
3394		0.600289
3395		0.598079
3396		0.599927
3397		0.601925
3398		0.603711
3399		0.606169
3400		0.606123
3401		0.605027
3402		0.604128
3403		0.608256
3404		0.609059
3405		0.610035
3406		0.611327
3407		0.61267
3408		0.61385
3409		0.61071
3410		0.611088
3411		0.597739
3412		0.595937
3413		0.598453
3414		0.604468
3415		0.600617
3416		0.6025
3417		0.6013
3418		0.603704
3419		0.601408
3420		0.600559
3421		0.597778
3422		0.604113
3423		0.601026
3424		0.60287
3425		0.605428
3426		0.606937
3427		0.602292
3428		0.608025
3429		0.606308
3430		0.605174
3431		0.60738
3432		0.607099
3433		0.6087
3434		0.607288
3435		0.611173
3436		0.604603
3437		0.608993
3438		0.608765
3439		0.60885
3440		0.608592
3441		0.611416
3442		0.610093
3443		0.610031
3444		0.611404
3445		0.612847
3446		0.612728
3447		0.61186
3448		0.613356
3449		0.616821
3450		0.61615
3451		0.619552
3452		0.616921
3453		0.618183
3454		0.621381
3455		0.617755
3456		0.621254
3457		0.62054
3458		0.621713
3459		0.623218
3460		0.621107
3461		0.594826
3462		0.595108
3463		0.599475
3464		0.602944
3465		0.601435
3466		0.600494
3467		0.602045
3468		0.606323
3469		0.604549
3470		0.606211
3471		0.606308
3472		0.607612
3473		0.608183
3474		0.609279
3475		0.609522
3476		0.607635
3477		0.609695
3478		0.610718
3479		0.613198
3480		0.615081
3481		0.621034
3482		0.619934
3483		0.619471
3484		0.619938
3485		0.618557
3486		0.614491
3487		0.612245
3488		0.613295
3489		0.616049
3490		0.618221
3491		0.625783
3492		0.624518
3493		0.629529
3494		0.629379
3495		0.633723
3496		0.630629
3497		0.634101
3498		0.63446
3499		0.635567
3500		0.634552
3501		0.618214
3502		0.616308
3503		0.621902
3504		0.622326
3505		0.621404
3506		0.623492
3507		0.620062
3508		0.623071
3509		0.621605
3510		0.624228
3511		0.57022
3512		0.566424
3513		0.571003
3514		0.565733
3515		0.569772
3516		0.571914
3517		0.573569
3518		0.579074
3519		0.578252
3520		0.581848
3521		0.580922
3522		0.582454
3523		0.583985
3524		0.59059
3525		0.591605
3526		0.592284
3527		0.595733
3528		0.599807
3529		0.600463
3530		0.603356
3531		0.601998
3532		0.605463
3533		0.603931
3534		0.606728
3535		0.606103
3536		0.613939
3537		0.613954
3538		0.613507
3539		0.610177
3540		0.612681
3541		0.614487
3542		0.613958
3543		0.620995
3544		0.619101
3545		0.619564
3546		0.622573
3547		0.622519
3548		0.621782
3549		0.625961
3550		0.626084
3551		0.627145
3552		0.626921
3553		0.628796
3554		0.628426
3555		0.626227
3556		0.628264
3557		0.627411
3558		0.629576
3559		0.630023
3560		0.62838
3561		0.619931
3562		0.618611
3563		0.624934
3564		0.622519
3565		0.626034
3566		0.627137
3567		0.626481
3568		0.626431
3569		0.627199
3570		0.636524
3571		0.635127
3572		0.639498
3573		0.639182
3574		0.641304
3575		0.644035
3576		0.645702
3577		0.647072
3578		0.647195
3579		0.651979
3580		0.648383
3581		0.648445
3582		0.651127
3583		0.653113
3584		0.653688
3585		0.650841
3586		0.652133
3587		0.650193
3588		0.649475
3589		0.649753
3590		0.653422
3591		0.652481
3592		0.649904
3593		0.650849
3594		0.651211
3595		0.62196
3596		0.619846
3597		0.624657
3598		0.629726
3599		0.628831
3600		0.632245
3601		0.62831
3602		0.631373
3603		0.629487
3604		0.628827
3605		0.630887
3606		0.630054
3607		0.632022
3608		0.631725
3609		0.632076
3610		0.632377
3611		0.633357
3612		0.63397
3613		0.634271
3614		0.635432
3615		0.634807
3616		0.632307
3617		0.633623
3618		0.636269
3619		0.636836
3620		0.593052
3621		0.593723
3622		0.601917
3623		0.599132
3624		0.606208
3625		0.606451
3626		0.6075
3627		0.609402
3628		0.612535
3629		0.612461
3630		0.614066
3631		0.615058
3632		0.61625
3633		0.622816
3634		0.620775
3635		0.625745
3636		0.627191
3637		0.631817
3638		0.636019
3639		0.636601
3640		0.639279
3641		0.636192
3642		0.635127
3643		0.640818
3644		0.639718
3645		0.645629
3646		0.642473
3647		0.645235
3648		0.643009
3649		0.641732
3650		0.645671
3651		0.644344
3652		0.650556
3653		0.647766
3654		0.646451
3655		0.647103
3656		0.6464
3657		0.646478
3658		0.648299
3659		0.644452
3660		0.643789
3661		0.648441
3662		0.649082
3663		0.647894
3664		0.648673
3665		0.645459
3666		0.649861
3667		0.648843
3668		0.645529
3669		0.648117
3670		0.616107
3671		0.618302
3672		0.625154
3673		0.621111
3674		0.624371
3675		0.621998
3676		0.623233
3677		0.623376
3678		0.621528
3679		0.624124
3680		0.619059
3681		0.621466
3682		0.62821
3683		0.628021
3684		0.626616
3685		0.631346
3686		0.631674
3687		0.633137
3688		0.630451
3689		0.6336
3690		0.633627
3691		0.635324
3692		0.630301
3693		0.635698
3694		0.636308
3695		0.62782
3696		0.63238
3697		0.633951
3698		0.633924
3699		0.629441
3700		0.625239
3701		0.626196
3702		0.625702
3703		0.628665
3704		0.625714
3705		0.62919
3706		0.62968
3707		0.62995
3708		0.635019
3709		0.634796
3710		0.639063
3711		0.637535
3712		0.637241
3713		0.638866
3714		0.643576
3715		0.643187
3716		0.642311
3717		0.64657
3718		0.64782
3719		0.64385
3720		0.613893
3721		0.616343
3722		0.616462
3723		0.619599
3724		0.620718
3725		0.621802
3726		0.622226
3727		0.619402
3728		0.617801
3729		0.619537
3730		0.617377
3731		0.616431
3732		0.62113
3733		0.622322
3734		0.620104
3735		0.622249
3736		0.622593
3737		0.621667
3738		0.624456
3739		0.626076
3740		0.62564
3741		0.624441
3742		0.619742
3743		0.62255
3744		0.620849
3745		0.613657
3746		0.611042
3747		0.611906
3748		0.614039
3749		0.611975
3750		0.613476
3751		0.601744
3752		0.605529
3753		0.603241
3754		0.603835
3755		0.606138
3756		0.606204
3757		0.60762
3758		0.611956
3759		0.612103
3760		0.616057
3761		0.615895
3762		0.616601
3763		0.613495
3764		0.619946
3765		0.615459
3766		0.618083
3767		0.614846
3768		0.616358
3769		0.613684
3770		0.562083
3771		0.566358
3772		0.569475
3773		0.569961
3774		0.57522
3775		0.575478
3776		0.574849
3777		0.575586
3778		0.577257
3779		0.577971
3780		0.575787
3781		0.578245
3782		0.579144
3783		0.578889
3784		0.579059
3785		0.584402
3786		0.584919
3787		0.586474
3788		0.588395
3789		0.587662
3790		0.590725
3791		0.589904
3792		0.592488
3793		0.593978
3794		0.596153
3795		0.58478
3796		0.585826
3797		0.590768
3798		0.590417
3799		0.590069
3800		0.591508
3801		0.591354
3802		0.592789
3803		0.601192
3804		0.601975
3805		0.601636
3806		0.600637
3807		0.601242
3808		0.601327
3809		0.606883
3810		0.603337
3811		0.605451
3812		0.604726
3813		0.606829
3814		0.609707
3815		0.610914
3816		0.612901
3817		0.611821
3818		0.615177
3819		0.615999
3820		0.624907
3821		0.628029
3822		0.626543
3823		0.627446
3824		0.63093
3825		0.626269
3826		0.634784
3827		0.62821
3828		0.633665
3829		0.634502
3830		0.633893
3831		0.637593
3832		0.643245
3833		0.642238
3834		0.641663
3835		0.645374
3836		0.645143
3837		0.6511
3838		0.649263
3839		0.650999
3840		0.652789
3841		0.653491
3842		0.654147
3843		0.656601
3844		0.658789
3845		0.654919
3846		0.651227
3847		0.654394
3848		0.658032
3849		0.656998
3850		0.656968
3851		0.658993
3852		0.659263
3853		0.659444
3854		0.666134
3855		0.667882
3856		0.673638
3857		0.672793
3858		0.675748
3859		0.67635
3860		0.679221
3861		0.686281
3862		0.688974
3863		0.6849
3864		0.69142
3865		0.690995
3866		0.685702
3867		0.685417
3868		0.680675
3869		0.682847
3870		0.629375
3871		0.625968
3872		0.630008
3873		0.627515
3874		0.629703
3875		0.632681
3876		0.634217
3877		0.633279
3878		0.633569
3879		0.6389
3880		0.635853
3881		0.642546
3882		0.645494
3883		0.644522
3884		0.641833
3885		0.640089
3886		0.644633
3887		0.646258
3888		0.644101
3889		0.646755
3890		0.646624
3891		0.649275
3892		0.650162
3893		0.653549
3894		0.654259
3895		0.660864
3896		0.655687
3897		0.658221
3898		0.661929
3899		0.664086
3900		0.663113
3901		0.663372
3902		0.660721
3903		0.669414
3904		0.667793
3905		0.672828
3906		0.679356
3907		0.677994
3908		0.676277
3909		0.674757
3910		0.6736
3911		0.676613
3912		0.677346
3913		0.678549
3914		0.678619
3915		0.680023
3916		0.678947
3917		0.678079
3918		0.677207
3919		0.679784
3920		0.651825
3921		0.651875
3922		0.652052
3923		0.657986
3924		0.659398
3925		0.658515
3926		0.656644
3927		0.659533
3928		0.660413
3929		0.654387
3930		0.658684
3931		0.659198
3932		0.661323
3933		0.661435
3934		0.661736
3935		0.661103
3936		0.662674
3937		0.658773
3938		0.660683
3939		0.66424
3940		0.666076
3941		0.659653
3942		0.66461
3943		0.665664
3944		0.668727
3945		0.642816
3946		0.644456
3947		0.649086
3948		0.649815
3949		0.649394
3950		0.644236
3951		0.649306
3952		0.645031
3953		0.649286
3954		0.645093
3955		0.64939
3956		0.653692
3957		0.658854
3958		0.656821
3959		0.652226
3960		0.656574
3961		0.654383
3962		0.653993
3963		0.657955
3964		0.660772
3965		0.657959
3966		0.655872
3967		0.661759
3968		0.665733
3969		0.662076
3970		0.669016
3971		0.671227
3972		0.671478
3973		0.671929
3974		0.673846
3975		0.67304
3976		0.67537
3977		0.674753
3978		0.672431
3979		0.672539
3980		0.678036
3981		0.680714
3982		0.682728
3983		0.681022
3984		0.683507
3985		0.685899
3986		0.677099
3987		0.679352
3988		0.673009
3989		0.679228
3990		0.681169
3991		0.684387
3992		0.686169
3993		0.686806
3994		0.68664
3995		0.664788
3996		0.663137
3997		0.6639
3998		0.659329
3999		0.660336
4000		0.660613
4001		0.634938
4002		0.63951
4003		0.643495
4004		0.644209
4005		0.64537
4006		0.656285
4007		0.655718
4008		0.658356
4009		0.661647
4010		0.66245
4011		0.663974
4012		0.662299
4013		0.662145
4014		0.663036
4015		0.664904
4016		0.666728
4017		0.665953
4018		0.667681
4019		0.666327
4020		0.633426
4021		0.632897
4022		0.633218
4023		0.633218
4024		0.639506
4025		0.637176
4026		0.634622
4027		0.63907
4028		0.640108
4029		0.648823
4030		0.646944
4031		0.647762
4032		0.644726
4033		0.646192
4034		0.654568
4035		0.654086
4036		0.649776
4037		0.653491
4038		0.659159
4039		0.669097
4040		0.670922
4041		0.66946
4042		0.665714
4043		0.657751
4044		0.659024
4045		0.613152
4046		0.607878
4047		0.609221
4048		0.615463
4049		0.621721
4050		0.61512
4051		0.618951
4052		0.625934
4053		0.623681
4054		0.620185
4055		0.626204
4056		0.640154
4057		0.63961
4058		0.628183
4059		0.624252
4060		0.630042
4061		0.627496
4062		0.63441
4063		0.635189
4064		0.642593
4065		0.639325
4066		0.646188
4067		0.635671
4068		0.635162
4069		0.634668
4070		0.655937
4071		0.656084
4072		0.659857
4073		0.670224
4074		0.66735
4075		0.663619
4076		0.671763
4077		0.669155
4078		0.664282
4079		0.65745
4080		0.663908
4081		0.662485
4082		0.663314
4083		0.66745
4084		0.666161
4085		0.668106
4086		0.668827
4087		0.670691
4088		0.675421
4089		0.675374
4090		0.676794
4091		0.675957
4092		0.678754
4093		0.676867
4094		0.677056
4095		0.653584
4096		0.65637
4097		0.653048
4098		0.655448
4099		0.654977
4100		0.658789
4101		0.665339
4102		0.658746
4103		0.66304
4104		0.665266
4105		0.660448
4106		0.667465
4107		0.662523
4108		0.666883
4109		0.656238
4110		0.655679
4111		0.657593
4112		0.662215
4113		0.660671
4114		0.664001
4115		0.658974
4116		0.665351
4117		0.666535
4118		0.664136
4119		0.66929
4120		0.679062
4121		0.680594
4122		0.683935
4123		0.679433
4124		0.685174
4125		0.684082
4126		0.68608
4127		0.680189
4128		0.684205
4129		0.680706
4130		0.679117
4131		0.677797
4132		0.680123
4133		0.679282
4134		0.686825
4135		0.6851
4136		0.68794
4137		0.685382
4138		0.681127
4139		0.683642
4140		0.679888
4141		0.682542
4142		0.682438
4143		0.685212
4144		0.681292
4145		0.615471
4146		0.619834
4147		0.618445
4148		0.619996
4149		0.624398
4150		0.622755
4151		0.622963
4152		0.625934
4153		0.632589
4154		0.630054
4155		0.628476
4156		0.635745
4157		0.63664
4158		0.63853
4159		0.650872
4160		0.654626
4161		0.651242
4162		0.657481
4163		0.66005
4164		0.662423
4165		0.657029
4166		0.665347
4167		0.663283
4168		0.666698
4169		0.66863
4170		0.654213
4171		0.658009
4172		0.662743
4173		0.650968
4174		0.657018
4175		0.672778
4176		0.673912
4177		0.669441
4178		0.673831
4179		0.674988
4180		0.677002
4181		0.689441
4182		0.688499
4183		0.694051
4184		0.69561
4185		0.692006
4186		0.689583
4187		0.691535
4188		0.688885
4189		0.6937
4190		0.696948
4191		0.700552
4192		0.705505
4193		0.699398
4194		0.70527
4195		0.694178
4196		0.692087
4197		0.696794
4198		0.698102
4199		0.701964
4200		0.698623
4201		0.708102
4202		0.704927
4203		0.70414
4204		0.705224
4205		0.703889
4206		0.708723
4207		0.708526
4208		0.717882
4209		0.715285
4210		0.719576
4211		0.722126
4212		0.71679
4213		0.717704
4214		0.721146
4215		0.72439
4216		0.721316
4217		0.723021
4218		0.721883
4219		0.72265
4220		0.684942
4221		0.684051
4222		0.679888
4223		0.685529
4224		0.683935
4225		0.673723
4226		0.674005
4227		0.671246
4228		0.674259
4229		0.679163
4230		0.677072
4231		0.682141
4232		0.674012
4233		0.674927
4234		0.683661
4235		0.688067
4236		0.692951
4237		0.693229
4238		0.684336
4239		0.687755
4240		0.647809
4241		0.64039
4242		0.648819
4243		0.635444
4244		0.618742
4245		0.617643
4246		0.619363
4247		0.615779
4248		0.607986
4249		0.601933
4250		0.607037
4251		0.570131
4252		0.574066
4253		0.572689
4254		0.573603
4255		0.549356
4256		0.547793
4257		0.548877
4258		0.547936
4259		0.544479
4260		0.545976
4261		0.544171
4262		0.543287
4263		0.536092
4264		0.541478
4265		0.541393
4266		0.543642
4267		0.552612
4268		0.55537
4269		0.560085
4270		0.552199
4271		0.569109
4272		0.571775
4273		0.58228
4274		0.589946
4275		0.590008
4276		0.59358
4277		0.596069
4278		0.598144
4279		0.590123
4280		0.594117
4281		0.601061
4282		0.599699
4283		0.606589
4284		0.604039
4285		0.607666
4286		0.614923
4287		0.620135
4288		0.625363
4289		0.635463
4290		0.633708
4291		0.639923
4292		0.655579
4293		0.642913
4294		0.642739
4295		0.64615
4296		0.647944
4297		0.646806
4298		0.663993
4299		0.664163
4300		0.673245
4301		0.662064
4302		0.6589
4303		0.652581
4304		0.652342
4305		0.649896
4306		0.655505
4307		0.64978
4308		0.653935
4309		0.655147
4310		0.661678
4311		0.657114
4312		0.665274
4313		0.668322
4314		0.671481
4315		0.668025
4316		0.675459
4317		0.67603
4318		0.661694
4319		0.662955
4320		0.642728
4321		0.640397
4322		0.642928
4323		0.640941
4324		0.639101
4325		0.633534
4326		0.628241
4327		0.634186
4328		0.625679
4329		0.624383
4330		0.615779
4331		0.612828
4332		0.615181
4333		0.614931
4334		0.613434
4335		0.613353
4336		0.605193
4337		0.602203
4338		0.59713
4339		0.595486
4340		0.59429
4341		0.605714
4342		0.605613
4343		0.611377
4344		0.61326
4345		0.595664
4346		0.607396
4347		0.609695
4348		0.629703
4349		0.62978
4350		0.632041
4351		0.633538
4352		0.636956
4353		0.629977
4354		0.633596
4355		0.635818
4356		0.630027
4357		0.629518
4358		0.622438
4359		0.624927
4360		0.622268
4361		0.625247
4362		0.62765
4363		0.622184
4364		0.623488
4365		0.621211
4366		0.625131
4367		0.619198
4368		0.616752
4369		0.623908
4370		0.628684
4371		0.624379
4372		0.633472
4373		0.637296
4374		0.633858
4375		0.637901
4376		0.637326
4377		0.630023
4378		0.632928
4379		0.628642
4380		0.627527
4381		0.631528
4382		0.627338
4383		0.622917
4384		0.63338
4385		0.631451
4386		0.633931
4387		0.634333
4388		0.628951
4389		0.625849
4390		0.621601
4391		0.625139
4392		0.621431
4393		0.614124
4394		0.601655
4395		0.603769
4396		0.597126
4397		0.581952
4398		0.577296
4399		0.567404
4400		0.554819
4401		0.555181
4402		0.550625
4403		0.542242
4404		0.540251
4405		0.54108
4406		0.534252
4407		0.53206
4408		0.532998
4409		0.533341
4410		0.534931
4411		0.530274
4412		0.528171
4413		0.524205
4414		0.531458
4415		0.534599
4416		0.530166
4417		0.524271
4418		0.516717
4419		0.516254
4420		0.50559
4421		0.503646
4422		0.502986
4423		0.510733
4424		0.51071
4425		0.508198
4426		0.513627
4427		0.518812
4428		0.52076
4429		0.533044
4430		0.533657
4431		0.540691
4432		0.544934
4433		0.547184
4434		0.551458
4435		0.551142
4436		0.550934
4437		0.550826
4438		0.545567
4439		0.541273
4440		0.545868
4441		0.546474
4442		0.553812
4443		0.548985
4444		0.553295
4445		0.567392
4446		0.571412
4447		0.572504
4448		0.573661
4449		0.569514
4450		0.5739
4451		0.580405
4452		0.588221
4453		0.586227
4454		0.594352
4455		0.597199
4456		0.602743
4457		0.608627
4458		0.61429
4459		0.620301
4460		0.625637
4461		0.622797
4462		0.627168
4463		0.631609
4464		0.631593
4465		0.630081
4466		0.627519
4467		0.6239
4468		0.621902
4469		0.623326
4470		0.594059
4471		0.589772
4472		0.595301
4473		0.596397
4474		0.598117
4475		0.602157
4476		0.588889
4477		0.58988
4478		0.587654
4479		0.586968
4480		0.579938
4481		0.579703
4482		0.574248
4483		0.569668
4484		0.563252
4485		0.561308
4486		0.552242
4487		0.540756
4488		0.53
4489		0.527149
4490		0.513893
4491		0.515451
4492		0.507311
4493		0.495494
4494		0.488943
4495		0.483434
4496		0.479259
4497		0.479506
4498		0.479448
4499		0.479421
4500		0.479634
4501		0.468376
4502		0.470845
4503		0.472307
4504		0.485258
4505		0.485718
4506		0.490826
4507		0.498951
4508		0.495559
4509		0.497948
4510		0.497647
4511		0.496586
4512		0.492296
4513		0.494032
4514		0.490498
4515		0.489606
4516		0.490073
4517		0.490992
4518		0.487635
4519		0.479471
4520		0.448341
4521		0.457843
4522		0.460718
4523		0.457504
4524		0.458808
4525		0.473237
4526		0.462878
4527		0.472446
4528		0.476339
4529		0.486373
4530		0.50044
4531		0.498225
4532		0.499082
4533		0.492458
4534		0.485293
4535		0.482434
4536		0.481578
4537		0.470826
4538		0.469796
4539		0.474718
4540		0.472207
4541		0.473241
4542		0.477079
4543		0.485297
4544		0.475725
4545		0.46245
4546		0.463611
4547		0.468546
4548		0.470463
4549		0.468495
4550		0.465737
4551		0.462072
4552		0.465536
4553		0.465725
4554		0.473067
4555		0.482485
4556		0.48108
4557		0.482812
4558		0.455837
4559		0.452083
4560		0.449965
4561		0.45262
4562		0.45037
4563		0.444267
4564		0.459062
4565		0.452442
4566		0.452832
4567		0.450502
4568		0.454012
4569		0.455764
4570		0.442508
4571		0.425189
4572		0.436836
4573		0.444383
4574		0.451586
4575		0.45684
4576		0.460567
4577		0.455224
4578		0.461559
4579		0.456879
4580		0.458681
4581		0.452569
4582		0.4574
4583		0.459614
4584		0.461605
4585		0.452774
4586		0.452874
4587		0.451582
4588		0.443106
4589		0.449969
4590		0.45238
4591		0.46037
4592		0.467809
4593		0.477747
4594		0.476917
4595		0.445536
4596		0.450139
4597		0.458596
4598		0.464533
4599		0.452307
4600		0.454815
4601		0.453441
4602		0.455374
4603		0.445127
4604		0.444552
4605		0.448623
4606		0.440239
4607		0.43326
4608		0.435972
4609		0.437535
4610		0.435853
4611		0.433904
4612		0.42782
4613		0.420285
4614		0.414738
4615		0.4124
4616		0.410359
4617		0.411046
4618		0.414965
4619		0.404213
4620		0.389151
4621		0.384124
4622		0.388468
4623		0.389888
4624		0.375625
4625		0.366092
4626		0.362361
4627		0.36088
4628		0.352755
4629		0.347917
4630		0.348241
4631		0.34777
4632		0.350108
4633		0.354209
4634		0.346161
4635		0.342708
4636		0.345355
4637		0.339232
4638		0.339059
4639		0.344132
4640		0.355953
4641		0.356404
4642		0.346759
4643		0.358063
4644		0.355174
4645		0.357986
4646		0.364016
4647		0.36701
4648		0.368858
4649		0.378044
4650		0.376489
4651		0.388576
4652		0.396713
4653		0.394657
4654		0.399336
4655		0.409757
4656		0.409541
4657		0.416003
4658		0.422847
4659		0.419313
4660		0.402747
4661		0.40076
4662		0.39885
4663		0.408592
4664		0.401794
4665		0.401107
4666		0.393079
4667		0.394036
4668		0.399556
4669		0.397639
4670		0.393742
4671		0.39419
4672		0.379028
4673		0.369988
4674		0.367442
4675		0.364051
4676		0.3575
4677		0.356312
4678		0.349352
4679		0.346319
4680		0.337905
4681		0.324109
4682		0.322029
4683		0.319267
4684		0.313762
4685		0.312647
4686		0.307986
4687		0.313754
4688		0.321597
4689		0.321987
4690		0.320023
4691		0.315953
4692		0.317346
4693		0.304684
4694		0.306366
4695		0.292905
4696		0.294699
4697		0.287157
4698		0.293978
4699		0.298117
4700		0.304923
4701		0.3
4702		0.305154
4703		0.306439
4704		0.301786
4705		0.315343
4706		0.318426
4707		0.320463
4708		0.32365
4709		0.327809
4710		0.336968
4711		0.345482
4712		0.343962
4713		0.348171
4714		0.352442
4715		0.361628
4716		0.360297
4717		0.366794
4718		0.374907
4719		0.374954
4720		0.38314
4721		0.37669
4722		0.364232
4723		0.370274
4724		0.370976
4725		0.372064
4726		0.357697
4727		0.365201
4728		0.366836
4729		0.368711
4730		0.358846
4731		0.356586
4732		0.355594
4733		0.354545
4734		0.351319
4735		0.352114
4736		0.354055
4737		0.355976
4738		0.353962
4739		0.343102
4740		0.344294
4741		0.338735
4742		0.342739
4743		0.343133
4744		0.335027
4745		0.316964
4746		0.319873
4747		0.311975
4748		0.310841
4749		0.30858
4750		0.299028
4751		0.271555
4752		0.275629
4753		0.28277
4754		0.270359
4755		0.267944
4756		0.258769
4757		0.242936
4758		0.235247
4759		0.225247
4760		0.214209
4761		0.210648
4762		0.202716
4763		0.193017
4764		0.188164
4765		0.17821
4766		0.172342
4767		0.166555
4768		0.165968
4769		0.166883
4770		0.161921
4771		0.153098
4772		0.157068
4773		0.162253
4774		0.153549
4775		0.13831
4776		0.135907
4777		0.123457
4778		0.11463
4779		0.114028
4780		0.113773
4781		0.103434
4782		0.104954
4783		0.0953974
4784		0.0861381
4785		0.0782909
4786		0.0721721
4787		0.069784
4788		0.0665625
4789		0.0574923
4790		0.0543827
4791		0.0493981
4792		0.0431983
4793		0.038017
4794		0.0361728
4795		0.029919
4796		0.0254475
4797		0.0256057
4798		0.0237346
4799		0.0205324
4800		0.0181674
4801		0.0157253
4802		0.0128395
4803		0.0102855
4804		0.00646991
4805		0.00880401
4806		0.00794753
4807		0.00781636
4808		0.00839506
4809		0.00962963
4810		0.0085571
4811		0.00967593
4812		0.00854167
4813		0.00875772
4814		0.010216
4815		0.00905093
4816		0.010544
4817		0.00905093
4818		0.0102855
4819		0.00901235
4820		0.00849537
4821		0.0102238
4822		0.00752315
4823		0.00814043
4824		0.0127971
4825		0.0111574
4826		0.0117515
4827		0.0101119
4828		0.0104475
4829		0.0112654
4830		0.00822531
4831		0.0081713
4832		0.00802469
4833		0.00920525
4834		0.0141975
4835		0.0153164
4836		0.0163889
4837		0.017446
4838		0.0158025
4839		0.0164159
4840		0.0149306
4841		0.0144907
4842		0.0153549
4843		0.0176852
4844		0.0179514
4845		0.0159722
4846		0.0162616
4847		0.0175964
4848		0.0177006
4849		0.0172454
4850		0.0175309
4851		0.0174691
4852		0.0188773
4853		0.018071
4854		0.0192708
4855		0.0183951
4856		0.0186574
4857		0.0196451
4858		0.0176929
4859		0.0124537
4860		0.016142
4861		0.014784
4862		0.0157562
4863		0.0149228
4864		0.0144059
4865		0.0149923
4866		0.0135069
4867		0.0140355
4868		0.0129167
4869		0.0124074
4870		0.0140046
4871		0.0125926
4872		0.0142361
4873		0.0144213
4874		0.0141705
4875		0.0142747
4876		0.0146142
4877		0.0153704
4878		0.0140972
4879		0.0141281
4880		0.0155941
4881		0.0142438
4882		0.0157639
4883		0.0149691
4884		0.0168364
4885		0.0169136
4886		0.0165664
4887		0.0168094
4888		0.0169136
4889		0.0174769
4890		0.0186728
4891		0.0192824
4892		0.0176775
4893		0.0186188
4894		0.0170525
4895		0.0169676
4896		0.0184028
4897		0.0201312
4898		0.0195448
4899		0.0185841
4900		0.0193827
4901		0.0212654
4902		0.0225849
4903		0.0232485
4904		0.0226852
4905		0.0241821
4906		0.0213426
4907		0.0211034
4908		0.0200231
4909		0.0175694
4910		0.0190895
4911		0.0143441
4912		0.0124846
4913		0.0111034
4914		0.00828704
4915		0.00775463
4916		0.0131713
4917		0.0180093
4918		0.0239738
4919		0.0281867
4920		0.0372685
4921		0.0388426
4922		0.0399306
4923		0.0454861
4924		0.043831
4925		0.0447569
4926		0.0546875
4927		0.0644946
4928		0.0699036
4929		0.0806829
4930		0.0909684
4931		0.0946181
4932		0.0998148
4933		0.0985417
4934		0.0958179
4935		0.0970062
4936		0.0977893
4937		0.0992785
4938		0.100995
4939		0.103137
4940		0.102114
4941		0.104834
4942		0.106871
4943		0.107168
4944		0.108777
4945		0.108754
4946		0.109348
4947		0.112037
4948		0.110532
4949		0.108781
4950		0.112523
4951		0.113395
4952		0.110856
4953		0.107454
4954		0.105204
4955		0.103341
4956		0.102662
4957		0.0953935
4958		0.0981289
4959		0.0831366
4960		0.0897299
4961		0.0892978
4962		0.083534
4963		0.0766744
4964		0.078696
4965		0.0713465
4966		0.0703009
4967		0.0688387
4968		0.0669522
4969		0.072608
4970		0.0661651
4971		0.0673032
4972		0.0553202
4973		0.0622377
4974		0.0593364
4975		0.0675077
4976		0.0677238
4977		0.071358
4978		0.0638812
4979		0.0640162
4980		0.0591821
4981		0.0564892
4982		0.0585532
4983		0.0603935
4984		0.0570872
4985		0.0522338
4986		0.0541088
4987		0.0548573
4988		0.0530787
4989		0.0538773
4990		0.0552623
4991		0.0600463
4992		0.0544985
4993		0.0587191
4994		0.0603164
4995		0.0570988
4996		0.0646296
4997		0.0678742
4998		0.0692901
4999		0.0725656
5000		0.0740972
5001		0.0714583
5002		0.0694985
5003		0.0709144
5004		0.0685301
5005		0.0730787
5006		0.0775
5007		0.0808681
5008		0.0852199
5009		0.0706867
5010		0.0655324
5011		0.0647685
5012		0.0629128
5013		0.0590741
5014		0.0553086
5015		0.0515509
5016		0.0419059
5017		0.0407793
5018		0.0441204
5019		0.0468364
5020		0.0483411
5021		0.0479321
5022		0.0472068
5023		0.0415741
5024		0.0440046
5025		0.0384182
5026		0.0372068
5027		0.0366821
5028		0.03375
5029		0.0317901
5030		0.0291589
5031		0.0252971
5032		0.0238657
5033		0.020625
5034		0.0188889
5035		0.0143519
5036		0.0172762
5037		0.0176389
5038		0.0176235
5039		0.0178395
5040		0.016929
5041		0.0191551
5042		0.0188079
5043		0.0209491
5044		0.0246875
5045		0.0237539
5046		0.0297955
5047		0.0345062
5048		0.0401157
5049		0.0490818
5050		0.0608179
5051		0.0695177
5052		0.0828781
5053		0.0931867
5054		0.101987
5055		0.113191
5056		0.125147
5057		0.127589
5058		0.140957
5059		0.150193
5060		0.153769
5061		0.169421
5062		0.174877
5063		0.182967
5064		0.196443
5065		0.205201
5066		0.209479
5067		0.225004
5068		0.231466
5069		0.237967
5070		0.248426
5071		0.26152
5072		0.264695
5073		0.269668
5074		0.272002
5075		0.274892
5076		0.284302
5077		0.286802
5078		0.286489
5079		0.297465
5080		0.291836
5081		0.289715
5082		0.28
5083		0.284907
5084		0.297836
5085		0.294217
5086		0.288125
5087		0.28809
5088		0.282739
5089		0.269537
5090		0.269475
5091		0.262346
5092		0.255652
5093		0.255721
5094		0.25512
5095		0.251215
5096		0.252218
5097		0.244857
5098		0.245532
5099		0.24191
5100		0.236327
5101		0.230386
5102		0.225783
5103		0.218754
5104		0.209306
5105		0.207292
5106		0.202199
5107		0.188889
5108		0.183017
5109		0.181196
5110		0.168565
5111		0.161929
5112		0.151632
5113		0.137924
5114		0.131821
5115		0.125694
5116		0.110621
5117		0.105775
5118		0.095733
5119		0.0835378
5120		0.082581
5121		0.0723032
5122		0.0573881
5123		0.0507137
5124		0.0466589
5125		0.0386998
5126		0.0327816
5127		0.0258719
5128		0.0232832
5129		0.0201813
5130		0.0170255
5131		0.0113542
5132		0.0102662
5133		0.00749614
5134		0.00358796
5135		0.00505401
5136		0.00434414
5137		0.00597994
5138		0.00434414
5139		0.00467593
5140		0.00564815
5141		0.00434414
5142		0.00597608
5143		0.00434414
5144		0.00564815
5145		0.00434414
5146		0.00434414
5147		0.0060841
5148		0.00622685
5149		0.00625
5150		0.00564815
5151		0.00434414
5152		0.0038966
5153		0.0038966
5154		0.00292438
5155		0.00292438
5156		0.00597994
5157		0.00466821
5158		0.00564815
5159		0.00564815
5160		0.0062963
5161		0.00499228
5162		0.00662809
5163		0.00494599
5164		0.0064429
5165		0.0048071
5166		0.00527392
5167		0.00625
5168		0.00494599
5169		0.00657793
5170		0.0048071
5171		0.00652778
5172		0.00664352
5173		0.00509645
5174		0.0050463
5175		0.00491898
5176		0.00491898
5177		0.00491898
5178		0.00450232
5179		0.00483025
5180		0.00450232
5181		0.00447531
5182		0.00447531
5183		0.00513889
5184		0.00476466
5185		0.00465278
5186		0.00256944
5187		0.00449846
5188		0.00361883
5189		0.00361883
5190		0.00253858
5191		0.00287037
5192		0.00259259
5193		0.00259259
5194		0.00292438
5195		0.0022608
5196		0.00259259
5197		0.0022608
5198		0.00259259
5199		0.0022608
5200		0.00434414
5201		0.00434414
5202		0.00467593
5203		0.00401235
5204		0.00434414
5205		0.00401235
5206		0.00450232
5207		0.00419367
5208		0.0057909
5209		0.00579089
5210		0.00452546
5211		0.00434028
5212		0.00433256
5213		0.00440972
5214		0.00587191
5215		0.00558256
5216		0.00474151
5217		0.00466821
5218		0.00400463
5219		0.00466821
5220		0.00564043
5221		0.00489198
5222		0.00489583
5223		0.00522762
5224		0.0047608
5225		0.00442901
5226		0.0047608
5227		0.00509259
5228		0.00509259
5229		0.0047608
5230		0.00509259
5231		0.00434414
5232		0.00401235
5233		0.00416667
5234		0.0030787
5235		0.00416667
5236		0.00434414
5237		0.00434414
5238		0.00401235
5239		0.00462191
5240		0.00594136
5241		0.00449846
5242		0.00483025
5243		0.00434414
5244		0.00434414
5245		0.00300926
5246		0.00259259
5247		0.00334105
5248		0.00640432
5249		0.0047608
5250		0.0022608
5251		0.00328704
5252		0.00537037
5253		0.00501543
5254		0.00474923
5255		0.00508102
5256		0.00401235
5257		0.0100193
5258		0.016659
5259		0.0189815
5260		0.0292052
5261		0.0364275
5262		0.039919
5263		0.0445448
5264		0.0486613
5265		0.0499961
5266		0.0515355
5267		0.0545525
5268		0.0550386
5269		0.0566975
5270		0.0589506
5271		0.0602392
5272		0.0592824
5273		0.059564
5274		0.062091
5275		0.0632639
5276		0.0642323
5277		0.0612346
5278		0.0620139
5279		0.0607716
5280		0.0604668
5281		0.0633179
5282		0.0641127
5283		0.062446
5284		0.0615779
5285		0.0673804
5286		0.0639198
5287		0.0666512
5288		0.0718287
5289		0.0761574
5290		0.0816127
5291		0.0857253
5292		0.0930787
5293		0.0993133
5294		0.110162
5295		0.111601
5296		0.11581
5297		0.11821
5298		0.120702
5299		0.123526
5300		0.124506
5301		0.127037
5302		0.132569
5303		0.134568
5304		0.137342
5305		0.134433
5306		0.137014
5307		0.134722
5308		0.136454
5309		0.138746
5310		0.138538
5311		0.135621
5312		0.139336
5313		0.141049
5314		0.139302
5315		0.139684
5316		0.142944
5317		0.136644
5318		0.139306
5319		0.140039
5320		0.141516
5321		0.133638
5322		0.131103
5323		0.13272
5324		0.134664
5325		0.13081
5326		0.131184
5327		0.130355
5328		0.134082
5329		0.133557
5330		0.132843
5331		0.132072
5332		0.135262
5333		0.139167
5334		0.137253
5335		0.137311
5336		0.140062
5337		0.140629
5338		0.144209
5339		0.146073
5340		0.149093
5341		0.150613
5342		0.147523
5343		0.148742
5344		0.149769
5345		0.141157
5346		0.144271
5347		0.151416
5348		0.149356
5349		0.146887
5350		0.149784
5351		0.153943
5352		0.160189
5353		0.164024
5354		0.168237
5355		0.172226
5356		0.178206
5357		0.180166
5358		0.182515
5359		0.187334
5360		0.194387
5361		0.195826
5362		0.197319
5363		0.201879
5364		0.204525
5365		0.205598
5366		0.20679
5367		0.206354
5368		0.207647
5369		0.204742
5370		0.195139
5371		0.196127
5372		0.191933
5373		0.2
5374		0.202762
5375		0.205652
5376		0.208549
5377		0.207052
5378		0.209668
5379		0.207211
5380		0.205112
5381		0.209857
5382		0.211489
5383		0.208827
5384		0.213615
5385		0.218457
5386		0.224796
5387		0.232199
5388		0.233083
5389		0.236682
5390		0.240957
5391		0.239275
5392		0.247951
5393		0.247585
5394		0.246157
5395		0.252218
5396		0.250567
5397		0.242894
5398		0.248314
5399		0.24414
5400		0.240193
5401		0.23532
5402		0.22662
5403		0.228414
5404		0.22652
5405		0.224826
5406		0.230806
5407		0.227716
5408		0.229838
5409		0.225903
5410		0.22902
5411		0.230316
5412		0.230571
5413		0.231184
5414		0.229633
5415		0.23103
5416		0.234078
5417		0.236107
5418		0.237373
5419		0.239302
5420		0.216809
5421		0.22071
5422		0.221242
5423		0.229977
5424		0.229039
5425		0.23564
5426		0.232724
5427		0.232585
5428		0.240988
5429		0.245467
5430		0.250575
5431		0.255015
5432		0.269267
5433		0.275289
5434		0.282755
5435		0.288588
5436		0.289637
5437		0.293993
5438		0.303183
5439		0.305849
5440		0.314255
5441		0.319958
5442		0.323144
5443		0.334255
5444		0.337874
5445		0.342894
5446		0.346528
5447		0.35809
5448		0.355872
5449		0.357303
5450		0.360216
5451		0.359182
5452		0.358137
5453		0.359271
5454		0.359927
5455		0.361296
5456		0.362045
5457		0.35985
5458		0.359718
5459		0.364711
5460		0.36336
5461		0.365343
5462		0.361671
5463		0.363657
5464		0.355818
5465		0.355482
5466		0.353194
5467		0.345648
5468		0.352573
5469		0.351211
5470		0.373893
5471		0.370868
5472		0.370147
5473		0.368094
5474		0.370698
5475		0.366578
5476		0.369618
5477		0.370691
5478		0.370023
5479		0.377759
5480		0.380594
5481		0.383654
5482		0.39287
5483		0.403407
5484		0.405822
5485		0.417168
5486		0.419363
5487		0.4162
5488		0.425355
5489		0.431921
5490		0.432971
5491		0.434437
5492		0.442978
5493		0.441562
5494		0.446235
5495		0.436547
5496		0.435174
5497		0.434973
5498		0.437554
5499		0.4412
5500		0.439846
5501		0.438437
5502		0.442542
5503		0.442272
5504		0.447492
5505		0.448198
5506		0.450054
5507		0.448688
5508		0.451134
5509		0.451771
5510		0.455027
5511		0.459097
5512		0.458187
5513		0.458052
5514		0.458873
5515		0.455251
5516		0.457238
5517		0.45858
5518		0.458229
5519		0.457407
5520		0.472323
5521		0.470667
5522		0.475189
5523		0.475162
5524		0.476022
5525		0.482654
5526		0.483005
5527		0.485432
5528		0.493125
5529		0.493113
5530		0.499714
5531		0.502924
5532		0.505949
5533		0.506335
5534		0.512072
5535		0.514471
5536		0.522346
5537		0.522724
5538		0.524745
5539		0.528723
5540		0.530733
5541		0.539317
5542		0.53723
5543		0.538916
5544		0.540664
5545		0.536968
5546		0.541971
5547		0.539479
5548		0.540208
5549		0.542037
5550		0.541127
5551		0.541011
5552		0.545799
5553		0.543684
5554		0.549217
5555		0.551385
5556		0.551944
5557		0.555702
5558		0.558534
5559		0.556971
5560		0.554398
5561		0.558198
5562		0.558411
5563		0.563843
5564		0.573137
5565		0.574012
5566		0.575189
5567		0.577106
5568		0.583349
5569		0.583565
5570		0.577438
5571		0.575999
5572		0.577508
5573		0.585783
5574		0.588727
5575		0.591242
5576		0.59108
5577		0.592851
5578		0.593534
5579		0.598167
5580		0.599915
5581		0.601941
5582		0.598241
5583		0.600675
5584		0.607145
5585		0.607041
5586		0.614495
5587		0.61071
5588		0.616169
5589		0.616535
5590		0.612149
5591		0.615714
5592		0.614641
5593		0.618542
5594		0.612519
5595		0.610629
5596		0.612226
5597		0.614066
5598		0.612083
5599		0.609282
5600		0.609977
5601		0.613206
5602		0.615363
5603		0.609591
5604		0.616138
5605		0.61784
5606		0.621524
5607		0.618337
5608		0.622631
5609		0.623819
5610		0.62684
5611		0.6249
5612		0.624371
5613		0.626416
5614		0.625598
5615		0.62613
5616		0.627342
5617		0.628634
5618		0.630606
5619		0.630748
5620		0.62929
5621		0.629923
5622		0.630714
5623		0.631794
5624		0.627647
5625		0.630455
5626		0.633248
5627		0.631466
5628		0.635108
5629		0.635571
5630		0.638943
5631		0.636501
5632		0.640262
5633		0.63554
5634		0.639552
5635		0.636366
5636		0.636196
5637		0.638924
5638		0.640112
5639		0.640926
5640		0.64037
5641		0.639799
5642		0.637971
5643		0.641458
5644		0.643283
5645		0.675212
5646		0.678839
5647		0.678252
5648		0.678503
5649		0.676694
5650		0.675922
5651		0.673893
5652		0.677126
5653		0.674001
5654		0.675228
5655		0.675205
5656		0.674309
5657		0.672759
5658		0.678762
5659		0.674996
5660		0.673723
5661		0.673696
5662		0.673495
5663		0.673846
5664		0.675197
5665		0.675702
5666		0.676026
5667		0.676543
5668		0.679684
5669		0.676543
5670		0.672157
5671		0.6701
5672		0.671651
5673		0.673002
5674		0.674942
5675		0.679583
5676		0.675475
5677		0.672816
5678		0.675332
5679		0.671474
5680		0.673156
5681		0.673696
5682		0.676732
5683		0.672789
5684		0.675529
5685		0.678897
5686		0.679255
5687		0.678329
5688		0.676142
5689		0.676011
5690		0.684579
5691		0.67985
5692		0.679888
5693		0.678465
5694		0.68701
5695		0.673522
5696		0.676177
5697		0.674448
5698		0.671852
5699		0.675621
5700		0.673426
5701		0.674302
5702		0.682589
5703		0.683665
5704		0.686698
5705		0.693349
5706		0.696088
5707		0.693692
5708		0.694761
5709		0.697519
5710		0.701964
5711		0.721227
5712		0.724607
5713		0.725532
5714		0.730714
5715		0.729417
5716		0.733029
5717		0.73718
5718		0.740849
5719		0.740405
5720		0.767191
5721		0.767411
5722		0.769259
5723		0.769749
5724		0.762311
5725		0.76988
5726		0.76745
5727		0.76571
5728		0.769363
5729		0.76691
5730		0.768121
5731		0.773028
5732		0.775397
5733		0.776836
5734		0.775147
5735		0.777519
5736		0.775127
5737		0.779005
