The video is over!
Frame Number 	Queue Density
1		0.0777315
2		0.0801235
3		0.082338
4		0.0921644
5		0.0938735
6		0.094591
7		0.0997878
8		0.104313
9		0.101763
10		0.10093
11		0.101285
12		0.10326
13		0.10456
14		0.10686
15		0.107407
16		0.108113
17		0.108974
18		0.110667
19		0.112677
20		0.115941
21		0.114661
22		0.117539
23		0.118931
24		0.122851
25		0.124039
26		0.127249
27		0.131157
28		0.130621
29		0.132813
30		0.132924
31		0.134333
32		0.136431
33		0.134633
34		0.136659
35		0.138086
36		0.137712
37		0.138221
38		0.141489
39		0.14093
40		0.139259
41		0.139869
42		0.140741
43		0.140702
44		0.141698
45		0.141084
46		0.144074
47		0.141458
48		0.13909
49		0.144406
50		0.144904
51		0.146065
52		0.150382
53		0.15196
54		0.1538
55		0.156539
56		0.158137
57		0.158152
58		0.159815
59		0.166177
60		0.165135
61		0.166902
62		0.165922
63		0.166215
64		0.165123
65		0.164244
66		0.163978
67		0.164051
68		0.162774
69		0.163048
70		0.165235
71		0.165826
72		0.165579
73		0.167531
74		0.170737
75		0.170621
76		0.17054
77		0.169892
78		0.172222
79		0.174016
80		0.17544
81		0.176208
82		0.177373
83		0.184811
84		0.186694
85		0.189618
86		0.19735
87		0.198468
88		0.204884
89		0.212647
90		0.212496
91		0.218056
92		0.220039
93		0.22093
94		0.219977
95		0.215625
96		0.218611
97		0.223638
98		0.221566
99		0.219961
100		0.221447
101		0.215853
102		0.215401
103		0.214969
104		0.213268
105		0.213438
106		0.211674
107		0.214904
108		0.216906
109		0.219711
110		0.223843
111		0.224329
112		0.225459
113		0.230505
114		0.230737
115		0.236609
116		0.240594
117		0.239942
118		0.242496
119		0.243542
120		0.243295
121		0.243611
122		0.244456
123		0.244421
124		0.247373
125		0.24762
126		0.248742
127		0.246435
128		0.250035
129		0.249769
130		0.253306
131		0.254298
132		0.254884
133		0.25463
134		0.256022
135		0.257593
136		0.257828
137		0.262913
138		0.260664
139		0.259915
140		0.261952
141		0.262851
142		0.260394
143		0.262064
144		0.264549
145		0.253804
146		0.256404
147		0.256393
148		0.255517
149		0.253619
150		0.254981
151		0.253364
152		0.2525
153		0.2551
154		0.255417
155		0.25647
156		0.255737
157		0.252866
158		0.250108
159		0.249572
160		0.249035
161		0.247323
162		0.248164
163		0.249556
164		0.248322
165		0.247184
166		0.24515
167		0.243515
168		0.242562
169		0.241111
170		0.245189
171		0.244306
172		0.240876
173		0.240382
174		0.240305
175		0.239545
176		0.239857
177		0.239244
178		0.238839
179		0.237573
180		0.237955
181		0.239707
182		0.237257
183		0.238302
184		0.236354
185		0.236443
186		0.235413
187		0.235158
188		0.235999
189		0.236204
190		0.237419
191		0.235486
192		0.236663
193		0.234996
194		0.235243
195		0.241844
196		0.243183
197		0.243306
198		0.243989
199		0.243356
200		0.242593
201		0.242261
202		0.24289
203		0.2426
204		0.243052
205		0.240621
206		0.240606
207		0.242423
208		0.241717
209		0.241593
210		0.241439
211		0.242191
212		0.24265
213		0.241721
214		0.240845
215		0.240077
216		0.239672
217		0.239475
218		0.240999
219		0.240733
220		0.230363
221		0.230853
222		0.231215
223		0.231605
224		0.232813
225		0.234294
226		0.234668
227		0.236636
228		0.235316
229		0.234252
230		0.232967
231		0.233414
232		0.232261
233		0.234062
234		0.234533
235		0.232708
236		0.23561
237		0.234796
238		0.235313
239		0.232396
240		0.233399
241		0.23044
242		0.231003
243		0.231728
244		0.233179
245		0.233754
246		0.234144
247		0.233974
248		0.233434
249		0.235637
250		0.23392
251		0.233005
252		0.233025
253		0.232114
254		0.230725
255		0.232523
256		0.231323
257		0.233048
258		0.231192
259		0.232033
260		0.231169
261		0.23211
262		0.230671
263		0.232257
264		0.231007
265		0.230602
266		0.231269
267		0.230513
268		0.230802
269		0.231779
270		0.229356
271		0.229452
272		0.229954
273		0.229587
274		0.231142
275		0.234383
276		0.233017
277		0.237909
278		0.239209
279		0.240089
280		0.243819
281		0.245586
282		0.246856
283		0.250189
284		0.249734
285		0.252654
286		0.253796
287		0.250964
288		0.252126
289		0.24956
290		0.24912
291		0.246779
292		0.247847
293		0.244761
294		0.245093
295		0.241262
296		0.239259
297		0.236316
298		0.236466
299		0.237373
300		0.237558
301		0.236169
302		0.23674
303		0.237978
304		0.234394
305		0.232662
306		0.234769
307		0.234502
308		0.232982
309		0.233924
310		0.234649
311		0.236454
312		0.234965
313		0.233997
314		0.235475
315		0.236343
316		0.234772
317		0.232782
318		0.231458
319		0.229572
320		0.23571
321		0.233673
322		0.23289
323		0.234981
324		0.234703
325		0.235494
326		0.234749
327		0.233765
328		0.234344
329		0.2351
330		0.23451
331		0.233395
332		0.234344
333		0.235289
334		0.235772
335		0.234695
336		0.235312
337		0.235629
338		0.235853
339		0.236933
340		0.238225
341		0.239522
342		0.240127
343		0.241474
344		0.242002
345		0.234282
346		0.236547
347		0.242342
348		0.241181
349		0.241015
350		0.239904
351		0.238654
352		0.237631
353		0.238792
354		0.238954
355		0.238684
356		0.241902
357		0.242616
358		0.24213
359		0.242122
360		0.244522
361		0.244603
362		0.245814
363		0.246161
364		0.246593
365		0.245166
366		0.244032
367		0.24412
368		0.242689
369		0.242157
370		0.24267
371		0.242238
372		0.242955
373		0.244398
374		0.243931
375		0.245336
376		0.24483
377		0.245529
378		0.245602
379		0.24598
380		0.245556
381		0.24488
382		0.247276
383		0.248194
384		0.25005
385		0.252785
386		0.253461
387		0.253681
388		0.255336
389		0.257014
390		0.257674
391		0.257191
392		0.258596
393		0.257809
394		0.260448
395		0.254641
396		0.254687
397		0.254815
398		0.256987
399		0.256057
400		0.257299
401		0.256543
402		0.258391
403		0.262149
404		0.267693
405		0.270289
406		0.275571
407		0.279533
408		0.28255
409		0.291042
410		0.29539
411		0.300675
412		0.307778
413		0.313044
414		0.317689
415		0.321393
416		0.326582
417		0.328935
418		0.334101
419		0.337465
420		0.338395
421		0.346705
422		0.349556
423		0.352836
424		0.361589
425		0.368383
426		0.368634
427		0.373596
428		0.377068
429		0.382608
430		0.385768
431		0.391744
432		0.395521
433		0.399279
434		0.404329
435		0.406593
436		0.407234
437		0.411277
438		0.413337
439		0.418897
440		0.418553
441		0.418904
442		0.420158
443		0.423692
444		0.42272
445		0.417296
446		0.416319
447		0.424495
448		0.422303
449		0.425992
450		0.42755
451		0.4289
452		0.434074
453		0.43419
454		0.435073
455		0.435085
456		0.437921
457		0.439093
458		0.443329
459		0.444086
460		0.444568
461		0.445556
462		0.446427
463		0.446663
464		0.448823
465		0.446929
466		0.446134
467		0.447404
468		0.444981
469		0.448731
470		0.455532
471		0.456084
472		0.457998
473		0.458075
474		0.457242
475		0.459861
476		0.459796
477		0.456481
478		0.459387
479		0.455849
480		0.457886
481		0.460475
482		0.462014
483		0.460343
484		0.46135
485		0.463202
486		0.462133
487		0.460201
488		0.460174
489		0.462415
490		0.459981
491		0.458835
492		0.458615
493		0.4611
494		0.461613
495		0.462936
496		0.463476
497		0.465833
498		0.465509
499		0.469321
500		0.47414
501		0.474765
502		0.479745
503		0.484842
504		0.48686
505		0.490224
506		0.496856
507		0.499927
508		0.504606
509		0.509163
510		0.511771
511		0.514533
512		0.518522
513		0.519996
514		0.519931
515		0.521759
516		0.520741
517		0.519919
518		0.523661
519		0.525085
520		0.531701
521		0.533322
522		0.537403
523		0.536647
524		0.537909
525		0.53924
526		0.53838
527		0.540949
528		0.54309
529		0.545042
530		0.542477
531		0.542759
532		0.545367
533		0.5426
534		0.542666
535		0.541188
536		0.541628
537		0.540656
538		0.542288
539		0.542056
540		0.543804
541		0.541636
542		0.542465
543		0.545764
544		0.548245
545		0.520691
546		0.524194
547		0.525432
548		0.525775
549		0.52804
550		0.526424
551		0.524275
552		0.526748
553		0.528924
554		0.528187
555		0.523025
556		0.521011
557		0.522357
558		0.52365
559		0.520085
560		0.519776
561		0.524576
562		0.52326
563		0.522091
564		0.523758
565		0.522982
566		0.521944
567		0.522458
568		0.519151
569		0.520297
570		0.522218
571		0.528426
572		0.529371
573		0.531134
574		0.534657
575		0.535235
576		0.536879
577		0.536215
578		0.538738
579		0.544425
580		0.548013
581		0.547743
582		0.549298
583		0.550177
584		0.550193
585		0.551358
586		0.554618
587		0.556578
588		0.556902
589		0.559008
590		0.558368
591		0.559132
592		0.558056
593		0.557373
594		0.559502
595		0.546694
596		0.550837
597		0.549892
598		0.551605
599		0.554826
600		0.558391
601		0.558657
602		0.561211
603		0.562539
604		0.564869
605		0.565826
606		0.565397
607		0.570536
608		0.57338
609		0.572982
610		0.574055
611		0.582218
612		0.582963
613		0.585096
614		0.590583
615		0.59272
616		0.592492
617		0.59424
618		0.596292
619		0.597276
620		0.595563
621		0.595895
622		0.60015
623		0.604248
624		0.603576
625		0.606057
626		0.606786
627		0.606231
628		0.605957
629		0.60652
630		0.605517
631		0.609456
632		0.611246
633		0.612751
634		0.610351
635		0.609873
636		0.613735
637		0.612963
638		0.610231
639		0.610062
640		0.610779
641		0.61343
642		0.611802
643		0.613846
644		0.614267
645		0.626057
646		0.627376
647		0.628437
648		0.630386
649		0.631952
650		0.630208
651		0.629464
652		0.628827
653		0.62858
654		0.630694
655		0.632056
656		0.634171
657		0.6351
658		0.63843
659		0.636107
660		0.636115
661		0.63615
662		0.637677
663		0.639618
664		0.636944
665		0.640316
666		0.639826
667		0.643229
668		0.643642
669		0.643823
670		0.622832
671		0.62581
672		0.623503
673		0.627353
674		0.628866
675		0.630062
676		0.629371
677		0.630027
678		0.632423
679		0.629672
680		0.630826
681		0.633422
682		0.634174
683		0.63723
684		0.637712
685		0.636651
686		0.638777
687		0.638804
688		0.638511
689		0.639784
690		0.638947
691		0.639093
692		0.640185
693		0.640675
694		0.643083
695		0.624958
696		0.625066
697		0.627419
698		0.631343
699		0.631069
700		0.630027
701		0.630883
702		0.631397
703		0.632191
704		0.634101
705		0.633762
706		0.63468
707		0.635683
708		0.636732
709		0.637947
710		0.636142
711		0.637762
712		0.637967
713		0.638615
714		0.639595
715		0.641339
716		0.640505
717		0.641701
718		0.642731
719		0.642944
720		0.636188
721		0.636069
722		0.637704
723		0.640421
724		0.640482
725		0.641289
726		0.642624
727		0.642647
728		0.643306
729		0.64434
730		0.645046
731		0.643688
732		0.644684
733		0.643522
734		0.645818
735		0.645166
736		0.645517
737		0.644591
738		0.646593
739		0.64537
740		0.644568
741		0.645965
742		0.647685
743		0.648634
744		0.648962
745		0.624668
746		0.629136
747		0.626937
748		0.63184
749		0.629657
750		0.632041
751		0.614846
752		0.618673
753		0.620953
754		0.6225
755		0.62037
756		0.619109
757		0.625718
758		0.624576
759		0.624074
760		0.625988
761		0.62723
762		0.625949
763		0.626655
764		0.627315
765		0.626049
766		0.62593
767		0.629394
768		0.626609
769		0.627843
770		0.640355
771		0.639664
772		0.640721
773		0.639823
774		0.636601
775		0.641474
776		0.641254
777		0.646389
778		0.647739
779		0.647697
780		0.646956
781		0.647029
782		0.652087
783		0.652867
784		0.653341
785		0.651127
786		0.649958
787		0.651219
788		0.652095
789		0.65245
790		0.655135
791		0.662573
792		0.664012
793		0.666593
794		0.668862
795		0.631157
796		0.628171
797		0.631759
798		0.638287
799		0.638576
800		0.643005
801		0.647145
802		0.648708
803		0.648538
804		0.646393
805		0.650949
806		0.650552
807		0.651292
808		0.655096
809		0.655008
810		0.656501
811		0.656655
812		0.656659
813		0.660378
814		0.66093
815		0.662342
816		0.659506
817		0.663866
818		0.661323
819		0.664236
820		0.654495
821		0.655525
822		0.655853
823		0.657431
824		0.661779
825		0.658202
826		0.659298
827		0.662253
828		0.662689
829		0.662824
830		0.661458
831		0.666119
832		0.665131
833		0.665432
834		0.667955
835		0.67039
836		0.668935
837		0.670637
838		0.672326
839		0.672199
840		0.671366
841		0.673773
842		0.674634
843		0.677994
844		0.676597
845		0.674498
846		0.671678
847		0.671937
848		0.675644
849		0.6713
850		0.677095
851		0.676215
852		0.678623
853		0.675058
854		0.676983
855		0.675042
856		0.679556
857		0.67564
858		0.679228
859		0.679032
860		0.679811
861		0.680636
862		0.679595
863		0.682523
864		0.681134
865		0.683665
866		0.682789
867		0.68387
868		0.683449
869		0.683866
870		0.663958
871		0.663823
872		0.664892
873		0.665961
874		0.668769
875		0.6675
876		0.666593
877		0.667303
878		0.668036
879		0.668276
880		0.654954
881		0.654772
882		0.654001
883		0.653356
884		0.654093
885		0.656381
886		0.65674
887		0.655745
888		0.658866
889		0.659761
890		0.662049
891		0.659931
892		0.661181
893		0.660486
894		0.660235
895		0.661956
896		0.664325
897		0.665228
898		0.665559
899		0.665579
900		0.665096
901		0.666408
902		0.669784
903		0.6712
904		0.671373
905		0.682006
906		0.681296
907		0.682975
908		0.68299
909		0.68338
910		0.682411
911		0.683137
912		0.682855
913		0.683356
914		0.682396
915		0.68321
916		0.681767
917		0.681443
918		0.680957
919		0.679965
920		0.678491
921		0.680235
922		0.6812
923		0.68174
924		0.680085
925		0.681975
926		0.682975
927		0.684718
928		0.687134
929		0.688399
930		0.662635
931		0.662647
932		0.66262
933		0.665972
934		0.664194
935		0.66689
936		0.668129
937		0.669074
938		0.674456
939		0.673545
940		0.67718
941		0.674425
942		0.677045
943		0.680579
944		0.681127
945		0.679363
946		0.679865
947		0.678912
948		0.68005
949		0.681879
950		0.678665
951		0.677118
952		0.678457
953		0.675953
954		0.677361
955		0.672145
956		0.672122
957		0.674421
958		0.671466
959		0.677357
960		0.674487
961		0.674923
962		0.678233
963		0.678708
964		0.676265
965		0.678673
966		0.677674
967		0.679275
968		0.679552
969		0.67914
970		0.678407
971		0.682203
972		0.683283
973		0.683152
974		0.684576
975		0.682816
976		0.685112
977		0.688171
978		0.68505
979		0.685856
980		0.678611
981		0.678403
982		0.679487
983		0.681775
984		0.683414
985		0.684942
986		0.684931
987		0.681794
988		0.679823
989		0.681856
990		0.68615
991		0.686528
992		0.686786
993		0.689907
994		0.690185
995		0.691223
996		0.694186
997		0.692928
998		0.692967
999		0.693009
1000		0.69397
1001		0.671412
1002		0.672766
1003		0.671069
1004		0.671914
1005		0.671134
1006		0.669718
1007		0.670895
1008		0.671509
1009		0.673603
1010		0.674772
1011		0.666651
1012		0.665544
1013		0.666539
1014		0.66811
1015		0.667018
1016		0.667936
1017		0.669406
1018		0.667728
1019		0.66804
1020		0.667921
1021		0.669803
1022		0.671709
1023		0.669576
1024		0.670471
1025		0.671358
1026		0.67233
1027		0.669066
1028		0.671528
1029		0.670756
1030		0.671065
1031		0.670687
1032		0.674136
1033		0.671833
1034		0.673195
1035		0.673611
1036		0.668071
1037		0.666813
1038		0.67061
1039		0.669603
1040		0.672959
1041		0.673565
1042		0.673599
1043		0.67326
1044		0.671763
1045		0.671875
1046		0.673341
1047		0.674961
1048		0.677106
1049		0.677855
1050		0.679325
1051		0.679356
1052		0.680613
1053		0.679749
1054		0.681269
1055		0.679618
1056		0.678866
1057		0.679799
1058		0.679325
1059		0.679178
1060		0.677886
1061		0.672346
1062		0.673534
1063		0.673291
1064		0.670718
1065		0.671404
1066		0.673823
1067		0.673225
1068		0.673912
1069		0.674664
1070		0.672276
1071		0.676146
1072		0.676489
1073		0.677562
1074		0.677184
1075		0.681439
1076		0.67968
1077		0.681894
1078		0.680343
1079		0.682288
1080		0.683607
1081		0.685814
1082		0.685459
1083		0.687631
1084		0.686979
1085		0.688441
1086		0.676624
1087		0.674911
1088		0.673654
1089		0.677573
1090		0.676138
1091		0.675309
1092		0.673657
1093		0.678696
1094		0.674572
1095		0.676998
1096		0.677377
1097		0.676771
1098		0.677573
1099		0.676319
1100		0.676269
1101		0.675745
1102		0.677867
1103		0.676084
1104		0.680652
1105		0.678808
1106		0.675679
1107		0.676466
1108		0.676416
1109		0.677361
1110		0.676628
1111		0.673229
1112		0.671744
1113		0.673819
1114		0.676381
1115		0.675849
1116		0.676439
1117		0.675475
1118		0.675525
1119		0.675147
1120		0.676532
1121		0.676705
1122		0.679236
1123		0.678677
1124		0.678962
1125		0.679105
1126		0.68012
1127		0.679965
1128		0.678561
1129		0.678248
1130		0.680752
1131		0.681597
1132		0.681582
1133		0.681042
1134		0.679483
1135		0.68189
1136		0.665031
1137		0.665694
1138		0.664591
1139		0.664981
1140		0.669329
1141		0.66784
1142		0.66848
1143		0.664819
1144		0.664722
1145		0.664641
1146		0.666771
1147		0.667558
1148		0.669186
1149		0.671107
1150		0.671103
1151		0.670764
1152		0.672076
1153		0.67169
1154		0.673187
1155		0.668086
1156		0.670069
1157		0.671038
1158		0.669418
1159		0.671574
1160		0.673245
1161		0.680772
1162		0.678573
1163		0.680598
1164		0.680806
1165		0.680258
1166		0.680224
1167		0.68419
1168		0.677716
1169		0.677982
1170		0.68061
1171		0.678283
1172		0.684232
1173		0.679637
1174		0.678364
1175		0.679514
1176		0.680829
1177		0.681809
1178		0.682226
1179		0.681582
1180		0.685706
1181		0.684884
1182		0.683538
1183		0.68517
1184		0.686555
1185		0.684151
1186		0.676921
1187		0.677106
1188		0.67919
1189		0.681219
1190		0.678634
1191		0.678673
1192		0.67615
1193		0.678816
1194		0.679333
1195		0.679931
1196		0.678025
1197		0.681188
1198		0.685239
1199		0.683681
1200		0.683106
1201		0.683607
1202		0.681956
1203		0.681227
1204		0.683156
1205		0.683029
1206		0.681327
1207		0.682735
1208		0.681451
1209		0.682847
1210		0.682492
1211		0.675613
1212		0.673009
1213		0.671111
1214		0.673252
1215		0.675953
1216		0.67333
1217		0.673742
1218		0.675127
1219		0.67892
1220		0.678468
1221		0.680829
1222		0.681659
1223		0.682299
1224		0.682006
1225		0.684383
1226		0.68262
1227		0.682307
1228		0.681848
1229		0.684491
1230		0.686366
1231		0.687307
1232		0.68549
1233		0.683796
1234		0.684167
1235		0.682369
1236		0.687627
1237		0.687396
1238		0.685204
1239		0.690756
1240		0.690694
1241		0.691184
1242		0.69439
1243		0.695104
1244		0.693847
1245		0.69441
1246		0.689205
1247		0.690004
1248		0.693221
1249		0.689522
1250		0.693769
1251		0.683522
1252		0.68375
1253		0.684302
1254		0.682434
1255		0.686084
1256		0.686192
1257		0.689182
1258		0.691628
1259		0.689969
1260		0.6938
1261		0.672157
1262		0.674842
1263		0.67863
1264		0.677134
1265		0.678692
1266		0.680123
1267		0.679603
1268		0.675814
1269		0.682604
1270		0.683727
1271		0.684024
1272		0.683572
1273		0.682543
1274		0.685922
1275		0.682323
1276		0.683904
1277		0.685633
1278		0.683897
1279		0.682913
1280		0.680602
1281		0.679109
1282		0.677519
1283		0.67799
1284		0.677913
1285		0.676015
1286		0.682373
1287		0.685151
1288		0.684896
1289		0.685833
1290		0.688503
1291		0.689471
1292		0.688634
1293		0.687542
1294		0.69066
1295		0.690999
1296		0.692878
1297		0.690914
1298		0.689101
1299		0.684201
1300		0.68701
1301		0.684834
1302		0.687654
1303		0.68963
1304		0.689734
1305		0.687465
1306		0.68586
1307		0.684595
1308		0.685536
1309		0.685482
1310		0.685737
1311		0.661242
1312		0.661563
1313		0.661219
1314		0.662743
1315		0.66238
1316		0.658866
1317		0.663299
1318		0.664259
1319		0.666416
1320		0.66951
1321		0.668468
1322		0.672014
1323		0.670833
1324		0.668152
1325		0.668341
1326		0.674587
1327		0.669819
1328		0.672759
1329		0.671505
1330		0.670193
1331		0.671898
1332		0.672755
1333		0.673283
1334		0.673233
1335		0.671474
1336		0.665961
1337		0.667739
1338		0.667863
1339		0.668179
1340		0.667238
1341		0.668981
1342		0.668152
1343		0.665961
1344		0.668287
1345		0.669525
1346		0.667793
1347		0.669618
1348		0.670941
1349		0.669911
1350		0.670795
1351		0.668349
1352		0.671894
1353		0.669726
1354		0.671613
1355		0.672118
1356		0.672839
1357		0.674263
1358		0.67186
1359		0.672353
1360		0.67174
1361		0.660297
1362		0.661242
1363		0.663858
1364		0.666389
1365		0.666123
1366		0.66716
1367		0.665787
1368		0.665976
1369		0.666848
1370		0.669217
1371		0.668117
1372		0.665262
1373		0.666906
1374		0.664437
1375		0.666802
1376		0.666458
1377		0.665691
1378		0.668538
1379		0.667604
1380		0.666269
1381		0.668812
1382		0.668978
1383		0.668098
1384		0.668137
1385		0.666115
1386		0.669923
1387		0.671316
1388		0.674336
1389		0.675085
1390		0.674414
1391		0.679344
1392		0.678179
1393		0.6776
1394		0.67814
1395		0.681451
1396		0.680266
1397		0.681617
1398		0.682014
1399		0.681732
1400		0.681983
1401		0.680895
1402		0.684541
1403		0.683229
1404		0.682732
1405		0.682164
1406		0.68115
1407		0.678669
1408		0.683785
1409		0.683445
1410		0.682728
1411		0.671439
1412		0.671944
1413		0.673245
1414		0.676308
1415		0.673773
1416		0.673719
1417		0.678187
1418		0.678607
1419		0.677816
1420		0.678607
1421		0.679252
1422		0.681022
1423		0.680498
1424		0.680737
1425		0.682913
1426		0.684576
1427		0.686389
1428		0.685941
1429		0.688017
1430		0.69103
1431		0.694483
1432		0.696231
1433		0.698106
1434		0.700652
1435		0.701532
1436		0.702705
1437		0.700721
1438		0.706146
1439		0.705656
1440		0.705027
1441		0.710339
1442		0.709846
1443		0.714282
1444		0.718654
1445		0.717118
1446		0.723252
1447		0.724661
1448		0.723202
1449		0.726736
1450		0.727647
1451		0.731894
1452		0.73483
1453		0.736096
1454		0.739093
1455		0.744514
1456		0.747303
1457		0.748831
1458		0.750733
1459		0.755096
1460		0.753931
1461		0.722944
1462		0.727357
1463		0.729024
1464		0.722739
1465		0.724333
1466		0.722944
1467		0.730096
1468		0.729904
1469		0.729321
1470		0.734738
1471		0.7326
1472		0.737438
1473		0.740204
1474		0.741497
1475		0.738927
1476		0.743414
1477		0.739487
1478		0.746732
1479		0.747554
1480		0.74841
1481		0.752388
1482		0.748391
1483		0.751485
1484		0.756628
1485		0.758908
1486		0.756227
1487		0.756732
1488		0.757484
1489		0.758966
1490		0.759799
1491		0.760324
1492		0.758584
1493		0.758094
1494		0.759711
1495		0.76027
1496		0.757322
1497		0.756983
1498		0.76027
1499		0.754047
1500		0.745617
1501		0.709252
1502		0.712909
1503		0.703858
1504		0.70917
1505		0.716038
1506		0.715586
1507		0.714352
1508		0.718974
1509		0.716289
1510		0.717585
1511		0.725286
1512		0.72196
1513		0.724475
1514		0.723221
1515		0.725208
1516		0.699294
1517		0.690073
1518		0.68397
1519		0.683167
1520		0.678492
1521		0.667909
1522		0.652049
1523		0.654082
1524		0.640764
1525		0.645085
1526		0.645613
1527		0.636019
1528		0.63875
1529		0.637523
1530		0.635536
1531		0.62978
1532		0.626451
1533		0.627218
1534		0.623032
1535		0.629375
1536		0.621208
1537		0.628233
1538		0.630957
1539		0.625806
1540		0.626196
1541		0.630683
1542		0.626254
1543		0.617836
1544		0.62375
1545		0.619209
1546		0.616258
1547		0.622712
1548		0.614302
1549		0.611574
1550		0.596721
1551		0.59659
1552		0.593048
1553		0.596119
1554		0.588113
1555		0.579687
1556		0.584414
1557		0.583098
1558		0.580864
1559		0.575837
1560		0.57463
1561		0.549981
1562		0.552936
1563		0.553225
1564		0.554028
1565		0.555359
1566		0.554649
1567		0.557241
1568		0.556142
1569		0.557049
1570		0.558036
1571		0.560702
1572		0.563816
1573		0.567712
1574		0.572349
1575		0.573383
1576		0.577859
1577		0.582658
1578		0.582778
1579		0.586925
1580		0.585787
1581		0.587056
1582		0.587766
1583		0.589468
1584		0.584225
1585		0.585949
1586		0.568032
1587		0.563164
1588		0.563931
1589		0.575393
1590		0.571709
1591		0.578511
1592		0.572122
1593		0.576906
1594		0.578083
1595		0.583488
1596		0.592735
1597		0.588696
1598		0.590586
1599		0.592137
1600		0.600444
1601		0.602265
1602		0.597593
1603		0.599136
1604		0.60113
1605		0.610139
1606		0.619464
1607		0.618708
1608		0.622353
1609		0.630139
1610		0.62358
1611		0.627384
1612		0.620733
1613		0.620031
1614		0.613488
1615		0.612886
1616		0.616127
1617		0.61196
1618		0.59473
1619		0.595035
1620		0.594429
1621		0.591489
1622		0.594742
1623		0.598684
1624		0.59228
1625		0.591493
1626		0.587299
1627		0.589988
1628		0.590355
1629		0.587905
1630		0.591049
1631		0.592627
1632		0.598735
1633		0.601844
1634		0.607215
1635		0.608194
1636		0.631173
1637		0.632566
1638		0.621045
1639		0.618484
1640		0.620278
1641		0.620864
1642		0.619522
1643		0.616358
1644		0.605506
1645		0.601115
1646		0.60466
1647		0.597658
1648		0.600046
1649		0.601111
1650		0.602519
1651		0.599892
1652		0.601659
1653		0.599124
1654		0.599853
1655		0.594317
1656		0.584201
1657		0.584348
1658		0.581651
1659		0.587133
1660		0.584483
1661		0.578627
1662		0.579826
1663		0.589047
1664		0.597971
1665		0.602859
1666		0.607674
1667		0.611725
1668		0.614772
1669		0.615432
1670		0.618418
1671		0.621157
1672		0.619236
1673		0.621632
1674		0.612157
1675		0.608569
1676		0.603843
1677		0.609911
1678		0.604367
1679		0.607492
1680		0.607828
1681		0.615019
1682		0.619402
1683		0.620621
1684		0.623094
1685		0.627905
1686		0.589275
1687		0.58919
1688		0.595189
1689		0.598696
1690		0.603399
1691		0.610498
1692		0.61365
1693		0.612573
1694		0.61137
1695		0.611543
1696		0.616273
1697		0.617311
1698		0.614286
1699		0.621809
1700		0.628927
1701		0.629495
1702		0.635478
1703		0.636798
1704		0.644552
1705		0.650571
1706		0.650799
1707		0.662662
1708		0.659445
1709		0.661281
1710		0.655301
1711		0.693083
1712		0.69495
1713		0.691659
1714		0.696771
1715		0.692786
1716		0.687465
1717		0.683461
1718		0.673657
1719		0.667006
1720		0.650799
1721		0.650957
1722		0.644421
1723		0.633546
1724		0.628623
1725		0.632188
1726		0.627793
1727		0.623549
1728		0.614946
1729		0.59782
1730		0.597924
1731		0.584992
1732		0.57333
1733		0.580417
1734		0.562481
1735		0.566624
1736		0.509626
1737		0.515031
1738		0.516038
1739		0.506015
1740		0.501397
1741		0.489599
1742		0.486046
1743		0.486863
1744		0.476798
1745		0.480945
1746		0.477407
1747		0.472701
1748		0.465328
1749		0.459059
1750		0.448387
1751		0.431509
1752		0.440679
1753		0.436011
1754		0.436416
1755		0.432994
1756		0.437485
1757		0.438036
1758		0.432319
1759		0.437955
1760		0.438067
1761		0.418688
1762		0.430258
1763		0.430494
1764		0.426038
1765		0.42841
1766		0.427481
1767		0.429911
1768		0.431586
1769		0.428519
1770		0.439838
1771		0.439097
1772		0.443885
1773		0.440965
1774		0.437554
1775		0.437874
1776		0.438819
1777		0.436686
1778		0.431312
1779		0.432797
1780		0.429857
1781		0.433191
1782		0.434124
1783		0.425525
1784		0.426709
1785		0.422666
1786		0.391516
1787		0.398434
1788		0.398962
1789		0.398619
1790		0.390559
1791		0.390505
1792		0.388526
1793		0.387415
1794		0.385212
1795		0.383206
1796		0.379626
1797		0.38483
1798		0.381813
1799		0.38642
1800		0.383696
1801		0.385467
1802		0.38091
1803		0.368719
1804		0.368221
1805		0.366505
1806		0.363985
1807		0.350451
1808		0.349394
1809		0.351856
1810		0.339552
1811		0.325204
1812		0.324676
1813		0.32137
1814		0.31755
1815		0.317029
1816		0.309059
1817		0.305556
1818		0.297388
1819		0.301559
1820		0.299452
1821		0.290243
1822		0.278283
1823		0.277442
1824		0.275397
1825		0.281208
1826		0.275517
1827		0.278302
1828		0.275787
1829		0.279811
1830		0.27637
1831		0.27309
1832		0.269159
1833		0.274124
1834		0.260702
1835		0.262458
1836		0.227269
1837		0.221277
1838		0.223414
1839		0.217681
1840		0.213086
1841		0.204803
1842		0.20326
1843		0.198746
1844		0.195517
1845		0.186154
1846		0.177735
1847		0.176717
1848		0.175293
1849		0.169599
1850		0.163098
1851		0.158831
1852		0.158519
1853		0.156593
1854		0.159132
1855		0.158546
1856		0.1538
1857		0.148993
1858		0.153032
1859		0.152739
1860		0.149417
1861		0.142731
1862		0.139066
1863		0.138673
1864		0.131231
1865		0.128781
1866		0.133858
1867		0.13071
1868		0.129799
1869		0.137187
1870		0.145721
1871		0.148113
1872		0.154417
1873		0.155583
1874		0.152751
1875		0.159024
1876		0.170301
1877		0.17848
1878		0.194352
1879		0.209344
1880		0.215883
1881		0.226481
1882		0.248125
1883		0.249711
1884		0.260258
1885		0.27674
1886		0.258546
1887		0.272951
1888		0.292967
1889		0.2974
1890		0.314545
1891		0.329792
1892		0.340181
1893		0.347812
1894		0.362542
1895		0.371497
1896		0.374556
1897		0.384699
1898		0.39576
1899		0.411238
1900		0.424815
1901		0.435104
1902		0.440081
1903		0.442357
1904		0.446142
1905		0.451833
1906		0.458441
1907		0.460748
1908		0.457809
1909		0.456879
1910		0.460818
1911		0.484742
1912		0.475309
1913		0.476269
1914		0.469101
1915		0.46108
1916		0.453553
1917		0.441701
1918		0.434668
1919		0.429572
1920		0.423885
1921		0.412249
1922		0.406485
1923		0.393272
1924		0.395019
1925		0.387666
1926		0.377785
1927		0.372785
1928		0.373113
1929		0.360664
1930		0.358048
1931		0.353592
1932		0.348086
1933		0.33863
1934		0.329931
1935		0.328418
1936		0.295702
1937		0.293808
1938		0.283187
1939		0.274063
1940		0.271767
1941		0.271103
1942		0.254147
1943		0.253322
1944		0.25147
1945		0.24961
1946		0.247832
1947		0.245455
1948		0.255583
1949		0.249622
1950		0.237481
1951		0.232481
1952		0.223218
1953		0.217801
1954		0.206227
1955		0.201709
1956		0.192311
1957		0.183542
1958		0.173692
1959		0.168349
1960		0.150586
1961		0.136049
1962		0.122446
1963		0.112091
1964		0.109248
1965		0.104333
1966		0.0980864
1967		0.0954128
1968		0.0893596
1969		0.0849383
1970		0.0850502
1971		0.0762809
1972		0.0689583
1973		0.0628048
1974		0.0535957
1975		0.0471412
1976		0.0460725
1977		0.0380401
1978		0.0338387
1979		0.0312268
1980		0.028696
1981		0.0224344
1982		0.0199614
1983		0.0190741
1984		0.0198611
1985		0.0196875
1986		0.0219367
1987		0.0219522
1988		0.0242438
1989		0.0233719
1990		0.0248148
1991		0.0265162
1992		0.0247068
1993		0.0249537
1994		0.024267
1995		0.0258565
1996		0.0237963
1997		0.023669
1998		0.0254089
1999		0.0250424
2000		0.0289545
2001		0.0370255
2002		0.049402
2003		0.060189
2004		0.0728125
2005		0.0902855
2006		0.0996914
2007		0.115463
2008		0.128607
2009		0.137211
2010		0.159113
2011		0.171439
2012		0.181304
2013		0.20135
2014		0.219958
2015		0.227612
2016		0.24973
2017		0.269587
2018		0.28032
2019		0.301686
2020		0.310791
2021		0.323557
2022		0.33478
2023		0.344718
2024		0.353279
2025		0.359344
2026		0.370243
2027		0.379649
2028		0.380918
2029		0.394217
2030		0.389329
2031		0.396979
2032		0.398079
2033		0.397716
2034		0.404128
2035		0.40211
2036		0.391767
2037		0.381319
2038		0.381782
2039		0.373464
2040		0.361354
2041		0.353098
2042		0.349035
2043		0.337365
2044		0.328013
2045		0.321813
2046		0.314973
2047		0.30679
2048		0.307103
2049		0.305127
2050		0.293044
2051		0.292419
2052		0.283974
2053		0.275015
2054		0.273646
2055		0.257577
2056		0.240421
2057		0.233137
2058		0.226393
2059		0.21397
2060		0.212137
2061		0.206038
2062		0.196659
2063		0.193353
2064		0.186169
2065		0.172554
2066		0.167828
2067		0.157774
2068		0.14794
2069		0.145039
2070		0.131979
2071		0.121983
2072		0.112982
2073		0.103492
2074		0.0939622
2075		0.0894599
2076		0.079838
2077		0.0714815
2078		0.0675965
2079		0.065544
2080		0.062581
2081		0.0563773
2082		0.0505556
2083		0.0447685
2084		0.043071
2085		0.0380633
2086		0.0320988
2087		0.032419
2088		0.0335224
2089		0.0312037
2090		0.0321181
2091		0.0309915
2092		0.0284722
2093		0.0292824
2094		0.0290046
2095		0.0317593
2096		0.0316204
2097		0.0345679
2098		0.0378472
2099		0.0392708
2100		0.0448457
2101		0.0521528
2102		0.0548457
2103		0.063017
2104		0.0731327
2105		0.0764506
2106		0.0860378
2107		0.0954553
2108		0.100386
2109		0.106512
2110		0.116219
2111		0.117423
2112		0.124514
2113		0.135367
2114		0.142623
2115		0.154105
2116		0.160004
2117		0.167056
2118		0.175247
2119		0.187535
2120		0.193843
2121		0.203823
2122		0.212157
2123		0.217342
2124		0.225185
2125		0.229417
2126		0.236073
2127		0.237639
2128		0.248823
2129		0.246698
2130		0.254525
2131		0.257357
2132		0.253129
2133		0.250602
2134		0.248762
2135		0.244306
2136		0.258318
2137		0.253596
2138		0.255374
2139		0.253627
2140		0.267404
2141		0.26147
2142		0.26365
2143		0.260833
2144		0.265972
2145		0.263403
2146		0.263063
2147		0.260918
2148		0.255355
2149		0.252658
2150		0.255336
2151		0.251551
2152		0.239151
2153		0.237701
2154		0.237627
2155		0.242226
2156		0.241956
2157		0.248152
2158		0.236933
2159		0.23657
2160		0.230887
2161		0.215849
2162		0.215845
2163		0.222693
2164		0.230926
2165		0.229549
2166		0.228191
2167		0.217967
2168		0.216516
2169		0.216177
2170		0.211844
2171		0.209363
2172		0.213403
2173		0.206755
2174		0.200741
2175		0.206929
2176		0.199194
2177		0.197828
2178		0.19
2179		0.188252
2180		0.184213
2181		0.175367
2182		0.167442
2183		0.163005
2184		0.154873
2185		0.144599
2186		0.134375
2187		0.130216
2188		0.125127
2189		0.122045
2190		0.115571
2191		0.107755
2192		0.105417
2193		0.0949769
2194		0.0931134
2195		0.0877006
2196		0.0824653
2197		0.0813735
2198		0.0762423
2199		0.0695139
2200		0.0631404
2201		0.062662
2202		0.0571412
2203		0.0533719
2204		0.0500926
2205		0.046115
2206		0.0406134
2207		0.0409915
2208		0.03701
2209		0.035652
2210		0.0343866
2211		0.0357137
2212		0.0338387
2213		0.0304707
2214		0.025517
2215		0.0235957
2216		0.0245486
2217		0.0189159
2218		0.0202546
2219		0.017909
2220		0.0146412
2221		0.0160764
2222		0.0184954
2223		0.0155826
2224		0.0185957
2225		0.0195563
2226		0.0190586
2227		0.0188465
2228		0.0174228
2229		0.014537
2230		0.0174421
2231		0.0190895
2232		0.0181173
2233		0.0196952
2234		0.018939
2235		0.0174923
2236		0.0176157
2237		0.0182562
2238		0.0179244
2239		0.0196065
2240		0.0192978
2241		0.016821
2242		0.0192323
2243		0.0194946
2244		0.0204938
2245		0.0209761
2246		0.0211227
2247		0.0233873
2248		0.0207485
2249		0.0188002
2250		0.0222338
2251		0.021821
2252		0.0239892
2253		0.0186458
2254		0.0179205
2255		0.0228588
2256		0.0250424
2257		0.0228472
2258		0.0246605
2259		0.0253974
2260		0.0218403
2261		0.0270988
2262		0.0291165
2263		0.0274498
2264		0.0284915
2265		0.0301852
2266		0.0387963
2267		0.0422338
2268		0.0485147
2269		0.0652778
2270		0.0675502
2271		0.0712847
2272		0.079946
2273		0.0828974
2274		0.0857639
2275		0.0846798
2276		0.089186
2277		0.0897068
2278		0.0909028
2279		0.0930478
2280		0.0929938
2281		0.0913735
2282		0.0932099
2283		0.0964352
2284		0.101011
2285		0.106157
2286		0.103364
2287		0.104051
2288		0.106767
2289		0.10787
2290		0.110864
2291		0.11159
2292		0.109016
2293		0.109518
2294		0.108611
2295		0.10892
2296		0.108059
2297		0.110872
2298		0.109155
2299		0.114425
2300		0.116427
2301		0.122272
2302		0.123495
2303		0.123765
2304		0.119437
2305		0.118546
2306		0.123059
2307		0.122944
2308		0.121887
2309		0.117897
2310		0.127693
2311		0.115189
2312		0.12142
2313		0.124479
2314		0.12468
2315		0.121073
2316		0.116408
2317		0.111678
2318		0.107284
2319		0.104005
2320		0.103997
2321		0.10331
2322		0.100019
2323		0.100583
2324		0.0994136
2325		0.0945949
2326		0.0947261
2327		0.0928704
2328		0.0880363
2329		0.0843789
2330		0.0812037
2331		0.078723
2332		0.0733218
2333		0.0723843
2334		0.0714622
2335		0.0660764
2336		0.0715471
2337		0.0673843
2338		0.0623495
2339		0.0597145
2340		0.0534992
2341		0.0531019
2342		0.0543596
2343		0.0506559
2344		0.048044
2345		0.0471451
2346		0.0480826
2347		0.0478241
2348		0.047689
2349		0.0450926
2350		0.0455556
2351		0.0449306
2352		0.041304
2353		0.0376929
2354		0.0348148
2355		0.0309298
2356		0.0338079
2357		0.0344483
2358		0.0308719
2359		0.0244174
2360		0.023287
2361		0.0220795
2362		0.0215548
2363		0.0237886
2364		0.0219444
2365		0.0198495
2366		0.022909
2367		0.0218711
2368		0.0201505
2369		0.020463
2370		0.0197917
2371		0.0173418
2372		0.0216435
2373		0.0173341
2374		0.0180478
2375		0.0186728
2376		0.0162307
2377		0.0152894
2378		0.0179514
2379		0.0182716
2380		0.0204321
2381		0.0208989
2382		0.023696
2383		0.033044
2384		0.0378665
2385		0.0438657
2386		0.0556829
2387		0.055679
2388		0.0662153
2389		0.0652508
2390		0.0635262
2391		0.0609645
2392		0.0581713
2393		0.0552469
2394		0.0539198
2395		0.0540586
2396		0.0534568
2397		0.0453279
2398		0.0408951
2399		0.0389313
2400		0.0377199
2401		0.0344985
2402		0.0367284
2403		0.035625
2404		0.0434298
2405		0.0463773
2406		0.0453781
2407		0.0559375
2408		0.0570833
2409		0.0582523
2410		0.054213
2411		0.0491319
2412		0.0491435
2413		0.0492824
2414		0.0488156
2415		0.0551775
2416		0.0493596
2417		0.0492168
2418		0.0471335
2419		0.043804
2420		0.043939
2421		0.0446258
2422		0.0420563
2423		0.0364275
2424		0.0282562
2425		0.0223187
2426		0.0231752
2427		0.0240586
2428		0.0250077
2429		0.0225309
2430		0.0190008
2431		0.0212731
2432		0.0215972
2433		0.0285648
2434		0.0379051
2435		0.0409877
2436		0.0469329
2437		0.0507793
2438		0.0539043
2439		0.0526466
2440		0.0589545
2441		0.0573843
2442		0.058314
2443		0.0598727
2444		0.0626543
2445		0.0651312
2446		0.0657215
2447		0.0646103
2448		0.0636227
2449		0.0685108
2450		0.0653356
2451		0.0666628
2452		0.0686304
2453		0.0685339
2454		0.0690895
2455		0.0696914
2456		0.0710687
2457		0.073125
2458		0.0753858
2459		0.0758333
2460		0.0755286
2461		0.0832755
2462		0.0828704
2463		0.0849653
2464		0.0868094
2465		0.0858565
2466		0.0807986
2467		0.0755749
2468		0.0695949
2469		0.0658063
2470		0.0621528
2471		0.059784
2472		0.0565316
2473		0.0524267
2474		0.0501157
2475		0.0445872
2476		0.0485571
2477		0.0500887
2478		0.0459722
2479		0.0422068
2480		0.0436921
2481		0.0388233
2482		0.0378935
2483		0.034919
2484		0.0312461
2485		0.032963
2486		0.0301003
2487		0.0336613
2488		0.0329282
2489		0.0329977
2490		0.034865
2491		0.0333951
2492		0.0345795
2493		0.0362114
2494		0.0370563
2495		0.0384645
2496		0.0390856
2497		0.0386304
2498		0.0400463
2499		0.041821
2500		0.0403665
2501		0.0424884
2502		0.0433488
2503		0.0423303
2504		0.0429591
2505		0.0481829
2506		0.0463812
2507		0.0500309
2508		0.0520486
2509		0.0585532
2510		0.0608102
2511		0.0690162
2512		0.0784375
2513		0.0819522
2514		0.0854591
2515		0.0857137
2516		0.0846682
2517		0.0828472
2518		0.0807137
2519		0.0794136
2520		0.0783295
2521		0.0790779
2522		0.0814352
2523		0.0789738
2524		0.0827739
2525		0.0819174
2526		0.0816782
2527		0.0752662
2528		0.0762809
2529		0.0765741
2530		0.0767245
2531		0.0782484
2532		0.0806018
2533		0.075652
2534		0.0751427
2535		0.0805594
2536		0.0834915
2537		0.0803356
2538		0.078939
2539		0.0850463
2540		0.0849498
2541		0.0910532
2542		0.0845486
2543		0.0844946
2544		0.0873187
2545		0.0919676
2546		0.0878356
2547		0.0837423
2548		0.0869213
2549		0.0828202
2550		0.0805671
2551		0.082037
2552		0.080679
2553		0.0841744
2554		0.0802431
2555		0.0789429
2556		0.0732793
2557		0.0708603
2558		0.0709877
2559		0.070027
2560		0.0710532
2561		0.0601466
2562		0.0517323
2563		0.0449344
2564		0.0451003
2565		0.0421219
2566		0.0384028
2567		0.0367863
2568		0.0370177
2569		0.0338773
2570		0.031169
2571		0.0289313
2572		0.0252585
2573		0.0220833
2574		0.0201659
2575		0.019811
2576		0.0201157
2577		0.0204784
2578		0.018287
2579		0.0176543
2580		0.0177238
2581		0.0186034
2582		0.0196219
2583		0.0167824
2584		0.0164468
2585		0.0166204
2586		0.0191667
2587		0.0174537
2588		0.0177816
2589		0.0185262
2590		0.01799
2591		0.0181134
2592		0.018561
2593		0.0163117
2594		0.0178048
2595		0.017392
2596		0.0186073
2597		0.0188657
2598		0.0172338
2599		0.0177508
2600		0.0189583
2601		0.0179514
2602		0.0155787
2603		0.0164043
2604		0.0160995
2605		0.0184992
2606		0.0197647
2607		0.0191049
2608		0.020135
2609		0.0202238
2610		0.0188426
2611		0.0196026
2612		0.0202778
2613		0.0207677
2614		0.0198804
2615		0.0194907
2616		0.0191397
2617		0.0227469
2618		0.020679
2619		0.0202045
2620		0.0207369
2621		0.0212809
2622		0.0192824
2623		0.0189853
2624		0.023615
2625		0.0281944
2626		0.0356134
2627		0.0409259
2628		0.0467863
2629		0.0508989
2630		0.0547531
2631		0.056331
2632		0.0574807
2633		0.0577199
2634		0.0609568
2635		0.0628241
2636		0.0624846
2637		0.06951
2638		0.0733873
2639		0.0797029
2640		0.0856289
2641		0.0915046
2642		0.0951543
2643		0.102299
2644		0.103611
2645		0.106258
2646		0.113947
2647		0.11576
2648		0.124406
2649		0.128245
2650		0.133638
2651		0.135872
2652		0.141065
2653		0.14233
2654		0.144363
2655		0.146937
2656		0.147558
2657		0.150552
2658		0.151377
2659		0.155536
2660		0.160328
2661		0.148511
2662		0.156991
2663		0.160602
2664		0.163086
2665		0.168569
2666		0.161088
2667		0.158854
2668		0.162905
2669		0.164934
2670		0.16863
2671		0.168449
2672		0.164109
2673		0.16669
2674		0.162824
2675		0.172029
2676		0.172184
2677		0.170918
2678		0.166493
2679		0.164417
2680		0.167936
2681		0.164171
2682		0.148237
2683		0.146462
2684		0.147631
2685		0.144055
2686		0.111015
2687		0.106636
2688		0.10966
2689		0.112396
2690		0.112357
2691		0.115309
2692		0.110478
2693		0.110162
2694		0.107793
2695		0.0996335
2696		0.097963
2697		0.0866628
2698		0.0796643
2699		0.0702778
2700		0.066794
2701		0.0660802
2702		0.0663156
2703		0.0640548
2704		0.0642593
2705		0.0640895
2706		0.0666821
2707		0.0691551
2708		0.0685532
2709		0.0667593
2710		0.0602585
2711		0.0589969
2712		0.0578935
2713		0.0556289
2714		0.0573688
2715		0.0590548
2716		0.0572454
2717		0.058125
2718		0.0584992
2719		0.0601466
2720		0.0594715
2721		0.058314
2722		0.0562577
2723		0.0577083
2724		0.0603125
2725		0.0591011
2726		0.0592978
2727		0.0639352
2728		0.0684992
2729		0.0705401
2730		0.0766088
2731		0.0825965
2732		0.0855285
2733		0.0903395
2734		0.0911844
2735		0.0954977
2736		0.0987037
2737		0.101979
2738		0.0998071
2739		0.0994483
2740		0.100957
2741		0.10277
2742		0.100914
2743		0.103175
2744		0.104749
2745		0.104371
2746		0.104576
2747		0.106771
2748		0.108472
2749		0.111698
2750		0.11331
2751		0.11321
2752		0.111543
2753		0.114961
2754		0.115992
2755		0.116871
2756		0.118032
2757		0.121493
2758		0.122492
2759		0.120853
2760		0.122728
2761		0.122944
2762		0.123908
2763		0.126489
2764		0.125667
2765		0.124784
2766		0.129954
2767		0.132897
2768		0.132928
2769		0.134205
2770		0.134954
2771		0.135629
2772		0.136154
2773		0.136242
2774		0.139923
2775		0.14174
2776		0.144441
2777		0.145517
2778		0.146096
2779		0.147477
2780		0.145772
2781		0.146894
2782		0.146779
2783		0.149892
2784		0.148002
2785		0.147458
2786		0.141416
2787		0.141123
2788		0.142014
2789		0.14223
2790		0.139618
2791		0.139691
2792		0.139823
2793		0.137226
2794		0.13961
2795		0.138738
2796		0.138437
2797		0.141528
2798		0.138441
2799		0.139745
2800		0.142701
2801		0.142373
2802		0.143916
2803		0.141142
2804		0.141073
2805		0.145745
2806		0.144877
2807		0.145089
2808		0.145972
2809		0.146327
2810		0.14723
2811		0.146281
2812		0.145741
2813		0.146022
2814		0.150112
2815		0.150255
2816		0.147068
2817		0.146142
2818		0.14929
2819		0.149977
2820		0.151508
2821		0.147076
2822		0.14586
2823		0.149722
2824		0.147269
2825		0.148318
2826		0.149012
2827		0.148275
2828		0.149985
2829		0.14728
2830		0.147751
2831		0.147307
2832		0.147623
2833		0.146701
2834		0.148619
2835		0.148611
2836		0.15064
2837		0.151358
2838		0.149198
2839		0.149282
2840		0.151995
2841		0.15385
2842		0.153538
2843		0.156674
2844		0.157338
2845		0.155386
2846		0.157087
2847		0.155691
2848		0.155621
2849		0.156393
2850		0.160594
2851		0.167218
2852		0.166246
2853		0.170035
2854		0.171053
2855		0.171181
2856		0.168279
2857		0.167724
2858		0.167122
2859		0.162755
2860		0.160305
2861		0.152986
2862		0.15233
2863		0.14787
2864		0.150235
2865		0.153696
2866		0.153576
2867		0.15262
2868		0.152064
2869		0.151686
2870		0.152847
2871		0.15174
2872		0.152404
2873		0.151362
2874		0.152859
2875		0.15348
2876		0.152627
2877		0.152647
2878		0.155135
2879		0.154294
2880		0.157373
2881		0.160293
2882		0.161906
2883		0.162203
2884		0.164433
2885		0.165332
2886		0.172986
2887		0.174533
2888		0.175594
2889		0.177157
2890		0.178272
2891		0.17902
2892		0.180768
2893		0.180934
2894		0.18316
2895		0.181316
2896		0.180316
2897		0.181134
2898		0.18022
2899		0.182025
2900		0.182049
2901		0.182836
2902		0.183665
2903		0.181844
2904		0.182064
2905		0.179688
2906		0.181323
2907		0.182504
2908		0.180444
2909		0.181443
2910		0.183268
2911		0.175455
2912		0.177681
2913		0.174576
2914		0.175309
2915		0.17544
2916		0.176454
2917		0.176779
2918		0.174799
2919		0.176026
2920		0.176674
2921		0.176624
2922		0.177944
2923		0.178719
2924		0.180231
2925		0.177762
2926		0.178769
2927		0.177755
2928		0.179479
2929		0.177018
2930		0.177469
2931		0.178349
2932		0.17995
2933		0.179919
2934		0.182539
2935		0.182843
2936		0.17108
2937		0.172573
2938		0.170718
2939		0.171921
2940		0.172431
2941		0.177789
2942		0.180424
2943		0.184892
2944		0.188557
2945		0.191138
2946		0.19637
2947		0.200899
2948		0.204541
2949		0.211123
2950		0.218843
2951		0.218194
2952		0.224128
2953		0.226968
2954		0.228989
2955		0.235247
2956		0.240177
2957		0.242087
2958		0.249051
2959		0.253353
2960		0.257087
2961		0.27044
2962		0.275015
2963		0.280482
2964		0.28483
2965		0.289684
2966		0.291393
2967		0.295737
2968		0.300718
2969		0.303846
2970		0.309892
2971		0.314931
2972		0.316848
2973		0.32157
2974		0.327145
2975		0.328677
2976		0.333256
2977		0.338144
2978		0.342153
2979		0.343966
2980		0.343565
2981		0.344822
2982		0.346397
2983		0.351694
2984		0.35061
2985		0.352647
2986		0.35157
2987		0.354016
2988		0.354209
2989		0.359217
2990		0.361883
2991		0.367677
2992		0.371505
2993		0.377847
2994		0.378229
2995		0.380756
2996		0.385725
2997		0.389306
2998		0.392496
2999		0.394043
3000		0.401346
3001		0.399375
3002		0.402859
3003		0.405177
3004		0.410328
3005		0.414491
3006		0.417816
3007		0.422087
3008		0.426385
3009		0.433897
3010		0.438399
3011		0.441038
3012		0.450961
3013		0.457045
3014		0.45554
3015		0.463036
3016		0.468835
3017		0.474352
3018		0.483179
3019		0.482959
3020		0.485575
3021		0.490691
3022		0.50017
3023		0.509923
3024		0.505602
3025		0.512272
3026		0.513268
3027		0.511817
3028		0.512542
3029		0.520177
3030		0.519151
3031		0.516671
3032		0.515644
3033		0.512361
3034		0.515312
3035		0.519066
3036		0.508519
3037		0.504475
3038		0.50338
3039		0.506127
3040		0.514379
3041		0.510478
3042		0.517106
3043		0.511285
3044		0.517674
3045		0.514406
3046		0.51468
3047		0.513569
3048		0.513221
3049		0.517461
3050		0.516242
3051		0.518684
3052		0.513854
3053		0.515575
3054		0.51804
3055		0.514857
3056		0.513299
3057		0.512234
3058		0.512415
3059		0.513569
3060		0.519105
3061		0.493982
3062		0.492685
3063		0.490664
3064		0.493611
3065		0.502226
3066		0.509977
3067		0.516053
3068		0.52262
3069		0.526921
3070		0.524433
3071		0.528013
3072		0.524178
3073		0.520814
3074		0.522824
3075		0.524691
3076		0.530633
3077		0.529838
3078		0.524005
3079		0.528125
3080		0.532573
3081		0.539734
3082		0.551397
3083		0.555382
3084		0.554672
3085		0.562458
3086		0.558569
3087		0.560525
3088		0.558908
3089		0.562454
3090		0.563353
3091		0.563248
3092		0.564437
3093		0.563171
3094		0.561782
3095		0.564799
3096		0.56865
3097		0.568113
3098		0.570058
3099		0.564101
3100		0.565575
3101		0.567099
3102		0.57686
3103		0.573928
3104		0.575509
3105		0.571053
3106		0.569741
3107		0.571246
3108		0.572234
3109		0.569977
3110		0.574576
3111		0.540725
3112		0.539151
3113		0.542816
3114		0.545926
3115		0.545486
3116		0.545583
3117		0.543677
3118		0.547851
3119		0.552029
3120		0.554132
3121		0.551447
3122		0.553152
3123		0.555586
3124		0.558615
3125		0.564066
3126		0.564263
3127		0.568133
3128		0.567527
3129		0.569402
3130		0.56902
3131		0.5724
3132		0.56581
3133		0.566817
3134		0.568569
3135		0.57186
3136		0.570965
3137		0.57358
3138		0.576146
3139		0.573013
3140		0.576863
3141		0.578025
3142		0.579942
3143		0.580135
3144		0.581277
3145		0.583522
3146		0.584911
3147		0.590648
3148		0.590845
3149		0.58924
3150		0.593812
3151		0.593877
3152		0.592894
3153		0.589888
3154		0.595976
3155		0.595552
3156		0.595606
3157		0.598819
3158		0.597982
3159		0.600015
3160		0.601944
3161		0.565907
3162		0.567774
3163		0.565802
3164		0.560853
3165		0.565675
3166		0.561065
3167		0.561065
3168		0.565559
3169		0.570008
3170		0.570984
3171		0.570278
3172		0.57027
3173		0.571084
3174		0.572037
3175		0.572654
3176		0.572566
3177		0.575185
3178		0.578179
3179		0.584703
3180		0.585019
3181		0.589383
3182		0.596385
3183		0.598395
3184		0.599954
3185		0.598665
3186		0.602589
3187		0.608573
3188		0.609896
3189		0.612022
3190		0.617589
3191		0.615988
3192		0.621609
3193		0.621701
3194		0.622485
3195		0.627025
3196		0.630772
3197		0.629074
3198		0.626103
3199		0.626127
3200		0.627716
3201		0.6288
3202		0.629286
3203		0.631937
3204		0.634842
3205		0.632357
3206		0.635166
3207		0.635054
3208		0.633437
3209		0.635127
3210		0.633125
3211		0.579668
3212		0.58169
3213		0.580883
3214		0.588843
3215		0.588769
3216		0.586948
3217		0.589861
3218		0.586871
3219		0.592176
3220		0.592326
3221		0.593495
3222		0.594155
3223		0.595108
3224		0.599051
3225		0.596644
3226		0.601427
3227		0.602643
3228		0.60267
3229		0.607033
3230		0.608314
3231		0.611165
3232		0.611829
3233		0.612099
3234		0.6149
3235		0.615343
3236		0.599213
3237		0.601096
3238		0.601061
3239		0.600208
3240		0.603457
3241		0.601941
3242		0.603461
3243		0.604433
3244		0.606516
3245		0.606678
3246		0.605193
3247		0.605733
3248		0.603337
3249		0.604371
3250		0.605934
3251		0.581088
3252		0.582045
3253		0.582353
3254		0.583156
3255		0.584583
3256		0.586154
3257		0.587199
3258		0.586532
3259		0.585926
3260		0.589846
3261		0.589194
3262		0.589248
3263		0.5924
3264		0.598052
3265		0.599633
3266		0.598384
3267		0.597913
3268		0.596624
3269		0.599198
3270		0.599822
3271		0.599769
3272		0.598607
3273		0.59936
3274		0.604016
3275		0.605633
3276		0.608789
3277		0.605872
3278		0.608785
3279		0.613048
3280		0.610274
3281		0.611987
3282		0.612704
3283		0.612774
3284		0.612978
3285		0.615046
3286		0.616458
3287		0.616489
3288		0.619109
3289		0.620282
3290		0.619487
3291		0.619209
3292		0.621127
3293		0.621424
3294		0.62387
3295		0.622172
3296		0.621154
3297		0.621713
3298		0.622091
3299		0.620648
3300		0.622847
3301		0.622133
3302		0.623067
3303		0.622735
3304		0.624055
3305		0.624086
3306		0.622195
3307		0.621968
3308		0.623924
3309		0.622608
3310		0.622411
3311		0.573885
3312		0.573032
3313		0.579306
3314		0.579479
3315		0.579479
3316		0.582782
3317		0.583947
3318		0.586898
3319		0.585208
3320		0.582905
3321		0.582446
3322		0.58554
3323		0.587735
3324		0.586192
3325		0.588337
3326		0.594221
3327		0.592407
3328		0.590474
3329		0.590366
3330		0.590486
3331		0.590147
3332		0.592419
3333		0.595544
3334		0.596551
3335		0.59659
3336		0.600887
3337		0.602921
3338		0.59907
3339		0.601651
3340		0.601844
3341		0.600343
3342		0.6013
3343		0.607199
3344		0.608044
3345		0.607469
3346		0.608735
3347		0.608804
3348		0.609931
3349		0.607141
3350		0.614279
3351		0.616713
3352		0.616532
3353		0.61434
3354		0.616327
3355		0.617886
3356		0.615756
3357		0.616474
3358		0.616019
3359		0.616725
3360		0.617164
3361		0.62115
3362		0.619363
3363		0.617843
3364		0.622022
3365		0.623422
3366		0.623904
3367		0.623438
3368		0.623129
3369		0.620999
3370		0.621717
3371		0.624518
3372		0.624595
3373		0.629684
3374		0.626207
3375		0.628013
3376		0.628449
3377		0.628843
3378		0.627234
3379		0.623291
3380		0.62539
3381		0.626952
3382		0.626732
3383		0.628268
3384		0.627238
3385		0.627307
3386		0.585355
3387		0.585073
3388		0.587373
3389		0.590393
3390		0.591694
3391		0.594965
3392		0.59571
3393		0.597975
3394		0.597199
3395		0.595679
3396		0.597743
3397		0.598912
3398		0.599321
3399		0.602002
3400		0.601505
3401		0.603665
3402		0.601358
3403		0.605563
3404		0.605066
3405		0.607778
3406		0.608812
3407		0.611103
3408		0.61037
3409		0.608106
3410		0.609533
3411		0.597731
3412		0.5964
3413		0.598974
3414		0.601512
3415		0.598252
3416		0.599086
3417		0.598418
3418		0.600741
3419		0.59934
3420		0.59838
3421		0.595
3422		0.600953
3423		0.598295
3424		0.600748
3425		0.60218
3426		0.603715
3427		0.601879
3428		0.60468
3429		0.604857
3430		0.604209
3431		0.606265
3432		0.60549
3433		0.607666
3434		0.609074
3435		0.60814
3436		0.6051
3437		0.607114
3438		0.608156
3439		0.608152
3440		0.607797
3441		0.6087
3442		0.607751
3443		0.611879
3444		0.611277
3445		0.610791
3446		0.612431
3447		0.611636
3448		0.613364
3449		0.613098
3450		0.613823
3451		0.616941
3452		0.615178
3453		0.616427
3454		0.620305
3455		0.617458
3456		0.620664
3457		0.620583
3458		0.621971
3459		0.623765
3460		0.620143
3461		0.592083
3462		0.594653
3463		0.595347
3464		0.60034
3465		0.59821
3466		0.597303
3467		0.600945
3468		0.603434
3469		0.600143
3470		0.603233
3471		0.602839
3472		0.603495
3473		0.604537
3474		0.604846
3475		0.606632
3476		0.603106
3477		0.605147
3478		0.606709
3479		0.608804
3480		0.60939
3481		0.615058
3482		0.614043
3483		0.613322
3484		0.61591
3485		0.615706
3486		0.610883
3487		0.60973
3488		0.611424
3489		0.615008
3490		0.61451
3491		0.622176
3492		0.620937
3493		0.625787
3494		0.625891
3495		0.631254
3496		0.628684
3497		0.631188
3498		0.631204
3499		0.635112
3500		0.633549
3501		0.617222
3502		0.617562
3503		0.619564
3504		0.618156
3505		0.619865
3506		0.620691
3507		0.621651
3508		0.622014
3509		0.622242
3510		0.622658
3511		0.563719
3512		0.563461
3513		0.565656
3514		0.562759
3515		0.566481
3516		0.568954
3517		0.571177
3518		0.575922
3519		0.57598
3520		0.577712
3521		0.579645
3522		0.580764
3523		0.58216
3524		0.58468
3525		0.586732
3526		0.589155
3527		0.591493
3528		0.594842
3529		0.595833
3530		0.599537
3531		0.596273
3532		0.599051
3533		0.597577
3534		0.601412
3535		0.599988
3536		0.610359
3537		0.610899
3538		0.609888
3539		0.607724
3540		0.61093
3541		0.611103
3542		0.610891
3543		0.617805
3544		0.61789
3545		0.617728
3546		0.619159
3547		0.621975
3548		0.62093
3549		0.622126
3550		0.624622
3551		0.623237
3552		0.625641
3553		0.625008
3554		0.627211
3555		0.625035
3556		0.626497
3557		0.625571
3558		0.625042
3559		0.626296
3560		0.625629
3561		0.616551
3562		0.618017
3563		0.62216
3564		0.619718
3565		0.622272
3566		0.623839
3567		0.62461
3568		0.62238
3569		0.625143
3570		0.633175
3571		0.63463
3572		0.638893
3573		0.636725
3574		0.640714
3575		0.644699
3576		0.644028
3577		0.647265
3578		0.647242
3579		0.649942
3580		0.647978
3581		0.647531
3582		0.651412
3583		0.65299
3584		0.651242
3585		0.651212
3586		0.649826
3587		0.649433
3588		0.648141
3589		0.647928
3590		0.65201
3591		0.650502
3592		0.649371
3593		0.650212
3594		0.65037
3595		0.619761
3596		0.616933
3597		0.621543
3598		0.624603
3599		0.626697
3600		0.626177
3601		0.627056
3602		0.630382
3603		0.625891
3604		0.627728
3605		0.629803
3606		0.629768
3607		0.631806
3608		0.631929
3609		0.632188
3610		0.633202
3611		0.634348
3612		0.634498
3613		0.63343
3614		0.636049
3615		0.634086
3616		0.631096
3617		0.632836
3618		0.633696
3619		0.635571
3620		0.5888
3621		0.591296
3622		0.598036
3623		0.595579
3624		0.599379
3625		0.605224
3626		0.605575
3627		0.606601
3628		0.606431
3629		0.608873
3630		0.609927
3631		0.612535
3632		0.614796
3633		0.616833
3634		0.618206
3635		0.621551
3636		0.623241
3637		0.627762
3638		0.632045
3639		0.632215
3640		0.634468
3641		0.630594
3642		0.63343
3643		0.636995
3644		0.639001
3645		0.642697
3646		0.641258
3647		0.641933
3648		0.642724
3649		0.639263
3650		0.640517
3651		0.642226
3652		0.648657
3653		0.644518
3654		0.64527
3655		0.646663
3656		0.642519
3657		0.646725
3658		0.647288
3659		0.645069
3660		0.642261
3661		0.643596
3662		0.64402
3663		0.641296
3664		0.643083
3665		0.640679
3666		0.645316
3667		0.644761
3668		0.641833
3669		0.643897
3670		0.613723
3671		0.615394
3672		0.621678
3673		0.620012
3674		0.622793
3675		0.619742
3676		0.619645
3677		0.62157
3678		0.618461
3679		0.622423
3680		0.617542
3681		0.619958
3682		0.62696
3683		0.628904
3684		0.627643
3685		0.630066
3686		0.63064
3687		0.633025
3688		0.629606
3689		0.632338
3690		0.631744
3691		0.633823
3692		0.62892
3693		0.63397
3694		0.632801
3695		0.628005
3696		0.629163
3697		0.630702
3698		0.630058
3699		0.627975
3700		0.622542
3701		0.623688
3702		0.623989
3703		0.626011
3704		0.625069
3705		0.626242
3706		0.626987
3707		0.627639
3708		0.631586
3709		0.633345
3710		0.638708
3711		0.636698
3712		0.637288
3713		0.640027
3714		0.640455
3715		0.640567
3716		0.64169
3717		0.641204
3718		0.642755
3719		0.641779
3720		0.611867
3721		0.61387
3722		0.614992
3723		0.618989
3724		0.61973
3725		0.619062
3726		0.619213
3727		0.619221
3728		0.619888
3729		0.616848
3730		0.618179
3731		0.616597
3732		0.618924
3733		0.620243
3734		0.617963
3735		0.619124
3736		0.620922
3737		0.617813
3738		0.621219
3739		0.622049
3740		0.62213
3741		0.621559
3742		0.621022
3743		0.621458
3744		0.62054
3745		0.610228
3746		0.610945
3747		0.609495
3748		0.6111
3749		0.609317
3750		0.611227
3751		0.598291
3752		0.603059
3753		0.600374
3754		0.600409
3755		0.603133
3756		0.602975
3757		0.606983
3758		0.609934
3759		0.611937
3760		0.614236
3761		0.61338
3762		0.614363
3763		0.610428
3764		0.615216
3765		0.612963
3766		0.617855
3767		0.612272
3768		0.613785
3769		0.612627
3770		0.560413
3771		0.562863
3772		0.567612
3773		0.568353
3774		0.571273
3775		0.571925
3776		0.572662
3777		0.573438
3778		0.572369
3779		0.573117
3780		0.571798
3781		0.57407
3782		0.574348
3783		0.576462
3784		0.575471
3785		0.577157
3786		0.580139
3787		0.581883
3788		0.583198
3789		0.584198
3790		0.58478
3791		0.584514
3792		0.587963
3793		0.590255
3794		0.592249
3795		0.581022
3796		0.583137
3797		0.588623
3798		0.590089
3799		0.589896
3800		0.590301
3801		0.589927
3802		0.592465
3803		0.598468
3804		0.598904
3805		0.599313
3806		0.596586
3807		0.598549
3808		0.600293
3809		0.603877
3810		0.600818
3811		0.604861
3812		0.601177
3813		0.604317
3814		0.604344
3815		0.605795
3816		0.607747
3817		0.61135
3818		0.612187
3819		0.616026
3820		0.62375
3821		0.625451
3822		0.625208
3823		0.624086
3824		0.62762
3825		0.625123
3826		0.631389
3827		0.627222
3828		0.631126
3829		0.634383
3830		0.63397
3831		0.637326
3832		0.641543
3833		0.641748
3834		0.641543
3835		0.643634
3836		0.645039
3837		0.65135
3838		0.648754
3839		0.65022
3840		0.651042
3841		0.653715
3842		0.653777
3843		0.656015
3844		0.656443
3845		0.652566
3846		0.650494
3847		0.652824
3848		0.65495
3849		0.652581
3850		0.654969
3851		0.65686
3852		0.658615
3853		0.660359
3854		0.665239
3855		0.667759
3856		0.672157
3857		0.675204
3858		0.677126
3859		0.676786
3860		0.678931
3861		0.685332
3862		0.688773
3863		0.68407
3864		0.689861
3865		0.688858
3866		0.682716
3867		0.681879
3868		0.679541
3869		0.679406
3870		0.625216
3871		0.622616
3872		0.626007
3873		0.626362
3874		0.627095
3875		0.63027
3876		0.631335
3877		0.62789
3878		0.631589
3879		0.634529
3880		0.634333
3881		0.640359
3882		0.643665
3883		0.640733
3884		0.638796
3885		0.640093
3886		0.639784
3887		0.642187
3888		0.640926
3889		0.642627
3890		0.641767
3891		0.642056
3892		0.645123
3893		0.646775
3894		0.649047
3895		0.655401
3896		0.651119
3897		0.656219
3898		0.65669
3899		0.659792
3900		0.659159
3901		0.658218
3902		0.657851
3903		0.665305
3904		0.664321
3905		0.667693
3906		0.673827
3907		0.670822
3908		0.669811
3909		0.669518
3910		0.670286
3911		0.675166
3912		0.67544
3913		0.674244
3914		0.67669
3915		0.678056
3916		0.676929
3917		0.677103
3918		0.674572
3919		0.676674
3920		0.651848
3921		0.651786
3922		0.64917
3923		0.656146
3924		0.656501
3925		0.655143
3926		0.65625
3927		0.657029
3928		0.658198
3929		0.652589
3930		0.656782
3931		0.659487
3932		0.659213
3933		0.659136
3934		0.66
3935		0.659375
3936		0.660023
3937		0.656875
3938		0.660548
3939		0.662083
3940		0.663858
3941		0.66037
3942		0.66407
3943		0.663009
3944		0.665548
3945		0.639576
3946		0.64343
3947		0.646069
3948		0.646293
3949		0.647843
3950		0.643488
3951		0.645637
3952		0.642106
3953		0.648457
3954		0.646065
3955		0.648445
3956		0.65277
3957		0.659703
3958		0.655957
3959		0.652701
3960		0.652207
3961		0.651821
3962		0.650019
3963		0.653831
3964		0.655478
3965		0.654441
3966		0.653681
3967		0.659495
3968		0.664803
3969		0.661659
3970		0.666937
3971		0.669009
3972		0.668507
3973		0.668947
3974		0.671971
3975		0.671871
3976		0.672593
3977		0.67365
3978		0.672361
3979		0.672843
3980		0.678935
3981		0.679765
3982		0.681088
3983		0.681728
3984		0.680552
3985		0.682488
3986		0.675972
3987		0.677114
3988		0.673044
3989		0.677176
3990		0.679248
3991		0.685548
3992		0.685741
3993		0.686721
3994		0.685683
3995		0.662542
3996		0.66191
3997		0.662249
3998		0.658943
3999		0.659001
4000		0.657855
4001		0.633156
4002		0.635995
4003		0.638642
4004		0.639464
4005		0.640393
4006		0.653106
4007		0.653476
4008		0.653063
4009		0.656995
4010		0.658526
4011		0.66179
4012		0.658283
4013		0.658557
4014		0.659564
4015		0.660718
4016		0.663947
4017		0.664703
4018		0.66245
4019		0.662396
4020		0.631732
4021		0.629969
4022		0.629711
4023		0.629606
4024		0.634116
4025		0.63446
4026		0.630787
4027		0.635251
4028		0.637458
4029		0.644769
4030		0.6436
4031		0.647419
4032		0.642708
4033		0.644711
4034		0.652801
4035		0.648137
4036		0.645444
4037		0.648638
4038		0.653036
4039		0.665185
4040		0.667824
4041		0.668395
4042		0.662068
4043		0.658287
4044		0.657049
4045		0.609101
4046		0.606744
4047		0.605671
4048		0.611424
4049		0.615494
4050		0.610355
4051		0.614722
4052		0.622249
4053		0.618522
4054		0.616817
4055		0.624907
4056		0.634826
4057		0.635448
4058		0.625552
4059		0.620502
4060		0.628492
4061		0.625046
4062		0.632454
4063		0.633495
4064		0.638688
4065		0.636142
4066		0.640405
4067		0.631516
4068		0.636157
4069		0.631366
4070		0.653603
4071		0.653299
4072		0.65532
4073		0.664078
4074		0.661478
4075		0.658245
4076		0.665417
4077		0.663569
4078		0.66059
4079		0.651397
4080		0.658519
4081		0.657153
4082		0.660764
4083		0.664687
4084		0.664576
4085		0.665548
4086		0.666123
4087		0.667338
4088		0.670008
4089		0.671366
4090		0.670027
4091		0.668526
4092		0.67299
4093		0.67061
4094		0.671246
4095		0.650764
4096		0.652893
4097		0.650293
4098		0.651921
4099		0.655536
4100		0.657631
4101		0.662735
4102		0.656744
4103		0.659969
4104		0.660609
4105		0.657296
4106		0.665528
4107		0.663372
4108		0.663457
4109		0.652951
4110		0.653183
4111		0.656925
4112		0.65995
4113		0.662396
4114		0.665374
4115		0.661134
4116		0.663978
4117		0.665386
4118		0.662786
4119		0.667299
4120		0.676423
4121		0.678719
4122		0.679734
4123		0.677245
4124		0.681782
4125		0.679857
4126		0.679996
4127		0.679383
4128		0.680035
4129		0.678245
4130		0.675995
4131		0.675208
4132		0.678391
4133		0.679024
4134		0.684915
4135		0.684128
4136		0.685274
4137		0.683214
4138		0.676848
4139		0.679533
4140		0.676254
4141		0.680046
4142		0.676535
4143		0.68039
4144		0.678472
4145		0.615667
4146		0.617546
4147		0.616543
4148		0.618268
4149		0.621478
4150		0.621088
4151		0.620235
4152		0.621967
4153		0.630147
4154		0.626304
4155		0.626813
4156		0.63233
4157		0.634174
4158		0.63951
4159		0.647446
4160		0.651767
4161		0.648962
4162		0.65483
4163		0.65708
4164		0.657778
4165		0.655945
4166		0.661914
4167		0.660602
4168		0.661682
4169		0.663634
4170		0.652411
4171		0.65637
4172		0.659965
4173		0.652053
4174		0.655297
4175		0.670845
4176		0.670069
4177		0.66652
4178		0.672608
4179		0.672342
4180		0.67527
4181		0.687353
4182		0.68544
4183		0.691998
4184		0.69461
4185		0.690343
4186		0.686948
4187		0.689035
4188		0.68777
4189		0.69054
4190		0.694896
4191		0.69863
4192		0.703943
4193		0.697847
4194		0.702442
4195		0.69272
4196		0.691397
4197		0.69466
4198		0.694402
4199		0.698812
4200		0.69701
4201		0.70593
4202		0.702346
4203		0.702195
4204		0.701613
4205		0.700695
4206		0.705706
4207		0.709911
4208		0.716343
4209		0.714306
4210		0.717307
4211		0.720938
4212		0.713268
4213		0.71512
4214		0.717882
4215		0.717955
4216		0.71789
4217		0.718943
4218		0.715656
4219		0.717323
4220		0.679645
4221		0.680814
4222		0.675837
4223		0.683252
4224		0.682045
4225		0.672261
4226		0.675525
4227		0.670181
4228		0.67363
4229		0.675556
4230		0.673669
4231		0.678171
4232		0.672241
4233		0.674278
4234		0.682708
4235		0.687396
4236		0.689525
4237		0.688476
4238		0.684105
4239		0.683951
4240		0.646427
4241		0.638222
4242		0.648954
4243		0.633384
4244		0.61463
4245		0.613098
4246		0.615463
4247		0.613113
4248		0.604672
4249		0.598943
4250		0.602967
4251		0.567616
4252		0.571258
4253		0.570887
4254		0.574672
4255		0.550991
4256		0.547705
4257		0.547488
4258		0.546385
4259		0.544826
4260		0.547477
4261		0.544811
4262		0.543345
4263		0.535351
4264		0.541863
4265		0.541555
4266		0.544132
4267		0.55216
4268		0.554363
4269		0.558943
4270		0.552052
4271		0.566944
4272		0.572712
4273		0.578985
4274		0.588565
4275		0.589105
4276		0.593453
4277		0.592029
4278		0.59265
4279		0.591894
4280		0.592724
4281		0.598368
4282		0.601038
4283		0.606134
4284		0.602828
4285		0.609313
4286		0.613221
4287		0.619961
4288		0.626022
4289		0.63235
4290		0.62978
4291		0.635733
4292		0.648495
4293		0.639024
4294		0.637531
4295		0.64223
4296		0.642604
4297		0.648063
4298		0.661725
4299		0.66321
4300		0.67211
4301		0.662295
4302		0.658812
4303		0.651377
4304		0.65402
4305		0.650174
4306		0.654394
4307		0.65054
4308		0.652604
4309		0.654441
4310		0.65912
4311		0.656381
4312		0.662018
4313		0.664927
4314		0.668025
4315		0.664985
4316		0.671366
4317		0.671894
4318		0.65821
4319		0.659691
4320		0.639456
4321		0.641377
4322		0.644151
4323		0.637774
4324		0.63647
4325		0.629703
4326		0.62314
4327		0.631377
4328		0.621343
4329		0.620991
4330		0.612126
4331		0.608858
4332		0.611161
4333		0.61027
4334		0.610953
4335		0.610833
4336		0.605027
4337		0.59816
4338		0.596786
4339		0.59353
4340		0.594529
4341		0.602276
4342		0.604008
4343		0.608399
4344		0.613353
4345		0.594086
4346		0.602816
4347		0.606042
4348		0.622739
4349		0.623572
4350		0.623877
4351		0.627446
4352		0.632365
4353		0.627049
4354		0.629957
4355		0.633391
4356		0.628515
4357		0.628445
4358		0.623812
4359		0.621289
4360		0.621601
4361		0.621995
4362		0.624309
4363		0.620394
4364		0.622261
4365		0.617153
4366		0.620482
4367		0.618206
4368		0.612678
4369		0.621084
4370		0.624985
4371		0.622442
4372		0.628005
4373		0.636817
4374		0.632569
4375		0.636682
4376		0.634448
4377		0.627315
4378		0.63081
4379		0.625575
4380		0.62461
4381		0.629618
4382		0.626817
4383		0.623337
4384		0.628627
4385		0.625363
4386		0.630181
4387		0.631126
4388		0.625193
4389		0.622203
4390		0.618032
4391		0.620544
4392		0.619136
4393		0.61539
4394		0.60039
4395		0.598889
4396		0.594514
4397		0.580644
4398		0.574333
4399		0.568391
4400		0.555089
4401		0.554707
4402		0.549603
4403		0.540042
4404		0.538881
4405		0.540575
4406		0.535745
4407		0.531705
4408		0.531346
4409		0.535617
4410		0.534838
4411		0.53012
4412		0.525829
4413		0.520231
4414		0.527843
4415		0.530876
4416		0.527261
4417		0.52429
4418		0.514417
4419		0.515741
4420		0.503812
4421		0.504198
4422		0.503445
4423		0.510768
4424		0.509742
4425		0.506169
4426		0.51539
4427		0.515366
4428		0.518661
4429		0.53272
4430		0.535687
4431		0.540181
4432		0.544699
4433		0.549047
4434		0.55059
4435		0.551177
4436		0.551501
4437		0.550779
4438		0.547242
4439		0.542608
4440		0.545085
4441		0.549124
4442		0.554525
4443		0.549545
4444		0.554587
4445		0.564414
4446		0.568441
4447		0.571894
4448		0.574726
4449		0.570517
4450		0.576535
4451		0.580961
4452		0.587245
4453		0.583951
4454		0.591983
4455		0.595158
4456		0.601346
4457		0.607458
4458		0.614672
4459		0.619398
4460		0.623515
4461		0.622176
4462		0.626582
4463		0.629097
4464		0.629448
4465		0.628947
4466		0.6263
4467		0.62206
4468		0.620999
4469		0.619745
4470		0.594348
4471		0.590775
4472		0.593248
4473		0.594468
4474		0.594599
4475		0.598765
4476		0.587928
4477		0.587241
4478		0.583924
4479		0.583858
4480		0.580035
4481		0.580397
4482		0.574552
4483		0.568476
4484		0.566879
4485		0.564448
4486		0.552612
4487		0.540401
4488		0.531752
4489		0.527157
4490		0.517296
4491		0.519063
4492		0.508137
4493		0.500486
4494		0.493723
4495		0.485023
4496		0.478468
4497		0.479769
4498		0.482855
4499		0.480193
4500		0.47902
4501		0.469961
4502		0.469086
4503		0.472747
4504		0.483152
4505		0.490208
4506		0.489043
4507		0.49735
4508		0.492839
4509		0.495563
4510		0.49304
4511		0.495309
4512		0.490937
4513		0.492674
4514		0.488576
4515		0.488808
4516		0.487897
4517		0.487712
4518		0.484225
4519		0.477423
4520		0.445683
4521		0.457056
4522		0.458696
4523		0.458164
4524		0.460297
4525		0.470857
4526		0.463773
4527		0.472276
4528		0.475313
4529		0.48637
4530		0.501235
4531		0.495467
4532		0.501508
4533		0.494213
4534		0.489059
4535		0.485397
4536		0.483792
4537		0.47147
4538		0.47
4539		0.472157
4540		0.468661
4541		0.469977
4542		0.474097
4543		0.479433
4544		0.470702
4545		0.458179
4546		0.460482
4547		0.465903
4548		0.469321
4549		0.468225
4550		0.466454
4551		0.459159
4552		0.463912
4553		0.462859
4554		0.470598
4555		0.480363
4556		0.480583
4557		0.482176
4558		0.453877
4559		0.455081
4560		0.450822
4561		0.450424
4562		0.446562
4563		0.440436
4564		0.455864
4565		0.449907
4566		0.450926
4567		0.449167
4568		0.450015
4569		0.452539
4570		0.441624
4571		0.425162
4572		0.432913
4573		0.443981
4574		0.448823
4575		0.454506
4576		0.460397
4577		0.452438
4578		0.45804
4579		0.454904
4580		0.456759
4581		0.451879
4582		0.45532
4583		0.457948
4584		0.460004
4585		0.454437
4586		0.453341
4587		0.453052
4588		0.443931
4589		0.451883
4590		0.453534
4591		0.460833
4592		0.468137
4593		0.477816
4594		0.476813
4595		0.4463
4596		0.44885
4597		0.458245
4598		0.462882
4599		0.452199
4600		0.456254
4601		0.453418
4602		0.453765
4603		0.446184
4604		0.445008
4605		0.44988
4606		0.438723
4607		0.430841
4608		0.434541
4609		0.437639
4610		0.439371
4611		0.43483
4612		0.427677
4613		0.417423
4614		0.413553
4615		0.412006
4616		0.41022
4617		0.411964
4618		0.414155
4619		0.401138
4620		0.387145
4621		0.384518
4622		0.389414
4623		0.38799
4624		0.37652
4625		0.364934
4626		0.360972
4627		0.361265
4628		0.352045
4629		0.347654
4630		0.347303
4631		0.347323
4632		0.348696
4633		0.352465
4634		0.345737
4635		0.343819
4636		0.343816
4637		0.337816
4638		0.338854
4639		0.344394
4640		0.353468
4641		0.355039
4642		0.344815
4643		0.353063
4644		0.351015
4645		0.352685
4646		0.358808
4647		0.363399
4648		0.368742
4649		0.37461
4650		0.373364
4651		0.383395
4652		0.395328
4653		0.392639
4654		0.396073
4655		0.408893
4656		0.407944
4657		0.417828
4658		0.422816
4659		0.420359
4660		0.403106
4661		0.400073
4662		0.398912
4663		0.407423
4664		0.400783
4665		0.399807
4666		0.392504
4667		0.394047
4668		0.398434
4669		0.395853
4670		0.392461
4671		0.390725
4672		0.374244
4673		0.367921
4674		0.368052
4675		0.362674
4676		0.354896
4677		0.352755
4678		0.347523
4679		0.343754
4680		0.336713
4681		0.325193
4682		0.319475
4683		0.322836
4684		0.317731
4685		0.314776
4686		0.30831
4687		0.316435
4688		0.320143
4689		0.320999
4690		0.322936
4691		0.318329
4692		0.318893
4693		0.306971
4694		0.308356
4695		0.2939
4696		0.296443
4697		0.288457
4698		0.292253
4699		0.297712
4700		0.305158
4701		0.300833
4702		0.306574
4703		0.305633
4704		0.301902
4705		0.314614
4706		0.315567
4707		0.31951
4708		0.324915
4709		0.326065
4710		0.335984
4711		0.34456
4712		0.342392
4713		0.346933
4714		0.353673
4715		0.362411
4716		0.362728
4717		0.366339
4718		0.373603
4719		0.374147
4720		0.380131
4721		0.375259
4722		0.362222
4723		0.367191
4724		0.369579
4725		0.368615
4726		0.355031
4727		0.364294
4728		0.363129
4729		0.368592
4730		0.359799
4731		0.354228
4732		0.35429
4733		0.353206
4734		0.350748
4735		0.351532
4736		0.352894
4737		0.355139
4738		0.353572
4739		0.343411
4740		0.344819
4741		0.337928
4742		0.34235
4743		0.339579
4744		0.335177
4745		0.316767
4746		0.315633
4747		0.306543
4748		0.306462
4749		0.305594
4750		0.297724
4751		0.270965
4752		0.276049
4753		0.283121
4754		0.272427
4755		0.269321
4756		0.257832
4757		0.240579
4758		0.234275
4759		0.222218
4760		0.213935
4761		0.210702
4762		0.199452
4763		0.189645
4764		0.185768
4765		0.179757
4766		0.172512
4767		0.167272
4768		0.161821
4769		0.166628
4770		0.157959
4771		0.150096
4772		0.154398
4773		0.159498
4774		0.151343
4775		0.133893
4776		0.130664
4777		0.122373
4778		0.113264
4779		0.111948
4780		0.108287
4781		0.0987384
4782		0.0990432
4783		0.0910185
4784		0.0865509
4785		0.0797724
4786		0.0738387
4787		0.0695293
4788		0.0667323
4789		0.0583565
4790		0.0532948
4791		0.0479707
4792		0.0430517
4793		0.036412
4794		0.0354514
4795		0.0287423
4796		0.0269985
4797		0.0246181
4798		0.0215123
4799		0.0207639
4800		0.018804
4801		0.0150926
4802		0.0139005
4803		0.0119059
4804		0.0107253
4805		0.00761574
4806		0.00955633
4807		0.0115123
4808		0.00864969
4809		0.0102238
4810		0.0089892
4811		0.00818673
4812		0.00886574
4813		0.00999614
4814		0.00978009
4815		0.00815201
4816		0.0078858
4817		0.00822531
4818		0.00787423
4819		0.00843364
4820		0.00832562
4821		0.00777778
4822		0.00854552
4823		0.00840664
4824		0.0069483
4825		0.00915895
4826		0.0107793
4827		0.0100849
4828		0.0115278
4829		0.0119946
4830		0.011713
4831		0.0106134
4832		0.0110571
4833		0.0103549
4834		0.0158411
4835		0.0157909
4836		0.0159877
4837		0.0164815
4838		0.015787
4839		0.0152971
4840		0.0162539
4841		0.0163735
4842		0.0181057
4843		0.0163387
4844		0.0164313
4845		0.0157099
4846		0.0181366
4847		0.0181597
4848		0.0174228
4849		0.0177315
4850		0.017936
4851		0.0165779
4852		0.0183989
4853		0.0184105
4854		0.0204051
4855		0.0197878
4856		0.0207137
4857		0.0197647
4858		0.0186073
4859		0.0157407
4860		0.0168634
4861		0.017446
4862		0.0158488
4863		0.0159491
4864		0.0150617
4865		0.0153395
4866		0.0151235
4867		0.014537
4868		0.0161073
4869		0.0129282
4870		0.0129051
4871		0.0125694
4872		0.0140856
4873		0.0124074
4874		0.0116898
4875		0.0129745
4876		0.0149769
4877		0.0162924
4878		0.0147029
4879		0.0182716
4880		0.018341
4881		0.0169522
4882		0.0177623
4883		0.0183372
4884		0.0194869
4885		0.0193673
4886		0.0192207
4887		0.0202315
4888		0.0195911
4889		0.0204938
4890		0.0203472
4891		0.0202199
4892		0.0198264
4893		0.0206636
4894		0.0211304
4895		0.0197145
4896		0.0199576
4897		0.0211535
4898		0.0212886
4899		0.0241937
4900		0.0240856
4901		0.0227585
4902		0.0235417
4903		0.0229167
4904		0.0225463
4905		0.0233873
4906		0.0222878
4907		0.0209221
4908		0.019456
4909		0.0199807
4910		0.0188117
4911		0.01625
4912		0.0145448
4913		0.0132292
4914		0.0112809
4915		0.0105517
4916		0.0124267
4917		0.0196142
4918		0.0266011
4919		0.0303935
4920		0.0378627
4921		0.0410494
4922		0.0405787
4923		0.043071
4924		0.0438464
4925		0.0480247
4926		0.0575116
4927		0.0661381
4928		0.0710957
4929		0.0803858
4930		0.09076
4931		0.0958295
4932		0.100012
4933		0.0970756
4934		0.0935455
4935		0.0962384
4936		0.0972724
4937		0.0999691
4938		0.103133
4939		0.101917
4940		0.101759
4941		0.10461
4942		0.106763
4943		0.106566
4944		0.10755
4945		0.108426
4946		0.109815
4947		0.111601
4948		0.109545
4949		0.109147
4950		0.112724
4951		0.114109
4952		0.109159
4953		0.104734
4954		0.105772
4955		0.102886
4956		0.103025
4957		0.0961304
4958		0.0971759
4959		0.0848495
4960		0.09049
4961		0.0914506
4962		0.0842284
4963		0.0761227
4964		0.0774884
4965		0.0726543
4966		0.069348
4967		0.0712153
4968		0.0666242
4969		0.0716667
4970		0.0660648
4971		0.064321
4972		0.0568789
4973		0.0609143
4974		0.0617245
4975		0.067473
4976		0.066169
4977		0.0681482
4978		0.0635301
4979		0.0652238
4980		0.0594097
4981		0.0588002
4982		0.0594213
4983		0.0592284
4984		0.0544367
4985		0.0506018
4986		0.0530864
4987		0.0546836
4988		0.0503125
4989		0.0535108
4990		0.0583295
4991		0.0556636
4992		0.0517786
4993		0.0557909
4994		0.0555941
4995		0.0565316
4996		0.0622415
4997		0.0660224
4998		0.0705787
4999		0.0719097
5000		0.0735841
5001		0.0731674
5002		0.0691744
5003		0.0693094
5004		0.0696103
5005		0.0743673
5006		0.0770293
5007		0.0802083
5008		0.0863349
5009		0.0715201
5010		0.0668248
5011		0.0659336
5012		0.0626312
5013		0.0621296
5014		0.0582137
5015		0.0542284
5016		0.0436535
5017		0.0435378
5018		0.0452315
5019		0.0483295
5020		0.0517978
5021		0.0514738
5022		0.0490856
5023		0.0390509
5024		0.0449074
5025		0.0419367
5026		0.040679
5027		0.0377778
5028		0.0355556
5029		0.0342824
5030		0.0318441
5031		0.0290162
5032		0.0247917
5033		0.0217515
5034		0.0212191
5035		0.0203549
5036		0.0195679
5037		0.0208179
5038		0.0197184
5039		0.0193248
5040		0.0193056
5041		0.0202778
5042		0.0203202
5043		0.0203897
5044		0.0257832
5045		0.0265972
5046		0.0331983
5047		0.0379552
5048		0.0414159
5049		0.0495756
5050		0.0623534
5051		0.0707446
5052		0.0847839
5053		0.0951157
5054		0.103306
5055		0.114796
5056		0.12598
5057		0.13113
5058		0.142813
5059		0.15064
5060		0.156956
5061		0.17091
5062		0.175999
5063		0.183719
5064		0.193364
5065		0.20581
5066		0.210737
5067		0.223673
5068		0.231848
5069		0.238372
5070		0.248962
5071		0.262207
5072		0.26299
5073		0.268603
5074		0.270069
5075		0.275768
5076		0.285262
5077		0.286269
5078		0.28669
5079		0.297681
5080		0.288599
5081		0.288071
5082		0.279861
5083		0.283086
5084		0.298372
5085		0.29515
5086		0.28684
5087		0.28713
5088		0.282052
5089		0.270085
5090		0.266755
5091		0.263275
5092		0.257388
5093		0.257265
5094		0.256127
5095		0.253916
5096		0.253862
5097		0.249367
5098		0.246416
5099		0.243978
5100		0.236007
5101		0.231092
5102		0.22603
5103		0.219255
5104		0.209271
5105		0.206443
5106		0.200791
5107		0.18816
5108		0.18218
5109		0.181408
5110		0.167026
5111		0.160166
5112		0.148688
5113		0.135108
5114		0.131925
5115		0.122674
5116		0.110073
5117		0.104101
5118		0.0946566
5119		0.0849228
5120		0.0828048
5121		0.0732369
5122		0.0590085
5123		0.0531867
5124		0.0454398
5125		0.0401543
5126		0.0343557
5127		0.0292708
5128		0.0240818
5129		0.0209375
5130		0.0176813
5131		0.0108063
5132		0.00887732
5133		0.00748843
5134		0.00500772
5135		0.00465278
5136		0.00417438
5137		0.00419367
5138		0.00439815
5139		0.00412037
5140		0.00553241
5141		0.00462191
5142		0.00458719
5143		0.00532793
5144		0.0071412
5145		0.00490355
5146		0.0040625
5147		0.000922068
5148		0.000543981
5149		0.000640432
5150		0.00284336
5151		0.00443673
5152		0.00515818
5153		0.00659336
5154		0.0048534
5155		0.00511188
5156		0.0058642
5157		0.0054784
5158		0.00744985
5159		0.00777778
5160		0.00756559
5161		0.00825231
5162		0.00808256
5163		0.00887346
5164		0.00619985
5165		0.00667824
5166		0.00374614
5167		0.00388503
5168		0.00540123
5169		0.00576003
5170		0.00503086
5171		0.00606867
5172		0.00527778
5173		0.00518519
5174		0.00450231
5175		0.00418981
5176		0.00427855
5177		0.00501929
5178		0.00478009
5179		0.0043017
5180		0.00511188
5181		0.00658565
5182		0.00689429
5183		0.00674768
5184		0.00700617
5185		0.00525077
5186		0.00640818
5187		0.00582176
5188		0.00552083
5189		0.00664738
5190		0.00563272
5191		0.00626543
5192		0.00547454
5193		0.0065625
5194		0.00707947
5195		0.00478395
5196		0.00415509
5197		0.00201389
5198		0.00449074
5199		0.00331019
5200		0.00272377
5201		0.0026929
5202		0.00345293
5203		0.00305941
5204		0.00335262
5205		0.00396219
5206		0.0028858
5207		0.00334105
5208		0.0025463
5209		0.00354553
5210		0.00380401
5211		0.00467978
5212		0.00465278
5213		0.00167052
5214		0.00145062
5215		0.00155093
5216		0.0015625
5217		0.00328318
5218		0.00167438
5219		0.00423611
5220		0.00464892
5221		0.00408565
5222		0.00388889
5223		0.00466435
5224		0.00391204
5225		0.00571759
5226		0.00594522
5227		0.00640046
5228		0.0059375
5229		0.00849537
5230		0.00692901
5231		0.00719136
5232		0.00746528
5233		0.00460648
5234		0.00646605
5235		0.0103395
5236		0.00711034
5237		0.00656636
5238		0.00680941
5239		0.00586806
5240		0.0057446
5241		0.00637732
5242		0.00714892
5243		0.0058642
5244		0.00590664
5245		0.00677855
5246		0.00808256
5247		0.00459105
5248		0.00349537
5249		0.00364583
5250		0.00506944
5251		0.00668981
5252		0.00628858
5253		0.00653164
5254		0.00538966
5255		0.00523148
5256		0.003125
5257		0.0105517
5258		0.0178356
5259		0.0212693
5260		0.0288696
5261		0.0373881
5262		0.0400579
5263		0.0459954
5264		0.0510301
5265		0.0490895
5266		0.0501736
5267		0.0552122
5268		0.0538812
5269		0.0562616
5270		0.0580208
5271		0.0594869
5272		0.0600579
5273		0.0595293
5274		0.06174
5275		0.0649807
5276		0.0654321
5277		0.0623534
5278		0.0627508
5279		0.0600772
5280		0.061007
5281		0.0632292
5282		0.0641551
5283		0.0613812
5284		0.0617554
5285		0.0661497
5286		0.066632
5287		0.0669907
5288		0.0732523
5289		0.0740162
5290		0.0801736
5291		0.0851659
5292		0.0914969
5293		0.0992863
5294		0.107133
5295		0.109498
5296		0.114198
5297		0.119514
5298		0.121802
5299		0.121779
5300		0.126578
5301		0.126397
5302		0.131732
5303		0.135069
5304		0.13478
5305		0.133997
5306		0.137315
5307		0.134826
5308		0.133179
5309		0.138395
5310		0.136875
5311		0.135887
5312		0.140486
5313		0.141142
5314		0.140015
5315		0.140621
5316		0.141613
5317		0.135779
5318		0.138912
5319		0.138627
5320		0.140586
5321		0.132944
5322		0.131875
5323		0.133881
5324		0.134182
5325		0.132365
5326		0.130779
5327		0.130957
5328		0.131713
5329		0.133214
5330		0.133754
5331		0.131852
5332		0.130829
5333		0.132859
5334		0.13429
5335		0.137411
5336		0.138345
5337		0.14012
5338		0.142913
5339		0.146713
5340		0.148302
5341		0.149093
5342		0.148048
5343		0.146022
5344		0.149008
5345		0.140814
5346		0.142635
5347		0.151346
5348		0.151902
5349		0.146821
5350		0.150941
5351		0.154225
5352		0.159028
5353		0.165332
5354		0.168187
5355		0.168735
5356		0.175718
5357		0.178129
5358		0.182188
5359		0.186524
5360		0.197373
5361		0.195571
5362		0.197677
5363		0.19936
5364		0.201007
5365		0.201019
5366		0.203418
5367		0.202492
5368		0.203993
5369		0.200999
5370		0.192662
5371		0.194688
5372		0.192369
5373		0.19782
5374		0.200903
5375		0.204992
5376		0.207805
5377		0.206435
5378		0.209591
5379		0.205988
5380		0.204348
5381		0.206617
5382		0.207542
5383		0.207442
5384		0.21157
5385		0.216574
5386		0.223908
5387		0.229877
5388		0.228777
5389		0.234333
5390		0.239317
5391		0.237195
5392		0.247288
5393		0.245899
5394		0.243422
5395		0.24909
5396		0.249699
5397		0.243106
5398		0.245502
5399		0.239892
5400		0.237431
5401		0.233839
5402		0.226601
5403		0.22777
5404		0.226875
5405		0.226597
5406		0.230008
5407		0.227685
5408		0.227164
5409		0.228426
5410		0.225922
5411		0.227014
5412		0.231042
5413		0.229066
5414		0.226771
5415		0.230795
5416		0.234248
5417		0.236848
5418		0.235691
5419		0.241157
5420		0.216755
5421		0.216671
5422		0.218592
5423		0.225378
5424		0.226709
5425		0.231937
5426		0.231925
5427		0.231636
5428		0.236856
5429		0.242932
5430		0.246829
5431		0.253642
5432		0.264961
5433		0.270525
5434		0.278588
5435		0.284603
5436		0.287419
5437		0.293206
5438		0.301728
5439		0.304556
5440		0.310992
5441		0.316709
5442		0.320988
5443		0.332971
5444		0.336127
5445		0.342411
5446		0.346528
5447		0.356833
5448		0.354988
5449		0.356802
5450		0.361755
5451		0.359236
5452		0.357689
5453		0.357172
5454		0.359147
5455		0.359884
5456		0.358356
5457		0.356902
5458		0.359502
5459		0.362299
5460		0.360131
5461		0.363071
5462		0.35939
5463		0.359788
5464		0.355042
5465		0.35407
5466		0.353306
5467		0.348056
5468		0.34838
5469		0.347149
5470		0.369498
5471		0.369144
5472		0.370062
5473		0.366578
5474		0.36826
5475		0.367546
5476		0.367758
5477		0.365938
5478		0.367816
5479		0.374911
5480		0.380436
5481		0.381944
5482		0.391462
5483		0.401231
5484		0.403897
5485		0.412643
5486		0.416223
5487		0.414263
5488		0.422859
5489		0.431219
5490		0.431597
5491		0.433862
5492		0.44103
5493		0.441508
5494		0.442654
5495		0.434097
5496		0.433588
5497		0.435243
5498		0.438264
5499		0.440424
5500		0.44054
5501		0.436713
5502		0.440305
5503		0.44262
5504		0.44495
5505		0.445174
5506		0.448194
5507		0.447789
5508		0.448183
5509		0.449904
5510		0.454495
5511		0.455837
5512		0.456786
5513		0.454163
5514		0.456659
5515		0.454915
5516		0.456208
5517		0.45566
5518		0.456416
5519		0.456397
5520		0.471123
5521		0.470502
5522		0.474838
5523		0.473349
5524		0.476242
5525		0.48265
5526		0.480367
5527		0.48277
5528		0.48934
5529		0.491547
5530		0.496902
5531		0.501319
5532		0.501813
5533		0.508434
5534		0.511115
5535		0.514769
5536		0.521057
5537		0.523364
5538		0.523414
5539		0.528839
5540		0.5326
5541		0.537485
5542		0.536057
5543		0.541308
5544		0.538978
5545		0.537593
5546		0.540012
5547		0.538202
5548		0.538152
5549		0.539194
5550		0.538715
5551		0.540012
5552		0.543572
5553		0.542944
5554		0.547122
5555		0.550471
5556		0.550563
5557		0.554549
5558		0.5586
5559		0.555899
5560		0.555494
5561		0.55576
5562		0.555768
5563		0.561481
5564		0.568762
5565		0.571709
5566		0.571451
5567		0.57434
5568		0.579452
5569		0.580085
5570		0.575081
5571		0.575775
5572		0.578619
5573		0.585849
5574		0.588264
5575		0.592226
5576		0.589838
5577		0.590683
5578		0.593376
5579		0.598426
5580		0.601767
5581		0.602049
5582		0.601586
5583		0.603719
5584		0.60647
5585		0.607955
5586		0.612392
5587		0.613476
5588		0.614344
5589		0.611933
5590		0.612064
5591		0.615972
5592		0.613962
5593		0.617874
5594		0.613835
5595		0.608943
5596		0.609904
5597		0.612438
5598		0.609491
5599		0.607373
5600		0.610536
5601		0.611779
5602		0.61495
5603		0.610756
5604		0.614429
5605		0.617114
5606		0.620189
5607		0.619572
5608		0.622986
5609		0.627446
5610		0.625671
5611		0.624221
5612		0.6275
5613		0.628808
5614		0.626462
5615		0.624468
5616		0.627685
5617		0.628627
5618		0.6286
5619		0.630517
5620		0.627604
5621		0.627924
5622		0.627573
5623		0.627747
5624		0.624622
5625		0.629533
5626		0.629842
5627		0.629726
5628		0.633692
5629		0.634433
5630		0.637404
5631		0.633746
5632		0.63782
5633		0.636231
5634		0.637654
5635		0.634626
5636		0.635968
5637		0.639799
5638		0.640968
5639		0.639055
5640		0.639066
5641		0.639776
5642		0.637153
5643		0.641022
5644		0.641265
5645		0.675008
5646		0.675405
5647		0.676906
5648		0.677284
5649		0.674842
5650		0.673688
5651		0.673742
5652		0.67387
5653		0.672697
5654		0.674028
5655		0.673989
5656		0.674637
5657		0.671759
5658		0.675467
5659		0.672577
5660		0.670151
5661		0.672052
5662		0.673287
5663		0.674421
5664		0.675212
5665		0.675181
5666		0.677211
5667		0.675895
5668		0.676617
5669		0.675467
5670		0.670382
5671		0.668229
5672		0.670475
5673		0.671169
5674		0.674444
5675		0.677153
5676		0.672789
5677		0.671026
5678		0.67387
5679		0.671281
5680		0.675448
5681		0.675679
5682		0.676007
5683		0.67407
5684		0.67652
5685		0.679398
5686		0.677064
5687		0.677932
5688		0.675725
5689		0.676721
5690		0.682315
5691		0.679263
5692		0.676524
5693		0.676138
5694		0.682049
5695		0.670328
5696		0.670768
5697		0.671624
5698		0.668808
5699		0.671424
5700		0.67206
5701		0.673349
5702		0.679915
5703		0.681088
5704		0.685833
5705		0.691177
5706		0.695235
5707		0.694313
5708		0.696127
5709		0.698017
5710		0.70076
5711		0.720266
5712		0.723843
5713		0.724676
5714		0.73059
5715		0.729221
5716		0.732905
5717		0.7361
5718		0.739661
5719		0.739514
5720		0.766462
5721		0.767025
5722		0.768781
5723		0.76767
5724		0.762133
5725		0.767755
5726		0.765266
5727		0.765378
5728		0.767978
5729		0.766208
5730		0.767523
5731		0.770135
5732		0.774055
5733		0.77485
5734		0.774313
5735		0.776474
5736		0.774846
5737		0.778484
